object={
	name="rock_salt_generator_1_0"
	clamp_to_water_level=no
	render_under_water=no
	generated_content=yes
	layer="tree_high_layer"
	pdxmesh="rock_salt_02_mesh"
	count=4
	transform="5165.177734 0.000000 2362.218994 0.000000 0.638038 0.000000 -0.770005 1.000000 1.000000 1.000000
5182.221191 0.000000 2362.867432 0.000000 0.729016 0.000000 0.684496 1.000000 1.000000 1.000000
5171.021484 0.000000 2402.082520 0.000000 0.736203 0.000000 -0.676761 1.000000 1.000000 1.000000
5169.435059 0.000000 2402.584229 0.000000 0.630881 0.000000 0.775880 1.000000 1.000000 1.000000
"}
object={
	name="rock_salt_generator_1_1"
	clamp_to_water_level=no
	render_under_water=no
	generated_content=yes
	layer="tree_high_layer"
	pdxmesh="rock_salt_03_mesh"
	count=22
	transform="5163.053223 0.000000 2366.270264 0.000000 0.400229 0.000000 -0.916415 1.000000 1.000000 1.000000
5160.561523 0.000000 2369.640137 0.000000 0.820709 0.000000 0.571346 1.000000 1.000000 1.000000
5180.085449 0.000000 2361.042236 0.000000 0.485548 0.000000 0.874210 1.000000 1.000000 1.000000
5165.988770 0.000000 2365.685059 0.000000 0.997295 0.000000 -0.073504 1.000000 1.000000 1.000000
5167.828125 0.000000 2402.323242 0.000000 0.265184 0.000000 -0.964198 1.000000 1.000000 1.000000
5151.569336 0.000000 2394.023193 0.000000 0.767838 0.000000 0.640644 1.000000 1.000000 1.000000
5172.345703 0.000000 2379.823975 0.000000 0.999689 0.000000 0.024938 1.000000 1.000000 1.000000
5172.752930 0.000000 2408.551270 0.000000 0.558820 0.000000 -0.829289 1.000000 1.000000 1.000000
5161.533203 0.000000 2388.955078 0.000000 0.531947 0.000000 0.846778 1.000000 1.000000 1.000000
5141.038086 0.000000 2393.127686 0.000000 0.941149 0.000000 -0.337992 1.000000 1.000000 1.000000
5149.209473 0.000000 2399.907227 0.000000 0.482145 0.000000 0.876091 1.000000 1.000000 1.000000
5170.727051 0.000000 2406.877441 0.000000 0.439503 0.000000 -0.898241 1.000000 1.000000 1.000000
5159.749023 0.000000 2387.135254 0.000000 0.885993 0.000000 -0.463699 1.000000 1.000000 1.000000
5150.272949 0.000000 2396.153564 0.000000 0.979807 0.000000 -0.199945 1.000000 1.000000 1.000000
5163.323242 0.000000 2396.748779 0.000000 0.922988 0.000000 -0.384830 1.000000 1.000000 1.000000
5152.352539 0.000000 2400.184814 0.000000 0.758840 0.000000 -0.651278 1.000000 1.000000 1.000000
5149.370117 0.000000 2397.972168 0.000000 0.662167 0.000000 -0.749357 1.000000 1.000000 1.000000
5154.117676 0.000000 2399.510742 0.000000 0.957729 0.000000 -0.287672 1.000000 1.000000 1.000000
5147.331543 0.000000 2392.802002 0.000000 0.812086 0.000000 -0.583538 1.000000 1.000000 1.000000
5175.115723 0.000000 2380.363770 0.000000 0.823646 0.000000 0.567105 1.000000 1.000000 1.000000
5150.187500 0.000000 2398.925049 0.000000 0.842877 0.000000 -0.538107 1.000000 1.000000 1.000000
5187.189453 0.000000 2391.972168 0.000000 0.925933 0.000000 -0.377688 1.000000 1.000000 1.000000
"}
object={
	name="rock_salt_generator_1_2"
	clamp_to_water_level=no
	render_under_water=no
	generated_content=yes
	layer="tree_high_layer"
	pdxmesh="rock_salt_04_mesh"
	count=7
	transform="5174.184570 0.000000 2382.682373 0.000000 0.881084 0.000000 -0.472959 1.000000 1.000000 1.000000
5138.183105 0.000000 2392.144531 0.000000 0.826850 0.000000 0.562423 1.000000 1.000000 1.000000
5158.791016 0.000000 2399.662109 0.000000 0.412092 0.000000 0.911142 1.000000 1.000000 1.000000
5154.115234 0.000000 2401.368408 0.000000 0.915593 0.000000 0.402106 1.000000 1.000000 1.000000
5146.667969 0.000000 2394.956299 0.000000 0.858339 0.000000 -0.513082 1.000000 1.000000 1.000000
5149.026367 0.000000 2395.288330 0.000000 0.387714 0.000000 -0.921780 1.000000 1.000000 1.000000
5186.694336 0.000000 2381.864258 0.000000 0.214255 0.000000 -0.976778 1.000000 1.000000 1.000000
"}
object={
	name="rock_salt_generator_1_3"
	clamp_to_water_level=no
	render_under_water=no
	generated_content=yes
	layer="tree_high_layer"
	pdxmesh="rock_salt_06_mesh"
	count=19
	transform="5180.059082 0.000000 2364.196289 0.000000 0.974420 0.000000 -0.224735 1.000000 1.000000 1.000000
5147.934082 0.000000 2396.622314 0.000000 0.963169 0.000000 -0.268895 1.000000 1.000000 1.000000
5161.050781 0.000000 2396.000732 0.000000 0.651495 0.000000 0.758653 1.000000 1.000000 1.000000
5161.936523 0.000000 2385.610107 0.000000 0.654151 0.000000 0.756364 1.000000 1.000000 1.000000
5154.507812 0.000000 2390.733643 0.000000 0.801223 0.000000 -0.598366 1.000000 1.000000 1.000000
5154.860840 0.000000 2397.819580 0.000000 0.950765 0.000000 0.309912 1.000000 1.000000 1.000000
5147.332520 0.000000 2391.169922 0.000000 0.744524 0.000000 -0.667596 1.000000 1.000000 1.000000
5159.298340 0.000000 2391.527832 0.000000 0.538962 0.000000 -0.842330 1.000000 1.000000 1.000000
5151.315430 0.000000 2398.335938 0.000000 0.754743 0.000000 0.656021 1.000000 1.000000 1.000000
5148.420410 0.000000 2393.829834 0.000000 0.965765 0.000000 0.259419 1.000000 1.000000 1.000000
5157.409180 0.000000 2389.441650 0.000000 0.900806 0.000000 -0.434221 1.000000 1.000000 1.000000
5156.732910 0.000000 2391.869873 0.000000 0.998963 0.000000 0.045539 1.000000 1.000000 1.000000
5153.823242 0.000000 2393.048096 0.000000 0.380440 0.000000 -0.924806 1.000000 1.000000 1.000000
5168.407227 0.000000 2403.951904 0.000000 0.649865 0.000000 0.760050 1.000000 1.000000 1.000000
5151.573242 0.000000 2395.403564 0.000000 0.999970 0.000000 -0.007749 1.000000 1.000000 1.000000
5150.467773 0.000000 2397.373535 0.000000 0.168880 0.000000 0.985637 1.000000 1.000000 1.000000
5189.258789 0.000000 2390.032227 0.000000 0.464374 0.000000 0.885639 1.000000 1.000000 1.000000
5186.052246 0.000000 2388.906738 0.000000 0.080722 0.000000 0.996737 1.000000 1.000000 1.000000
5184.161133 0.000000 2380.846436 0.000000 0.878963 0.000000 -0.476889 1.000000 1.000000 1.000000
"}
object={
	name="rock_salt_generator_1_4"
	clamp_to_water_level=no
	render_under_water=no
	generated_content=yes
	layer="tree_high_layer"
	pdxmesh="rock_salt_07_mesh"
	count=7
	transform="5183.489258 0.000000 2362.298340 0.000000 0.787025 0.000000 0.616921 1.000000 1.000000 1.000000
5168.458008 0.000000 2405.691406 0.000000 0.279512 0.000000 -0.960142 1.000000 1.000000 1.000000
5170.194824 0.000000 2404.236328 0.000000 0.999429 0.000000 0.033779 1.000000 1.000000 1.000000
5160.167969 0.000000 2397.965332 0.000000 0.627817 0.000000 0.778361 1.000000 1.000000 1.000000
5149.110352 0.000000 2392.005371 0.000000 0.959442 0.000000 -0.281906 1.000000 1.000000 1.000000
5153.073730 0.000000 2398.154297 0.000000 0.672323 0.000000 -0.740258 1.000000 1.000000 1.000000
5150.359375 0.000000 2394.774170 0.000000 0.017446 0.000000 -0.999848 1.000000 1.000000 1.000000
"}
