object={
	name="rock_desert_generator_1_0"
	clamp_to_water_level=no
	render_under_water=no
	generated_content=yes
	layer="tree_high_layer"
	pdxmesh="rock_desert_01_mesh"
	count=50
	transform="3740.106445 0.000000 2396.622559 0.000000 0.289782 0.000000 0.957093 1.000000 1.000000 1.000000
3761.252441 0.000000 2378.560059 0.000000 0.134502 0.000000 0.990913 1.000000 1.000000 1.000000
3748.753662 0.000000 2394.341797 0.000000 0.237542 0.000000 0.971377 1.000000 1.000000 1.000000
3738.341797 0.000000 2451.664307 0.000000 0.060748 0.000000 0.998153 1.000000 1.000000 1.000000
3812.745850 0.000000 2526.318359 0.000000 0.320995 0.000000 0.947081 1.000000 1.000000 1.000000
3766.356689 0.000000 2558.651367 0.000000 0.482290 0.000000 0.876012 1.000000 1.000000 1.000000
3800.136719 0.000000 2579.545898 0.000000 0.223343 0.000000 0.974740 1.000000 1.000000 1.000000
3794.347168 0.000000 2568.113525 0.000000 0.316831 0.000000 0.948482 1.000000 1.000000 1.000000
3825.087402 0.000000 2587.804932 0.000000 0.271011 0.000000 0.962576 1.000000 1.000000 1.000000
3725.341309 0.000000 2663.264404 0.000000 0.173364 0.000000 0.984858 1.000000 1.000000 1.000000
5095.562500 0.000000 2384.736084 0.000000 0.407122 0.000000 0.913374 1.000000 1.000000 1.000000
4504.626953 0.000000 2594.762207 0.000000 0.160892 0.000000 0.986972 1.000000 1.000000 1.000000
4507.035156 0.000000 2592.456543 0.000000 0.427431 0.000000 0.904048 1.000000 1.000000 1.000000
4523.131836 0.000000 2630.223633 0.000000 0.015681 0.000000 0.999877 1.000000 1.000000 1.000000
4521.761230 0.000000 2631.831543 0.000000 0.055813 0.000000 0.998441 1.000000 1.000000 1.000000
4520.085938 0.000000 2628.133545 0.000000 0.411736 0.000000 0.911303 1.000000 1.000000 1.000000
4569.696777 0.000000 2602.456299 0.000000 0.067012 0.000000 0.997752 1.000000 1.000000 1.000000
4220.203125 0.000000 2800.964355 0.000000 0.028223 0.000000 0.999602 1.000000 1.000000 1.000000
4241.091309 0.000000 2805.633545 0.000000 0.211578 0.000000 0.977361 1.000000 1.000000 1.000000
4527.972168 0.000000 2639.612061 0.000000 0.126366 0.000000 0.991984 1.000000 1.000000 1.000000
4970.470215 0.000000 2511.684814 0.000000 0.450447 0.000000 0.892803 1.000000 1.000000 1.000000
4984.044922 0.000000 2539.124023 0.000000 0.372049 0.000000 0.928213 1.000000 1.000000 1.000000
4977.640137 0.000000 2513.489258 0.000000 0.458342 0.000000 0.888776 1.000000 1.000000 1.000000
5021.463379 0.000000 2550.317139 0.000000 0.385664 0.000000 0.922639 1.000000 1.000000 1.000000
5023.241211 0.000000 2548.594238 0.000000 0.154769 0.000000 0.987951 1.000000 1.000000 1.000000
4984.229492 0.000000 2571.183350 0.000000 0.083058 0.000000 0.996545 1.000000 1.000000 1.000000
4980.409668 0.000000 2570.721924 0.000000 0.254451 0.000000 0.967086 1.000000 1.000000 1.000000
4984.612793 0.000000 2569.501709 0.000000 0.447338 0.000000 0.894365 1.000000 1.000000 1.000000
5023.209473 0.000000 2580.372803 0.000000 0.459506 0.000000 0.888174 1.000000 1.000000 1.000000
3941.412354 0.000000 2870.460693 0.000000 0.444334 0.000000 0.895861 1.000000 1.000000 1.000000
3916.304443 0.000000 2886.748291 0.000000 0.156362 0.000000 0.987700 1.000000 1.000000 1.000000
4335.567871 0.000000 2916.072266 0.000000 0.037888 0.000000 0.999282 1.000000 1.000000 1.000000
4337.187988 0.000000 2919.419189 0.000000 0.254235 0.000000 0.967143 1.000000 1.000000 1.000000
4233.574219 0.000000 2947.690430 0.000000 0.283831 0.000000 0.958874 1.000000 1.000000 1.000000
4231.209961 0.000000 2975.053467 0.000000 0.490739 0.000000 0.871306 1.000000 1.000000 1.000000
4253.557129 0.000000 2990.239014 0.000000 0.149980 0.000000 0.988689 1.000000 1.000000 1.000000
4258.617676 0.000000 2962.632324 0.000000 0.414082 0.000000 0.910240 1.000000 1.000000 1.000000
4254.703613 0.000000 2974.049316 0.000000 0.240530 0.000000 0.970642 1.000000 1.000000 1.000000
4250.469238 0.000000 2985.442627 0.000000 0.040638 0.000000 0.999174 1.000000 1.000000 1.000000
4248.658203 0.000000 2990.691895 0.000000 0.137850 0.000000 0.990453 1.000000 1.000000 1.000000
4247.993164 0.000000 2966.209961 0.000000 0.250341 0.000000 0.968158 1.000000 1.000000 1.000000
4246.047363 0.000000 2947.554443 0.000000 0.046041 0.000000 0.998940 1.000000 1.000000 1.000000
4246.954102 0.000000 2985.329346 0.000000 0.064181 0.000000 0.997938 1.000000 1.000000 1.000000
4248.691406 0.000000 2984.722412 0.000000 0.406141 0.000000 0.913811 1.000000 1.000000 1.000000
4250.473145 0.000000 2983.812012 0.000000 0.320980 0.000000 0.947086 1.000000 1.000000 1.000000
4253.010742 0.000000 2999.948486 0.000000 0.019704 0.000000 0.999806 1.000000 1.000000 1.000000
4229.376465 0.000000 3005.923096 0.000000 0.170584 0.000000 0.985343 1.000000 1.000000 1.000000
4254.570801 0.000000 2995.981934 0.000000 0.023749 0.000000 0.999718 1.000000 1.000000 1.000000
4252.182129 0.000000 2997.542969 0.000000 0.098455 0.000000 0.995142 1.000000 1.000000 1.000000
4233.242676 0.000000 3017.634521 0.000000 0.251623 0.000000 0.967825 1.000000 1.000000 1.000000
"}
object={
	name="rock_desert_generator_1_1"
	clamp_to_water_level=no
	render_under_water=no
	generated_content=yes
	layer="tree_high_layer"
	pdxmesh="rock_desert_02_mesh"
	count=44
	transform="3756.316162 0.000000 2391.160645 0.000000 0.569639 0.000000 0.821895 1.000000 1.000000 1.000000
3767.243652 0.000000 2499.520264 0.000000 0.628598 0.000000 0.777730 1.000000 1.000000 1.000000
3777.889893 0.000000 2506.729736 0.000000 0.716352 0.000000 0.697739 1.000000 1.000000 1.000000
3798.793945 0.000000 2516.266602 0.000000 0.806983 0.000000 0.590575 1.000000 1.000000 1.000000
3779.703369 0.000000 2526.752441 0.000000 0.857329 0.000000 0.514768 1.000000 1.000000 1.000000
3811.389893 0.000000 2539.864502 0.000000 0.785511 0.000000 0.618848 1.000000 1.000000 1.000000
3798.147461 0.000000 2565.337402 0.000000 0.715959 0.000000 0.698143 1.000000 1.000000 1.000000
3730.330566 0.000000 2642.533447 0.000000 0.563152 0.000000 0.826353 1.000000 1.000000 1.000000
3740.106445 0.000000 2660.575684 0.000000 0.812572 0.000000 0.582860 1.000000 1.000000 1.000000
3733.542480 0.000000 2642.542236 0.000000 0.690588 0.000000 0.723248 1.000000 1.000000 1.000000
3750.415283 0.000000 2683.626221 0.000000 0.577051 0.000000 0.816708 1.000000 1.000000 1.000000
5099.340332 0.000000 2356.609131 0.000000 0.576951 0.000000 0.816779 1.000000 1.000000 1.000000
4526.067383 0.000000 2585.646240 0.000000 0.506197 0.000000 0.862418 1.000000 1.000000 1.000000
4548.919922 0.000000 2592.049316 0.000000 0.521947 0.000000 0.852978 1.000000 1.000000 1.000000
4565.262207 0.000000 2594.628662 0.000000 0.661892 0.000000 0.749599 1.000000 1.000000 1.000000
4510.672363 0.000000 2622.111816 0.000000 0.530453 0.000000 0.847714 1.000000 1.000000 1.000000
4518.087891 0.000000 2628.747803 0.000000 0.865156 0.000000 0.501503 1.000000 1.000000 1.000000
4521.887695 0.000000 2628.855713 0.000000 0.668335 0.000000 0.743861 1.000000 1.000000 1.000000
4573.518066 0.000000 2638.301514 0.000000 0.690795 0.000000 0.723051 1.000000 1.000000 1.000000
4220.110840 0.000000 2794.615234 0.000000 0.601799 0.000000 0.798648 1.000000 1.000000 1.000000
4221.891113 0.000000 2798.378174 0.000000 0.713629 0.000000 0.700524 1.000000 1.000000 1.000000
4223.689453 0.000000 2774.192139 0.000000 0.634740 0.000000 0.772726 1.000000 1.000000 1.000000
4243.126465 0.000000 2804.716309 0.000000 0.737304 0.000000 0.675561 1.000000 1.000000 1.000000
4244.010254 0.000000 2773.199707 0.000000 0.865676 0.000000 0.500605 1.000000 1.000000 1.000000
4985.737793 0.000000 2537.362549 0.000000 0.762839 0.000000 0.646589 1.000000 1.000000 1.000000
5019.641602 0.000000 2542.547852 0.000000 0.712607 0.000000 0.701564 1.000000 1.000000 1.000000
4987.395020 0.000000 2566.974121 0.000000 0.762128 0.000000 0.647426 1.000000 1.000000 1.000000
4985.145020 0.000000 2564.175781 0.000000 0.835932 0.000000 0.548832 1.000000 1.000000 1.000000
3919.629883 0.000000 2890.338623 0.000000 0.864922 0.000000 0.501906 1.000000 1.000000 1.000000
3934.742432 0.000000 3018.041504 0.000000 0.659154 0.000000 0.752008 1.000000 1.000000 1.000000
4237.814941 0.000000 2946.920898 0.000000 0.742891 0.000000 0.669412 1.000000 1.000000 1.000000
4339.903809 0.000000 2916.431396 0.000000 0.588242 0.000000 0.808685 1.000000 1.000000 1.000000
4240.317871 0.000000 2976.435547 0.000000 0.829296 0.000000 0.558809 1.000000 1.000000 1.000000
4238.894043 0.000000 2989.215820 0.000000 0.819890 0.000000 0.572520 1.000000 1.000000 1.000000
4251.935547 0.000000 2973.911865 0.000000 0.721455 0.000000 0.692461 1.000000 1.000000 1.000000
4314.461426 0.000000 2985.442627 0.000000 0.511968 0.000000 0.859004 1.000000 1.000000 1.000000
4273.190430 0.000000 2994.450684 0.000000 0.644426 0.000000 0.764666 1.000000 1.000000 1.000000
4231.209961 0.000000 3019.045654 0.000000 0.852464 0.000000 0.522786 1.000000 1.000000 1.000000
4231.639648 0.000000 2996.306885 0.000000 0.844437 0.000000 0.535655 1.000000 1.000000 1.000000
4257.993164 0.000000 2993.588867 0.000000 0.830236 0.000000 0.557412 1.000000 1.000000 1.000000
4257.322754 0.000000 2996.251465 0.000000 0.847160 0.000000 0.531338 1.000000 1.000000 1.000000
4261.507324 0.000000 2999.894043 0.000000 0.567270 0.000000 0.823532 1.000000 1.000000 1.000000
4260.054199 0.000000 2999.464111 0.000000 0.717661 0.000000 0.696393 1.000000 1.000000 1.000000
4852.501465 0.000000 3492.783203 0.000000 0.683366 0.000000 0.730076 1.000000 1.000000 1.000000
"}
object={
	name="rock_desert_generator_1_2"
	clamp_to_water_level=no
	render_under_water=no
	generated_content=yes
	layer="tree_high_layer"
	pdxmesh="rock_desert_03_mesh"
	count=39
	transform="3762.358643 0.000000 2546.311523 0.000000 0.892540 0.000000 0.450969 1.000000 1.000000 1.000000
3817.484131 0.000000 2582.612793 0.000000 0.938194 0.000000 0.346109 1.000000 1.000000 1.000000
5099.740723 0.000000 2294.849121 0.000000 0.998694 0.000000 0.051098 1.000000 1.000000 1.000000
5101.153809 0.000000 2354.392822 0.000000 0.879527 0.000000 0.475849 1.000000 1.000000 1.000000
5099.558594 0.000000 2354.330566 0.000000 0.979343 0.000000 0.202205 1.000000 1.000000 1.000000
5097.944824 0.000000 2385.610352 0.000000 0.989805 0.000000 0.142430 1.000000 1.000000 1.000000
5117.781738 0.000000 2402.448486 0.000000 0.986653 0.000000 0.162838 1.000000 1.000000 1.000000
4522.545898 0.000000 2578.398926 0.000000 0.986446 0.000000 0.164088 1.000000 1.000000 1.000000
4523.096191 0.000000 2581.202881 0.000000 0.999805 0.000000 0.019740 1.000000 1.000000 1.000000
4579.361816 0.000000 2595.408447 0.000000 1.000000 0.000000 0.000518 1.000000 1.000000 1.000000
4504.391113 0.000000 2599.320068 0.000000 0.946384 0.000000 0.323043 1.000000 1.000000 1.000000
4497.303711 0.000000 2605.448242 0.000000 0.925145 0.000000 0.379614 1.000000 1.000000 1.000000
4511.647949 0.000000 2613.984375 0.000000 0.929204 0.000000 0.369567 1.000000 1.000000 1.000000
4525.044434 0.000000 2605.191406 0.000000 0.956011 0.000000 0.293330 1.000000 1.000000 1.000000
4245.479980 0.000000 2774.518799 0.000000 0.958065 0.000000 0.286552 1.000000 1.000000 1.000000
4573.760742 0.000000 2639.878418 0.000000 0.999176 0.000000 0.040583 1.000000 1.000000 1.000000
4982.034180 0.000000 2570.463623 0.000000 0.969886 0.000000 0.243558 1.000000 1.000000 1.000000
4983.395020 0.000000 2570.049316 0.000000 0.999415 0.000000 0.034201 1.000000 1.000000 1.000000
4985.285156 0.000000 2568.580811 0.000000 0.987117 0.000000 0.160001 1.000000 1.000000 1.000000
5120.444824 0.000000 2304.007324 0.000000 0.998759 0.000000 0.049805 1.000000 1.000000 1.000000
4235.869141 0.000000 2943.012939 0.000000 0.998310 0.000000 0.058117 1.000000 1.000000 1.000000
4265.160645 0.000000 2967.899414 0.000000 0.959670 0.000000 0.281131 1.000000 1.000000 1.000000
4254.561035 0.000000 2980.839111 0.000000 0.994084 0.000000 0.108617 1.000000 1.000000 1.000000
4271.937988 0.000000 2974.221924 0.000000 0.967051 0.000000 0.254583 1.000000 1.000000 1.000000
4236.810059 0.000000 2983.786377 0.000000 0.999223 0.000000 0.039406 1.000000 1.000000 1.000000
4243.974121 0.000000 2968.766357 0.000000 0.984798 0.000000 0.173704 1.000000 1.000000 1.000000
4246.297852 0.000000 2981.722168 0.000000 0.887330 0.000000 0.461134 1.000000 1.000000 1.000000
4273.398926 0.000000 2980.958984 0.000000 0.987504 0.000000 0.157596 1.000000 1.000000 1.000000
4246.739746 0.000000 2956.188477 0.000000 0.898781 0.000000 0.438397 1.000000 1.000000 1.000000
4239.370117 0.000000 2980.398438 0.000000 0.881255 0.000000 0.472641 1.000000 1.000000 1.000000
4240.780762 0.000000 2971.735107 0.000000 0.971524 0.000000 0.236940 1.000000 1.000000 1.000000
4247.425293 0.000000 2978.421143 0.000000 0.997492 0.000000 0.070774 1.000000 1.000000 1.000000
4251.149902 0.000000 2970.685547 0.000000 0.999911 0.000000 0.013312 1.000000 1.000000 1.000000
4226.110352 0.000000 3017.727295 0.000000 0.997446 0.000000 0.071421 1.000000 1.000000 1.000000
4250.032715 0.000000 2991.768799 0.000000 0.999330 0.000000 0.036606 1.000000 1.000000 1.000000
4245.479980 0.000000 2994.479736 0.000000 0.995558 0.000000 0.094152 1.000000 1.000000 1.000000
4261.126953 0.000000 2998.464600 0.000000 0.994664 0.000000 0.103165 1.000000 1.000000 1.000000
4690.900391 0.000000 3367.388428 0.000000 0.985389 0.000000 0.170322 1.000000 1.000000 1.000000
4863.795410 0.000000 3497.291748 0.000000 0.943755 0.000000 0.330645 1.000000 1.000000 1.000000
"}
object={
	name="rock_desert_generator_1_3"
	clamp_to_water_level=no
	render_under_water=no
	generated_content=yes
	layer="tree_high_layer"
	pdxmesh="rock_desert_04_mesh"
	count=52
	transform="3693.325684 0.000000 2398.385010 0.000000 0.998206 0.000000 -0.059877 1.000000 1.000000 1.000000
3705.893799 0.000000 2405.385986 0.000000 0.999278 0.000000 -0.038004 1.000000 1.000000 1.000000
3739.165283 0.000000 2401.162598 0.000000 0.999806 0.000000 -0.019701 1.000000 1.000000 1.000000
3741.134033 0.000000 2449.384521 0.000000 0.921394 0.000000 -0.388629 1.000000 1.000000 1.000000
3758.445312 0.000000 2500.713379 0.000000 0.970958 0.000000 -0.239250 1.000000 1.000000 1.000000
3824.622070 0.000000 2537.668213 0.000000 0.946539 0.000000 -0.322591 1.000000 1.000000 1.000000
3825.453613 0.000000 2585.029297 0.000000 0.964299 0.000000 -0.264817 1.000000 1.000000 1.000000
3811.389893 0.000000 2583.856689 0.000000 0.999968 0.000000 -0.008031 1.000000 1.000000 1.000000
3726.956543 0.000000 2681.270508 0.000000 0.869374 0.000000 -0.494154 1.000000 1.000000 1.000000
3728.148926 0.000000 2645.747559 0.000000 0.999736 0.000000 -0.022955 1.000000 1.000000 1.000000
5118.333496 0.000000 2303.326904 0.000000 0.988882 0.000000 -0.148706 1.000000 1.000000 1.000000
5101.772949 0.000000 2294.494141 0.000000 0.954182 0.000000 -0.299225 1.000000 1.000000 1.000000
5118.734863 0.000000 2305.362793 0.000000 0.890986 0.000000 -0.454030 1.000000 1.000000 1.000000
5098.475586 0.000000 2358.437988 0.000000 0.932427 0.000000 -0.361358 1.000000 1.000000 1.000000
5098.020996 0.000000 2355.170410 0.000000 0.928044 0.000000 -0.372472 1.000000 1.000000 1.000000
5095.757324 0.000000 2387.135498 0.000000 0.913677 0.000000 -0.406441 1.000000 1.000000 1.000000
4525.256348 0.000000 2582.180176 0.000000 0.971408 0.000000 -0.237415 1.000000 1.000000 1.000000
4504.226562 0.000000 2591.873047 0.000000 0.951929 0.000000 -0.306320 1.000000 1.000000 1.000000
4505.484375 0.000000 2593.249756 0.000000 0.993571 0.000000 -0.113210 1.000000 1.000000 1.000000
4564.411621 0.000000 2592.144043 0.000000 0.913363 0.000000 -0.407147 1.000000 1.000000 1.000000
4510.539551 0.000000 2600.052246 0.000000 0.986015 0.000000 -0.166655 1.000000 1.000000 1.000000
4513.901855 0.000000 2613.009277 0.000000 0.880133 0.000000 -0.474727 1.000000 1.000000 1.000000
4568.383301 0.000000 2599.320068 0.000000 0.908175 0.000000 -0.418592 1.000000 1.000000 1.000000
4566.008301 0.000000 2595.616943 0.000000 0.887869 0.000000 -0.460096 1.000000 1.000000 1.000000
4566.375488 0.000000 2601.181641 0.000000 0.994242 0.000000 -0.107158 1.000000 1.000000 1.000000
4579.594727 0.000000 2595.602783 0.000000 0.880383 0.000000 -0.474263 1.000000 1.000000 1.000000
4242.268066 0.000000 2774.510010 0.000000 0.990453 0.000000 -0.137849 1.000000 1.000000 1.000000
4241.811523 0.000000 2807.651123 0.000000 0.986682 0.000000 -0.162660 1.000000 1.000000 1.000000
4972.251465 0.000000 2512.900391 0.000000 0.959397 0.000000 -0.282061 1.000000 1.000000 1.000000
5022.929199 0.000000 2546.143799 0.000000 0.971886 0.000000 -0.235452 1.000000 1.000000 1.000000
4989.390625 0.000000 2564.808105 0.000000 0.968968 0.000000 -0.247187 1.000000 1.000000 1.000000
4980.485840 0.000000 2568.947266 0.000000 0.958201 0.000000 -0.286097 1.000000 1.000000 1.000000
4986.946777 0.000000 2564.964844 0.000000 0.870501 0.000000 -0.492166 1.000000 1.000000 1.000000
4982.601074 0.000000 2569.446045 0.000000 0.890362 0.000000 -0.455253 1.000000 1.000000 1.000000
5020.978027 0.000000 2581.361084 0.000000 0.994687 0.000000 -0.102941 1.000000 1.000000 1.000000
5023.128906 0.000000 2582.708008 0.000000 0.929350 0.000000 -0.369199 1.000000 1.000000 1.000000
4237.007812 0.000000 2944.614258 0.000000 0.998913 0.000000 -0.046611 1.000000 1.000000 1.000000
4281.489746 0.000000 2974.947754 0.000000 0.885514 0.000000 -0.464613 1.000000 1.000000 1.000000
4241.811523 0.000000 2983.619873 0.000000 0.986733 0.000000 -0.162354 1.000000 1.000000 1.000000
4242.292969 0.000000 2964.043213 0.000000 0.973134 0.000000 -0.230238 1.000000 1.000000 1.000000
4243.758789 0.000000 2973.514160 0.000000 0.982521 0.000000 -0.186153 1.000000 1.000000 1.000000
4239.033203 0.000000 2947.528320 0.000000 0.894406 0.000000 -0.447256 1.000000 1.000000 1.000000
4251.066406 0.000000 2988.386230 0.000000 0.986313 0.000000 -0.164886 1.000000 1.000000 1.000000
4248.257812 0.000000 2987.802734 0.000000 0.929515 0.000000 -0.368784 1.000000 1.000000 1.000000
4253.319336 0.000000 2971.805908 0.000000 0.996370 0.000000 -0.085129 1.000000 1.000000 1.000000
4249.999023 0.000000 2987.058350 0.000000 0.954506 0.000000 -0.298191 1.000000 1.000000 1.000000
4237.542969 0.000000 2947.617432 0.000000 0.928760 0.000000 -0.370681 1.000000 1.000000 1.000000
4292.620605 0.000000 2984.058350 0.000000 0.998686 0.000000 -0.051239 1.000000 1.000000 1.000000
4290.102539 0.000000 2973.735107 0.000000 0.963495 0.000000 -0.267728 1.000000 1.000000 1.000000
4248.422363 0.000000 2995.249756 0.000000 0.882155 0.000000 -0.470960 1.000000 1.000000 1.000000
4255.779785 0.000000 2997.180664 0.000000 0.915994 0.000000 -0.401193 1.000000 1.000000 1.000000
4688.726074 0.000000 3367.664795 0.000000 0.900840 0.000000 -0.434152 1.000000 1.000000 1.000000
"}
object={
	name="rock_desert_generator_1_4"
	clamp_to_water_level=no
	render_under_water=no
	generated_content=yes
	layer="tree_high_layer"
	pdxmesh="rock_desert_05_mesh"
	count=59
	transform="3700.563721 0.000000 2404.902344 0.000000 0.627390 0.000000 -0.778705 1.000000 1.000000 1.000000
3704.200928 0.000000 2407.147461 0.000000 0.746394 0.000000 -0.665504 1.000000 1.000000 1.000000
3747.032959 0.000000 2397.820068 0.000000 0.669906 0.000000 -0.742446 1.000000 1.000000 1.000000
3742.623535 0.000000 2452.932861 0.000000 0.731282 0.000000 -0.682076 1.000000 1.000000 1.000000
3736.144531 0.000000 2447.569336 0.000000 0.745792 0.000000 -0.666179 1.000000 1.000000 1.000000
3742.765869 0.000000 2446.143066 0.000000 0.589447 0.000000 -0.807807 1.000000 1.000000 1.000000
3746.679932 0.000000 2478.718262 0.000000 0.693533 0.000000 -0.720425 1.000000 1.000000 1.000000
3765.051025 0.000000 2531.646484 0.000000 0.712860 0.000000 -0.701307 1.000000 1.000000 1.000000
3775.927979 0.000000 2529.463623 0.000000 0.670528 0.000000 -0.741884 1.000000 1.000000 1.000000
3789.529785 0.000000 2524.487793 0.000000 0.850049 0.000000 -0.526704 1.000000 1.000000 1.000000
3823.992432 0.000000 2534.300049 0.000000 0.612270 0.000000 -0.790649 1.000000 1.000000 1.000000
3779.869629 0.000000 2508.308838 0.000000 0.574075 0.000000 -0.818803 1.000000 1.000000 1.000000
3809.342773 0.000000 2537.678467 0.000000 0.804540 0.000000 -0.593899 1.000000 1.000000 1.000000
3801.790283 0.000000 2514.471924 0.000000 0.725799 0.000000 -0.687907 1.000000 1.000000 1.000000
5097.944824 0.000000 2297.625977 0.000000 0.853600 0.000000 -0.520929 1.000000 1.000000 1.000000
5116.735352 0.000000 2305.718018 0.000000 0.816264 0.000000 -0.577679 1.000000 1.000000 1.000000
5100.235840 0.000000 2292.939453 0.000000 0.852922 0.000000 -0.522039 1.000000 1.000000 1.000000
5097.059082 0.000000 2352.008789 0.000000 0.647786 0.000000 -0.761823 1.000000 1.000000 1.000000
5096.795898 0.000000 2356.791016 0.000000 0.737010 0.000000 -0.675882 1.000000 1.000000 1.000000
4548.589355 0.000000 2588.128662 0.000000 0.670355 0.000000 -0.742041 1.000000 1.000000 1.000000
4531.383301 0.000000 2639.431152 0.000000 0.776753 0.000000 -0.629805 1.000000 1.000000 1.000000
4522.015137 0.000000 2605.571289 0.000000 0.814780 0.000000 -0.579770 1.000000 1.000000 1.000000
4523.811035 0.000000 2602.794434 0.000000 0.785587 0.000000 -0.618752 1.000000 1.000000 1.000000
4526.685547 0.000000 2638.624756 0.000000 0.618468 0.000000 -0.785810 1.000000 1.000000 1.000000
4223.873535 0.000000 2793.416748 0.000000 0.594385 0.000000 -0.804181 1.000000 1.000000 1.000000
4231.596191 0.000000 2792.451172 0.000000 0.653068 0.000000 -0.757299 1.000000 1.000000 1.000000
4224.202637 0.000000 2790.709473 0.000000 0.753138 0.000000 -0.657862 1.000000 1.000000 1.000000
4241.893555 0.000000 2802.491211 0.000000 0.624314 0.000000 -0.781173 1.000000 1.000000 1.000000
5022.467285 0.000000 2540.917236 0.000000 0.771875 0.000000 -0.635775 1.000000 1.000000 1.000000
5025.517578 0.000000 2549.472900 0.000000 0.666517 0.000000 -0.745490 1.000000 1.000000 1.000000
4985.811035 0.000000 2567.599609 0.000000 0.808168 0.000000 -0.588953 1.000000 1.000000 1.000000
4984.433594 0.000000 2567.831299 0.000000 0.770602 0.000000 -0.637316 1.000000 1.000000 1.000000
5022.467285 0.000000 2584.909424 0.000000 0.638460 0.000000 -0.769655 1.000000 1.000000 1.000000
5021.706055 0.000000 2551.894043 0.000000 0.639022 0.000000 -0.769189 1.000000 1.000000 1.000000
5022.609863 0.000000 2578.119629 0.000000 0.842451 0.000000 -0.538774 1.000000 1.000000 1.000000
3920.356445 0.000000 2888.451172 0.000000 0.501380 0.000000 -0.865227 1.000000 1.000000 1.000000
3945.045410 0.000000 2888.253662 0.000000 0.743577 0.000000 -0.668650 1.000000 1.000000 1.000000
3934.600098 0.000000 3024.831299 0.000000 0.823137 0.000000 -0.567842 1.000000 1.000000 1.000000
3933.110596 0.000000 3021.282959 0.000000 0.763530 0.000000 -0.645773 1.000000 1.000000 1.000000
4244.450684 0.000000 2944.081543 0.000000 0.568685 0.000000 -0.822555 1.000000 1.000000 1.000000
4238.894043 0.000000 2945.223633 0.000000 0.635296 0.000000 -0.772269 1.000000 1.000000 1.000000
4232.950684 0.000000 2944.577148 0.000000 0.862439 0.000000 -0.506160 1.000000 1.000000 1.000000
4267.163086 0.000000 2982.161133 0.000000 0.538536 0.000000 -0.842602 1.000000 1.000000 1.000000
4252.043945 0.000000 2968.520996 0.000000 0.501928 0.000000 -0.864909 1.000000 1.000000 1.000000
4260.312012 0.000000 2985.990479 0.000000 0.573133 0.000000 -0.819462 1.000000 1.000000 1.000000
4248.082031 0.000000 2975.475586 0.000000 0.861866 0.000000 -0.507136 1.000000 1.000000 1.000000
4248.087402 0.000000 2970.803223 0.000000 0.649894 0.000000 -0.760025 1.000000 1.000000 1.000000
4255.022949 0.000000 2986.065674 0.000000 0.734520 0.000000 -0.678587 1.000000 1.000000 1.000000
4251.103027 0.000000 2973.061035 0.000000 0.533470 0.000000 -0.845819 1.000000 1.000000 1.000000
4245.479980 0.000000 2950.487549 0.000000 0.792681 0.000000 -0.609636 1.000000 1.000000 1.000000
4248.978027 0.000000 2982.929443 0.000000 0.505474 0.000000 -0.862842 1.000000 1.000000 1.000000
4249.426270 0.000000 2977.839600 0.000000 0.803597 0.000000 -0.595174 1.000000 1.000000 1.000000
4251.661621 0.000000 2984.662354 0.000000 0.710131 0.000000 -0.704069 1.000000 1.000000 1.000000
4308.442871 0.000000 2988.073730 0.000000 0.802763 0.000000 -0.596298 1.000000 1.000000 1.000000
4226.812012 0.000000 2997.755127 0.000000 0.791588 0.000000 -0.611055 1.000000 1.000000 1.000000
4259.611328 0.000000 2997.994873 0.000000 0.694318 0.000000 -0.719668 1.000000 1.000000 1.000000
4278.716797 0.000000 2993.046143 0.000000 0.776745 0.000000 -0.629815 1.000000 1.000000 1.000000
4246.047363 0.000000 2991.546631 0.000000 0.645822 0.000000 -0.763488 1.000000 1.000000 1.000000
4691.919434 0.000000 3364.696045 0.000000 0.608724 0.000000 -0.793382 1.000000 1.000000 1.000000
"}
object={
	name="rock_desert_generator_1_5"
	clamp_to_water_level=no
	render_under_water=no
	generated_content=yes
	layer="tree_high_layer"
	pdxmesh="rock_desert_06_mesh"
	count=51
	transform="3705.560059 0.000000 2403.049316 0.000000 0.327205 0.000000 -0.944953 1.000000 1.000000 1.000000
3703.456787 0.000000 2404.712402 0.000000 0.349170 0.000000 -0.937060 1.000000 1.000000 1.000000
3743.487305 0.000000 2398.336182 0.000000 0.288208 0.000000 -0.957568 1.000000 1.000000 1.000000
3731.188965 0.000000 2408.786621 0.000000 0.094680 0.000000 -0.995508 1.000000 1.000000 1.000000
3738.714111 0.000000 2448.261230 0.000000 0.354740 0.000000 -0.934965 1.000000 1.000000 1.000000
3755.225342 0.000000 2498.247070 0.000000 0.300185 0.000000 -0.953881 1.000000 1.000000 1.000000
3805.126221 0.000000 2581.361084 0.000000 0.462614 0.000000 -0.886560 1.000000 1.000000 1.000000
3730.330566 0.000000 2686.525635 0.000000 0.295684 0.000000 -0.955286 1.000000 1.000000 1.000000
3727.095703 0.000000 2683.575195 0.000000 0.081657 0.000000 -0.996660 1.000000 1.000000 1.000000
5102.101562 0.000000 2292.416260 0.000000 0.002896 0.000000 -0.999996 1.000000 1.000000 1.000000
5103.836426 0.000000 2358.331299 0.000000 0.390257 0.000000 -0.920706 1.000000 1.000000 1.000000
5101.235840 0.000000 2357.205078 0.000000 0.191741 0.000000 -0.981446 1.000000 1.000000 1.000000
5116.093750 0.000000 2405.034668 0.000000 0.080862 0.000000 -0.996725 1.000000 1.000000 1.000000
4510.672363 0.000000 2578.119629 0.000000 0.256539 0.000000 -0.966534 1.000000 1.000000 1.000000
4498.236816 0.000000 2598.541260 0.000000 0.054275 0.000000 -0.998526 1.000000 1.000000 1.000000
4535.150391 0.000000 2631.496826 0.000000 0.257001 0.000000 -0.966411 1.000000 1.000000 1.000000
4513.291504 0.000000 2600.321777 0.000000 0.065604 0.000000 -0.997846 1.000000 1.000000 1.000000
4520.433105 0.000000 2630.169189 0.000000 0.247637 0.000000 -0.968853 1.000000 1.000000 1.000000
4529.705566 0.000000 2638.834473 0.000000 0.460989 0.000000 -0.887406 1.000000 1.000000 1.000000
4227.648926 0.000000 2790.705566 0.000000 0.076568 0.000000 -0.997064 1.000000 1.000000 1.000000
4233.443848 0.000000 2795.752686 0.000000 0.238817 0.000000 -0.971064 1.000000 1.000000 1.000000
4233.681641 0.000000 2793.429932 0.000000 0.075072 0.000000 -0.997178 1.000000 1.000000 1.000000
4985.403809 0.000000 2535.025879 0.000000 0.326370 0.000000 -0.945242 1.000000 1.000000 1.000000
4974.117188 0.000000 2512.377197 0.000000 0.156682 0.000000 -0.987649 1.000000 1.000000 1.000000
4975.584473 0.000000 2513.666992 0.000000 0.007905 0.000000 -0.999969 1.000000 1.000000 1.000000
4991.539062 0.000000 2532.390137 0.000000 0.176904 0.000000 -0.984228 1.000000 1.000000 1.000000
4984.575195 0.000000 2566.309326 0.000000 0.331281 0.000000 -0.943532 1.000000 1.000000 1.000000
4983.184082 0.000000 2568.629395 0.000000 0.226960 0.000000 -0.973904 1.000000 1.000000 1.000000
4982.967773 0.000000 2571.020264 0.000000 0.042794 0.000000 -0.999084 1.000000 1.000000 1.000000
3946.615967 0.000000 2886.344238 0.000000 0.229319 0.000000 -0.973351 1.000000 1.000000 1.000000
3917.796875 0.000000 2889.428711 0.000000 0.476198 0.000000 -0.879338 1.000000 1.000000 1.000000
4235.791992 0.000000 2946.240723 0.000000 0.016990 0.000000 -0.999856 1.000000 1.000000 1.000000
4244.450684 0.000000 2988.073730 0.000000 0.417948 0.000000 -0.908471 1.000000 1.000000 1.000000
4242.268066 0.000000 2950.478760 0.000000 0.447144 0.000000 -0.894462 1.000000 1.000000 1.000000
4261.192871 0.000000 2975.504150 0.000000 0.227072 0.000000 -0.973878 1.000000 1.000000 1.000000
4258.970703 0.000000 2969.718506 0.000000 0.209184 0.000000 -0.977876 1.000000 1.000000 1.000000
4248.422363 0.000000 2951.257568 0.000000 0.487345 0.000000 -0.873210 1.000000 1.000000 1.000000
4251.442383 0.000000 2963.068604 0.000000 0.442364 0.000000 -0.896836 1.000000 1.000000 1.000000
4257.611328 0.000000 2989.394775 0.000000 0.047739 0.000000 -0.998860 1.000000 1.000000 1.000000
4251.735352 0.000000 2982.469727 0.000000 0.125724 0.000000 -0.992065 1.000000 1.000000 1.000000
4248.802246 0.000000 2973.384033 0.000000 0.445559 0.000000 -0.895252 1.000000 1.000000 1.000000
4287.599121 0.000000 2978.189209 0.000000 0.021722 0.000000 -0.999764 1.000000 1.000000 1.000000
4242.268066 0.000000 2994.470947 0.000000 0.191977 0.000000 -0.981399 1.000000 1.000000 1.000000
4233.574219 0.000000 2991.682617 0.000000 0.002823 0.000000 -0.999996 1.000000 1.000000 1.000000
4253.799805 0.000000 2991.815918 0.000000 0.385320 0.000000 -0.922783 1.000000 1.000000 1.000000
4231.596191 0.000000 3012.412109 0.000000 0.351866 0.000000 -0.936050 1.000000 1.000000 1.000000
4263.558594 0.000000 2998.357666 0.000000 0.007570 0.000000 -0.999971 1.000000 1.000000 1.000000
4244.290527 0.000000 3028.683594 0.000000 0.344996 0.000000 -0.938604 1.000000 1.000000 1.000000
4233.811523 0.000000 3019.482422 0.000000 0.333609 0.000000 -0.942711 1.000000 1.000000 1.000000
4261.714844 0.000000 2997.167725 0.000000 0.063229 0.000000 -0.997999 1.000000 1.000000 1.000000
4691.704102 0.000000 3369.443848 0.000000 0.178973 0.000000 -0.983854 1.000000 1.000000 1.000000
"}
