object={
	name="rock_lava_generator_1_0"
	render_pass=Map
	clamp_to_water_level=no
	generated_content=yes
	layer="tree_high_layer"
	pdxmesh="hardened_lava_rock_01_mesh"
	count=75
	transform="5052.073730 0.000000 1494.720825 0.000000 0.200350 0.000000 0.979724 1.000000 1.000000 1.000000
5057.615723 0.000000 1491.342529 0.000000 0.050735 0.000000 0.998712 1.000000 1.000000 1.000000
5082.367676 0.000000 1533.700195 0.000000 0.569954 0.000000 0.821677 1.000000 1.000000 1.000000
5095.404297 0.000000 1537.880493 0.000000 0.202383 0.000000 0.979306 1.000000 1.000000 1.000000
5089.891602 0.000000 1497.854370 0.000000 0.139994 0.000000 0.990152 1.000000 1.000000 1.000000
5067.382812 0.000000 1513.685547 0.000000 0.182078 0.000000 0.983284 1.000000 1.000000 1.000000
5097.944824 0.000000 1549.758545 0.000000 0.134574 0.000000 0.990903 1.000000 1.000000 1.000000
5115.273926 0.000000 1548.147217 0.000000 0.098438 0.000000 0.995143 1.000000 1.000000 1.000000
5079.985840 0.000000 1563.053101 0.000000 0.104982 0.000000 0.994474 1.000000 1.000000 1.000000
5099.331543 0.000000 1560.897217 0.000000 0.144467 0.000000 0.989510 1.000000 1.000000 1.000000
5162.467773 0.000000 1522.586304 0.000000 0.574051 0.000000 0.818819 1.000000 1.000000 1.000000
5140.407715 0.000000 1526.036377 0.000000 0.580949 0.000000 0.813940 1.000000 1.000000 1.000000
5176.852051 0.000000 1532.424072 0.000000 0.578054 0.000000 0.815999 1.000000 1.000000 1.000000
5132.700684 0.000000 1576.036377 0.000000 0.461065 0.000000 0.887366 1.000000 1.000000 1.000000
5143.978027 0.000000 1563.053101 0.000000 0.166442 0.000000 0.986051 1.000000 1.000000 1.000000
5134.266113 0.000000 1552.620728 0.000000 0.316773 0.000000 0.948501 1.000000 1.000000 1.000000
5135.720703 0.000000 1554.976074 0.000000 0.542755 0.000000 0.839891 1.000000 1.000000 1.000000
5128.347656 0.000000 1579.181763 0.000000 0.330241 0.000000 0.943897 1.000000 1.000000 1.000000
5129.945801 0.000000 1579.373047 0.000000 0.517060 0.000000 0.855949 1.000000 1.000000 1.000000
4329.152832 0.000000 3715.766602 0.000000 0.547256 0.000000 0.836965 1.000000 1.000000 1.000000
4342.508789 0.000000 3722.079590 0.000000 0.306639 0.000000 0.951826 1.000000 1.000000 1.000000
4283.058105 0.000000 3759.649902 0.000000 0.243257 0.000000 0.969962 1.000000 1.000000 1.000000
4297.999512 0.000000 3752.711670 0.000000 0.255887 0.000000 0.966707 1.000000 1.000000 1.000000
4344.922363 0.000000 3778.011719 0.000000 0.131942 0.000000 0.991257 1.000000 1.000000 1.000000
4296.041992 0.000000 3754.346680 0.000000 0.122658 0.000000 0.992449 1.000000 1.000000 1.000000
4276.493652 0.000000 3812.652344 0.000000 0.542413 0.000000 0.840112 1.000000 1.000000 1.000000
4269.287598 0.000000 3813.961426 0.000000 0.186874 0.000000 0.982384 1.000000 1.000000 1.000000
4272.567871 0.000000 3813.441650 0.000000 0.421625 0.000000 0.906770 1.000000 1.000000 1.000000
4273.032715 0.000000 3819.586182 0.000000 0.262545 0.000000 0.964920 1.000000 1.000000 1.000000
4273.736816 0.000000 3826.623535 0.000000 0.004627 0.000000 0.999989 1.000000 1.000000 1.000000
4271.046875 0.000000 3824.635986 0.000000 0.406444 0.000000 0.913676 1.000000 1.000000 1.000000
4292.620605 0.000000 3819.909912 0.000000 0.097655 0.000000 0.995220 1.000000 1.000000 1.000000
4304.310059 0.000000 3812.287109 0.000000 0.154534 0.000000 0.987987 1.000000 1.000000 1.000000
4335.930176 0.000000 3810.073486 0.000000 0.293457 0.000000 0.955972 1.000000 1.000000 1.000000
4322.228027 0.000000 3818.375732 0.000000 0.581442 0.000000 0.813588 1.000000 1.000000 1.000000
4344.550781 0.000000 3787.804688 0.000000 0.077346 0.000000 0.997004 1.000000 1.000000 1.000000
4292.179688 0.000000 3826.047119 0.000000 0.513523 0.000000 0.858076 1.000000 1.000000 1.000000
4268.900391 0.000000 3827.384521 0.000000 0.564866 0.000000 0.825183 1.000000 1.000000 1.000000
4270.203125 0.000000 3832.142822 0.000000 0.251995 0.000000 0.967728 1.000000 1.000000 1.000000
4268.021973 0.000000 3829.563232 0.000000 0.276723 0.000000 0.960950 1.000000 1.000000 1.000000
4295.631836 0.000000 3832.158447 0.000000 0.450583 0.000000 0.892734 1.000000 1.000000 1.000000
4348.829102 0.000000 3845.444580 0.000000 0.317235 0.000000 0.948347 1.000000 1.000000 1.000000
4297.312012 0.000000 3837.801758 0.000000 0.033571 0.000000 0.999436 1.000000 1.000000 1.000000
4320.577148 0.000000 3840.864746 0.000000 0.563801 0.000000 0.825911 1.000000 1.000000 1.000000
4376.066406 0.000000 3723.342773 0.000000 0.181362 0.000000 0.983416 1.000000 1.000000 1.000000
4360.838867 0.000000 3731.113525 0.000000 0.242493 0.000000 0.970153 1.000000 1.000000 1.000000
4383.409668 0.000000 3718.101807 0.000000 0.467370 0.000000 0.884062 1.000000 1.000000 1.000000
4363.853516 0.000000 3734.872314 0.000000 0.315802 0.000000 0.948825 1.000000 1.000000 1.000000
4358.604492 0.000000 3738.212402 0.000000 0.246192 0.000000 0.969221 1.000000 1.000000 1.000000
4373.413086 0.000000 3723.395508 0.000000 0.579390 0.000000 0.815051 1.000000 1.000000 1.000000
4395.147461 0.000000 3774.020508 0.000000 0.294211 0.000000 0.955741 1.000000 1.000000 1.000000
4409.474121 0.000000 3766.807129 0.000000 0.129719 0.000000 0.991551 1.000000 1.000000 1.000000
4406.278809 0.000000 3746.440430 0.000000 0.113864 0.000000 0.993496 1.000000 1.000000 1.000000
4396.238281 0.000000 3754.918457 0.000000 0.423754 0.000000 0.905777 1.000000 1.000000 1.000000
4404.973145 0.000000 3763.427734 0.000000 0.143293 0.000000 0.989680 1.000000 1.000000 1.000000
4368.070801 0.000000 3745.552246 0.000000 0.172711 0.000000 0.984973 1.000000 1.000000 1.000000
4403.934082 0.000000 3775.388916 0.000000 0.170124 0.000000 0.985423 1.000000 1.000000 1.000000
4406.478027 0.000000 3782.125732 0.000000 0.517743 0.000000 0.855536 1.000000 1.000000 1.000000
4385.726562 0.000000 3777.041992 0.000000 0.333003 0.000000 0.942926 1.000000 1.000000 1.000000
4353.304199 0.000000 3768.553467 0.000000 0.145080 0.000000 0.989420 1.000000 1.000000 1.000000
4398.647949 0.000000 3758.946533 0.000000 0.072899 0.000000 0.997339 1.000000 1.000000 1.000000
4425.268066 0.000000 3756.497559 0.000000 0.266508 0.000000 0.963833 1.000000 1.000000 1.000000
4403.895996 0.000000 3796.275146 0.000000 0.351951 0.000000 0.936018 1.000000 1.000000 1.000000
4415.205078 0.000000 3824.541748 0.000000 0.430223 0.000000 0.902723 1.000000 1.000000 1.000000
4353.819824 0.000000 3826.495361 0.000000 0.577751 0.000000 0.816213 1.000000 1.000000 1.000000
4404.478027 0.000000 3812.652344 0.000000 0.401112 0.000000 0.916029 1.000000 1.000000 1.000000
4404.083496 0.000000 3822.745605 0.000000 0.276652 0.000000 0.960970 1.000000 1.000000 1.000000
4440.058594 0.000000 3811.327148 0.000000 0.549897 0.000000 0.835232 1.000000 1.000000 1.000000
4442.628418 0.000000 3812.019043 0.000000 0.106949 0.000000 0.994264 1.000000 1.000000 1.000000
4432.088867 0.000000 3801.327148 0.000000 0.075564 0.000000 0.997141 1.000000 1.000000 1.000000
4352.263184 0.000000 3832.588867 0.000000 0.401777 0.000000 0.915737 1.000000 1.000000 1.000000
4427.414551 0.000000 3835.841309 0.000000 0.191524 0.000000 0.981488 1.000000 1.000000 1.000000
4545.796387 0.000000 3826.495361 0.000000 0.129069 0.000000 0.991636 1.000000 1.000000 1.000000
4546.571777 0.000000 3824.700195 0.000000 0.148961 0.000000 0.988843 1.000000 1.000000 1.000000
4542.187500 0.000000 3829.989502 0.000000 0.185513 0.000000 0.982642 1.000000 1.000000 1.000000
"}
object={
	name="rock_lava_generator_1_1"
	render_pass=Map
	clamp_to_water_level=no
	generated_content=yes
	layer="tree_high_layer"
	pdxmesh="hardened_lava_rock_02_mesh"
	count=101
	transform="5049.395996 0.000000 1523.205322 0.000000 0.881251 0.000000 0.472649 1.000000 1.000000 1.000000
5083.942383 0.000000 1516.778809 0.000000 0.838056 0.000000 0.545584 1.000000 1.000000 1.000000
5060.526855 0.000000 1532.316040 0.000000 0.750198 0.000000 0.661213 1.000000 1.000000 1.000000
5105.088867 0.000000 1498.716064 0.000000 0.916732 0.000000 0.399502 1.000000 1.000000 1.000000
5070.792480 0.000000 1537.473633 0.000000 0.871052 0.000000 0.491192 1.000000 1.000000 1.000000
5115.736816 0.000000 1533.285522 0.000000 0.699339 0.000000 0.714790 1.000000 1.000000 1.000000
5076.415527 0.000000 1526.036377 0.000000 0.818541 0.000000 0.574448 1.000000 1.000000 1.000000
5085.300293 0.000000 1508.109619 0.000000 0.872254 0.000000 0.489052 1.000000 1.000000 1.000000
5104.466309 0.000000 1525.847656 0.000000 0.910224 0.000000 0.414116 1.000000 1.000000 1.000000
5083.633789 0.000000 1530.727417 0.000000 0.786266 0.000000 0.617888 1.000000 1.000000 1.000000
5099.331543 0.000000 1516.905029 0.000000 0.867111 0.000000 0.498115 1.000000 1.000000 1.000000
5093.484375 0.000000 1539.057129 0.000000 0.648081 0.000000 0.761571 1.000000 1.000000 1.000000
5107.810059 0.000000 1552.673584 0.000000 0.888740 0.000000 0.458412 1.000000 1.000000 1.000000
5109.901855 0.000000 1579.700806 0.000000 0.772668 0.000000 0.634811 1.000000 1.000000 1.000000
5083.001465 0.000000 1565.311035 0.000000 0.949511 0.000000 0.313735 1.000000 1.000000 1.000000
5089.221191 0.000000 1544.509277 0.000000 0.723152 0.000000 0.690689 1.000000 1.000000 1.000000
5137.225586 0.000000 1505.643311 0.000000 0.940572 0.000000 0.339593 1.000000 1.000000 1.000000
5123.261719 0.000000 1525.729248 0.000000 0.714035 0.000000 0.700110 1.000000 1.000000 1.000000
5144.303223 0.000000 1511.246216 0.000000 0.789512 0.000000 0.613735 1.000000 1.000000 1.000000
5122.702637 0.000000 1546.012817 0.000000 0.614464 0.000000 0.788945 1.000000 1.000000 1.000000
5139.864746 0.000000 1561.016357 0.000000 0.898131 0.000000 0.439728 1.000000 1.000000 1.000000
5131.759766 0.000000 1579.255005 0.000000 0.891202 0.000000 0.453607 1.000000 1.000000 1.000000
5121.607910 0.000000 1579.326904 0.000000 0.913658 0.000000 0.406483 1.000000 1.000000 1.000000
5124.230469 0.000000 1543.434204 0.000000 0.884687 0.000000 0.466186 1.000000 1.000000 1.000000
5142.978027 0.000000 1551.138306 0.000000 0.651723 0.000000 0.758457 1.000000 1.000000 1.000000
5138.339355 0.000000 1558.854248 0.000000 0.841191 0.000000 0.540739 1.000000 1.000000 1.000000
5120.062012 0.000000 1581.197632 0.000000 0.940102 0.000000 0.340893 1.000000 1.000000 1.000000
4335.930176 0.000000 3722.089111 0.000000 0.594076 0.000000 0.804409 1.000000 1.000000 1.000000
4322.609863 0.000000 3710.499512 0.000000 0.800419 0.000000 0.599441 1.000000 1.000000 1.000000
4337.391113 0.000000 3728.826172 0.000000 0.699106 0.000000 0.715018 1.000000 1.000000 1.000000
4340.485840 0.000000 3724.667969 0.000000 0.898059 0.000000 0.439876 1.000000 1.000000 1.000000
4317.063965 0.000000 3725.157959 0.000000 0.772380 0.000000 0.635161 1.000000 1.000000 1.000000
4339.941895 0.000000 3731.396729 0.000000 0.808746 0.000000 0.588158 1.000000 1.000000 1.000000
4326.701172 0.000000 3735.061279 0.000000 0.702023 0.000000 0.712155 1.000000 1.000000 1.000000
4330.210449 0.000000 3710.671387 0.000000 0.600120 0.000000 0.799910 1.000000 1.000000 1.000000
4331.433105 0.000000 3709.187744 0.000000 0.807836 0.000000 0.589407 1.000000 1.000000 1.000000
4280.661133 0.000000 3754.098389 0.000000 0.604274 0.000000 0.796777 1.000000 1.000000 1.000000
4281.896973 0.000000 3755.388672 0.000000 0.929919 0.000000 0.367764 1.000000 1.000000 1.000000
4325.602539 0.000000 3742.905762 0.000000 0.944050 0.000000 0.329803 1.000000 1.000000 1.000000
4351.131348 0.000000 3773.279785 0.000000 0.872943 0.000000 0.487822 1.000000 1.000000 1.000000
4290.740723 0.000000 3761.836426 0.000000 0.700812 0.000000 0.713346 1.000000 1.000000 1.000000
4296.460938 0.000000 3769.520508 0.000000 0.842175 0.000000 0.539204 1.000000 1.000000 1.000000
4274.296387 0.000000 3822.084961 0.000000 0.877018 0.000000 0.480457 1.000000 1.000000 1.000000
4272.761230 0.000000 3825.116699 0.000000 0.683908 0.000000 0.729569 1.000000 1.000000 1.000000
4337.391113 0.000000 3816.810547 0.000000 0.936244 0.000000 0.351349 1.000000 1.000000 1.000000
4317.063965 0.000000 3813.142334 0.000000 0.819444 0.000000 0.573159 1.000000 1.000000 1.000000
4337.187988 0.000000 3799.262939 0.000000 0.947223 0.000000 0.320574 1.000000 1.000000 1.000000
4333.329590 0.000000 3808.947266 0.000000 0.744679 0.000000 0.667423 1.000000 1.000000 1.000000
4316.566895 0.000000 3815.349609 0.000000 0.700918 0.000000 0.713242 1.000000 1.000000 1.000000
4324.322754 0.000000 3817.857178 0.000000 0.864485 0.000000 0.502659 1.000000 1.000000 1.000000
4330.409668 0.000000 3811.726318 0.000000 0.740139 0.000000 0.672454 1.000000 1.000000 1.000000
4316.096191 0.000000 3812.138916 0.000000 0.812080 0.000000 0.583547 1.000000 1.000000 1.000000
4273.190430 0.000000 3830.302246 0.000000 0.758013 0.000000 0.652240 1.000000 1.000000 1.000000
4266.556152 0.000000 3831.450439 0.000000 0.848544 0.000000 0.529125 1.000000 1.000000 1.000000
4272.003418 0.000000 3827.401123 0.000000 0.798272 0.000000 0.602297 1.000000 1.000000 1.000000
4293.368652 0.000000 3841.774658 0.000000 0.919919 0.000000 0.392109 1.000000 1.000000 1.000000
4344.653320 0.000000 3842.082764 0.000000 0.922177 0.000000 0.386768 1.000000 1.000000 1.000000
4297.999512 0.000000 3840.696045 0.000000 0.939724 0.000000 0.341935 1.000000 1.000000 1.000000
4302.367676 0.000000 3840.214600 0.000000 0.753630 0.000000 0.657299 1.000000 1.000000 1.000000
4337.187988 0.000000 3843.255127 0.000000 0.915292 0.000000 0.402791 1.000000 1.000000 1.000000
4302.268555 0.000000 3837.209473 0.000000 0.804308 0.000000 0.594213 1.000000 1.000000 1.000000
4347.473145 0.000000 3842.747559 0.000000 0.715122 0.000000 0.699000 1.000000 1.000000 1.000000
4299.476562 0.000000 3845.271484 0.000000 0.868743 0.000000 0.495264 1.000000 1.000000 1.000000
4304.462891 0.000000 3839.539795 0.000000 0.894082 0.000000 0.447903 1.000000 1.000000 1.000000
4303.679199 0.000000 3835.627930 0.000000 0.702360 0.000000 0.711822 1.000000 1.000000 1.000000
4293.454102 0.000000 3832.506836 0.000000 0.638493 0.000000 0.769628 1.000000 1.000000 1.000000
4295.668945 0.000000 3827.441406 0.000000 0.901233 0.000000 0.433335 1.000000 1.000000 1.000000
4295.023926 0.000000 3835.426270 0.000000 0.839711 0.000000 0.543033 1.000000 1.000000 1.000000
4293.617676 0.000000 3835.994141 0.000000 0.903043 0.000000 0.429551 1.000000 1.000000 1.000000
4374.282227 0.000000 3729.589355 0.000000 0.900819 0.000000 0.434195 1.000000 1.000000 1.000000
4386.955078 0.000000 3717.585693 0.000000 0.856865 0.000000 0.515541 1.000000 1.000000 1.000000
4378.263672 0.000000 3727.437744 0.000000 0.851361 0.000000 0.524581 1.000000 1.000000 1.000000
4374.425781 0.000000 3721.071533 0.000000 0.601612 0.000000 0.798789 1.000000 1.000000 1.000000
4385.864746 0.000000 3715.225830 0.000000 0.760571 0.000000 0.649254 1.000000 1.000000 1.000000
4403.398926 0.000000 3783.228027 0.000000 0.870250 0.000000 0.492611 1.000000 1.000000 1.000000
4361.558594 0.000000 3739.549805 0.000000 0.857374 0.000000 0.514693 1.000000 1.000000 1.000000
4401.383301 0.000000 3772.818359 0.000000 0.895712 0.000000 0.444635 1.000000 1.000000 1.000000
4361.991699 0.000000 3752.711670 0.000000 0.693538 0.000000 0.720420 1.000000 1.000000 1.000000
4394.106934 0.000000 3762.920410 0.000000 0.800198 0.000000 0.599736 1.000000 1.000000 1.000000
4358.286133 0.000000 3756.772949 0.000000 0.721353 0.000000 0.692568 1.000000 1.000000 1.000000
4391.659668 0.000000 3766.140625 0.000000 0.771325 0.000000 0.636441 1.000000 1.000000 1.000000
4351.563965 0.000000 3772.798096 0.000000 0.878356 0.000000 0.478007 1.000000 1.000000 1.000000
4406.031738 0.000000 3770.279297 0.000000 0.730476 0.000000 0.682938 1.000000 1.000000 1.000000
4405.055176 0.000000 3765.115479 0.000000 0.707354 0.000000 0.706859 1.000000 1.000000 1.000000
4360.503418 0.000000 3740.836182 0.000000 0.934854 0.000000 0.355032 1.000000 1.000000 1.000000
4398.563965 0.000000 3762.325439 0.000000 0.763860 0.000000 0.645382 1.000000 1.000000 1.000000
4398.042969 0.000000 3761.185059 0.000000 0.925335 0.000000 0.379150 1.000000 1.000000 1.000000
4401.383301 0.000000 3816.810547 0.000000 0.883049 0.000000 0.469281 1.000000 1.000000 1.000000
4399.440918 0.000000 3791.791504 0.000000 0.903106 0.000000 0.429418 1.000000 1.000000 1.000000
4401.710449 0.000000 3789.262695 0.000000 0.794301 0.000000 0.607524 1.000000 1.000000 1.000000
4397.060059 0.000000 3792.980469 0.000000 0.732313 0.000000 0.680968 1.000000 1.000000 1.000000
4399.654785 0.000000 3789.440430 0.000000 0.909554 0.000000 0.415587 1.000000 1.000000 1.000000
4435.964355 0.000000 3798.224365 0.000000 0.751155 0.000000 0.660126 1.000000 1.000000 1.000000
4431.214355 0.000000 3805.967041 0.000000 0.869601 0.000000 0.493754 1.000000 1.000000 1.000000
4434.244629 0.000000 3830.322510 0.000000 0.619658 0.000000 0.784872 1.000000 1.000000 1.000000
4429.117188 0.000000 3831.005859 0.000000 0.801736 0.000000 0.597678 1.000000 1.000000 1.000000
4491.480957 0.000000 3808.498535 0.000000 0.708919 0.000000 0.705290 1.000000 1.000000 1.000000
4495.206543 0.000000 3805.967041 0.000000 0.883457 0.000000 0.468512 1.000000 1.000000 1.000000
4543.580078 0.000000 3820.411865 0.000000 0.684488 0.000000 0.729024 1.000000 1.000000 1.000000
4536.527344 0.000000 3831.796875 0.000000 0.932698 0.000000 0.360658 1.000000 1.000000 1.000000
4540.559082 0.000000 3833.243896 0.000000 0.760385 0.000000 0.649473 1.000000 1.000000 1.000000
"}
object={
	name="rock_lava_generator_1_2"
	render_pass=Map
	clamp_to_water_level=no
	generated_content=yes
	layer="tree_high_layer"
	pdxmesh="hardened_lava_rock_03_mesh"
	count=103
	transform="5096.569824 0.000000 1489.796509 0.000000 0.998027 0.000000 -0.062789 1.000000 1.000000 1.000000
5039.362793 0.000000 1504.197632 0.000000 0.990775 0.000000 0.135518 1.000000 1.000000 1.000000
5039.481934 0.000000 1508.322144 0.000000 0.976594 0.000000 0.215092 1.000000 1.000000 1.000000
5113.388184 0.000000 1523.205322 0.000000 0.985599 0.000000 0.169100 1.000000 1.000000 1.000000
5097.059082 0.000000 1516.157104 0.000000 0.954483 0.000000 -0.298265 1.000000 1.000000 1.000000
5097.944824 0.000000 1505.766357 0.000000 0.956640 0.000000 -0.291272 1.000000 1.000000 1.000000
5092.210449 0.000000 1534.248169 0.000000 0.999245 0.000000 -0.038860 1.000000 1.000000 1.000000
5113.092285 0.000000 1537.743408 0.000000 0.995667 0.000000 0.092991 1.000000 1.000000 1.000000
5111.948730 0.000000 1506.550537 0.000000 0.999843 0.000000 0.017700 1.000000 1.000000 1.000000
5060.857422 0.000000 1536.236694 0.000000 0.999530 0.000000 -0.030643 1.000000 1.000000 1.000000
5105.624512 0.000000 1501.668823 0.000000 0.988850 0.000000 0.148916 1.000000 1.000000 1.000000
5115.049805 0.000000 1507.208984 0.000000 0.957119 0.000000 -0.289694 1.000000 1.000000 1.000000
5080.876465 0.000000 1531.187256 0.000000 0.999463 0.000000 0.032758 1.000000 1.000000 1.000000
5115.704590 0.000000 1543.144531 0.000000 0.982202 0.000000 -0.187830 1.000000 1.000000 1.000000
5113.092285 0.000000 1581.735596 0.000000 0.998159 0.000000 -0.060646 1.000000 1.000000 1.000000
5103.354980 0.000000 1548.189819 0.000000 0.971288 0.000000 0.237905 1.000000 1.000000 1.000000
5110.615234 0.000000 1541.303955 0.000000 0.987640 0.000000 -0.156742 1.000000 1.000000 1.000000
5106.194824 0.000000 1578.483276 0.000000 0.999970 0.000000 -0.007718 1.000000 1.000000 1.000000
5102.542480 0.000000 1556.710938 0.000000 0.980143 0.000000 0.198291 1.000000 1.000000 1.000000
5078.634277 0.000000 1560.775391 0.000000 0.966852 0.000000 0.255336 1.000000 1.000000 1.000000
5107.875000 0.000000 1546.549683 0.000000 0.963681 0.000000 -0.267057 1.000000 1.000000 1.000000
5102.562012 0.000000 1559.337036 0.000000 0.973488 0.000000 0.228737 1.000000 1.000000 1.000000
5139.864746 0.000000 1517.024170 0.000000 0.984352 0.000000 -0.176214 1.000000 1.000000 1.000000
5131.328613 0.000000 1548.247437 0.000000 0.981892 0.000000 -0.189443 1.000000 1.000000 1.000000
5128.841309 0.000000 1580.819336 0.000000 0.999749 0.000000 -0.022393 1.000000 1.000000 1.000000
5137.702148 0.000000 1575.869629 0.000000 0.952359 0.000000 0.304978 1.000000 1.000000 1.000000
5145.609375 0.000000 1551.302124 0.000000 0.999868 0.000000 -0.016221 1.000000 1.000000 1.000000
5149.292480 0.000000 1552.101807 0.000000 0.985003 0.000000 0.172536 1.000000 1.000000 1.000000
5138.372070 0.000000 1552.806274 0.000000 0.999003 0.000000 -0.044634 1.000000 1.000000 1.000000
5125.585449 0.000000 1546.759521 0.000000 0.997772 0.000000 0.066714 1.000000 1.000000 1.000000
5133.383789 0.000000 1546.596313 0.000000 0.999793 0.000000 -0.020351 1.000000 1.000000 1.000000
5129.450684 0.000000 1577.884399 0.000000 0.985478 0.000000 0.169806 1.000000 1.000000 1.000000
5130.147461 0.000000 1546.832764 0.000000 0.990471 0.000000 0.137720 1.000000 1.000000 1.000000
4324.304199 0.000000 3733.857666 0.000000 0.999355 0.000000 -0.035909 1.000000 1.000000 1.000000
4322.962891 0.000000 3717.585693 0.000000 0.957722 0.000000 -0.287695 1.000000 1.000000 1.000000
4334.375000 0.000000 3732.494629 0.000000 0.974878 0.000000 -0.222741 1.000000 1.000000 1.000000
4336.560059 0.000000 3725.457275 0.000000 0.999737 0.000000 0.022952 1.000000 1.000000 1.000000
4329.927734 0.000000 3712.915039 0.000000 0.992306 0.000000 -0.123807 1.000000 1.000000 1.000000
4280.315430 0.000000 3758.972412 0.000000 0.988657 0.000000 -0.150190 1.000000 1.000000 1.000000
4283.539062 0.000000 3764.994385 0.000000 0.993512 0.000000 -0.113727 1.000000 1.000000 1.000000
4345.186035 0.000000 3781.344971 0.000000 0.959241 0.000000 -0.282589 1.000000 1.000000 1.000000
4290.102539 0.000000 3765.594482 0.000000 0.998050 0.000000 0.062424 1.000000 1.000000 1.000000
4292.479492 0.000000 3766.943604 0.000000 0.952011 0.000000 -0.306065 1.000000 1.000000 1.000000
4293.075684 0.000000 3760.663086 0.000000 0.998097 0.000000 0.061662 1.000000 1.000000 1.000000
4297.803711 0.000000 3767.349609 0.000000 0.992571 0.000000 0.121667 1.000000 1.000000 1.000000
4325.499512 0.000000 3747.761230 0.000000 0.968974 0.000000 -0.247163 1.000000 1.000000 1.000000
4272.677246 0.000000 3821.322510 0.000000 0.999992 0.000000 0.003998 1.000000 1.000000 1.000000
4330.569336 0.000000 3810.180176 0.000000 0.996193 0.000000 0.087172 1.000000 1.000000 1.000000
4325.934570 0.000000 3819.470215 0.000000 0.985635 0.000000 0.168888 1.000000 1.000000 1.000000
4294.612305 0.000000 3826.196777 0.000000 0.966633 0.000000 -0.256163 1.000000 1.000000 1.000000
4334.636230 0.000000 3800.312500 0.000000 0.999545 0.000000 -0.030168 1.000000 1.000000 1.000000
4319.295410 0.000000 3812.154053 0.000000 0.981284 0.000000 0.192565 1.000000 1.000000 1.000000
4265.160645 0.000000 3847.743164 0.000000 0.978418 0.000000 0.206636 1.000000 1.000000 1.000000
4265.935547 0.000000 3844.891602 0.000000 0.985480 0.000000 0.169792 1.000000 1.000000 1.000000
4271.670410 0.000000 3833.432617 0.000000 0.985146 0.000000 0.171717 1.000000 1.000000 1.000000
4295.202148 0.000000 3854.897217 0.000000 0.961951 0.000000 0.273223 1.000000 1.000000 1.000000
4305.327148 0.000000 3837.229492 0.000000 0.964569 0.000000 0.263831 1.000000 1.000000 1.000000
4325.365723 0.000000 3838.288818 0.000000 0.994020 0.000000 0.109200 1.000000 1.000000 1.000000
4294.668457 0.000000 3837.196777 0.000000 0.997052 0.000000 -0.076734 1.000000 1.000000 1.000000
4320.835449 0.000000 3838.162354 0.000000 0.984108 0.000000 -0.177572 1.000000 1.000000 1.000000
4340.563965 0.000000 3844.720703 0.000000 0.984289 0.000000 0.176563 1.000000 1.000000 1.000000
4299.447266 0.000000 3847.737061 0.000000 0.957460 0.000000 -0.288565 1.000000 1.000000 1.000000
4294.845215 0.000000 3829.110352 0.000000 0.996988 0.000000 0.077560 1.000000 1.000000 1.000000
4380.028320 0.000000 3716.388184 0.000000 0.996054 0.000000 0.088745 1.000000 1.000000 1.000000
4366.878418 0.000000 3737.083008 0.000000 0.977277 0.000000 -0.211964 1.000000 1.000000 1.000000
4381.056152 0.000000 3725.157959 0.000000 0.999402 0.000000 0.034579 1.000000 1.000000 1.000000
4376.962402 0.000000 3730.796631 0.000000 0.997175 0.000000 -0.075113 1.000000 1.000000 1.000000
4370.252441 0.000000 3742.338135 0.000000 0.976730 0.000000 0.214473 1.000000 1.000000 1.000000
4381.541504 0.000000 3782.098389 0.000000 0.954856 0.000000 -0.297068 1.000000 1.000000 1.000000
4408.299805 0.000000 3758.972412 0.000000 0.978880 0.000000 0.204437 1.000000 1.000000 1.000000
4388.296387 0.000000 3777.849854 0.000000 0.984375 0.000000 0.176085 1.000000 1.000000 1.000000
4400.528320 0.000000 3758.806885 0.000000 0.986147 0.000000 -0.165873 1.000000 1.000000 1.000000
4397.162109 0.000000 3780.431885 0.000000 0.995621 0.000000 0.093477 1.000000 1.000000 1.000000
4369.319336 0.000000 3749.245117 0.000000 0.992633 0.000000 0.121161 1.000000 1.000000 1.000000
4404.478027 0.000000 3768.660156 0.000000 0.985331 0.000000 -0.170654 1.000000 1.000000 1.000000
4397.239746 0.000000 3762.142822 0.000000 0.994899 0.000000 -0.100875 1.000000 1.000000 1.000000
4408.115234 0.000000 3770.905273 0.000000 0.972721 0.000000 -0.231980 1.000000 1.000000 1.000000
4406.500977 0.000000 3766.071777 0.000000 0.981489 0.000000 0.191521 1.000000 1.000000 1.000000
4394.330078 0.000000 3779.949951 0.000000 0.999895 0.000000 0.014520 1.000000 1.000000 1.000000
4399.166016 0.000000 3760.796387 0.000000 0.969794 0.000000 -0.243926 1.000000 1.000000 1.000000
4409.808105 0.000000 3769.143799 0.000000 0.982266 0.000000 -0.187490 1.000000 1.000000 1.000000
4398.640137 0.000000 3753.986328 0.000000 0.986313 0.000000 0.164882 1.000000 1.000000 1.000000
4384.572754 0.000000 3778.972412 0.000000 0.999976 0.000000 -0.006925 1.000000 1.000000 1.000000
4406.683594 0.000000 3771.961182 0.000000 0.991858 0.000000 -0.127352 1.000000 1.000000 1.000000
4400.713379 0.000000 3763.377686 0.000000 0.995323 0.000000 0.096605 1.000000 1.000000 1.000000
4423.572754 0.000000 3760.279297 0.000000 0.994254 0.000000 0.107045 1.000000 1.000000 1.000000
4402.280762 0.000000 3822.084961 0.000000 0.976243 0.000000 0.216680 1.000000 1.000000 1.000000
4405.430664 0.000000 3783.401611 0.000000 0.988319 0.000000 -0.152397 1.000000 1.000000 1.000000
4438.274414 0.000000 3817.573730 0.000000 0.957709 0.000000 -0.287739 1.000000 1.000000 1.000000
4432.757324 0.000000 3807.586670 0.000000 0.955927 0.000000 -0.293606 1.000000 1.000000 1.000000
4352.366699 0.000000 3835.566162 0.000000 0.995467 0.000000 0.095107 1.000000 1.000000 1.000000
4354.102051 0.000000 3830.136230 0.000000 0.999394 0.000000 -0.034816 1.000000 1.000000 1.000000
4437.456543 0.000000 3830.331299 0.000000 0.999779 0.000000 0.021025 1.000000 1.000000 1.000000
4428.288086 0.000000 3828.265137 0.000000 0.986625 0.000000 -0.163006 1.000000 1.000000 1.000000
4487.178711 0.000000 3810.905029 0.000000 0.994610 0.000000 -0.103684 1.000000 1.000000 1.000000
4493.247559 0.000000 3807.061279 0.000000 0.973717 0.000000 0.227763 1.000000 1.000000 1.000000
4489.412598 0.000000 3807.572998 0.000000 0.986355 0.000000 0.164633 1.000000 1.000000 1.000000
4492.234375 0.000000 3810.584229 0.000000 0.954257 0.000000 -0.298988 1.000000 1.000000 1.000000
4493.727051 0.000000 3813.264648 0.000000 0.997705 0.000000 0.067705 1.000000 1.000000 1.000000
4489.211426 0.000000 3809.493896 0.000000 0.998238 0.000000 0.059334 1.000000 1.000000 1.000000
4551.023438 0.000000 3821.572754 0.000000 0.981869 0.000000 0.189562 1.000000 1.000000 1.000000
4547.775879 0.000000 3828.074463 0.000000 0.963121 0.000000 0.269069 1.000000 1.000000 1.000000
4543.650391 0.000000 3830.004639 0.000000 0.997588 0.000000 0.069409 1.000000 1.000000 1.000000
"}
object={
	name="rock_lava_generator_1_3"
	render_pass=Map
	clamp_to_water_level=no
	generated_content=yes
	layer="tree_high_layer"
	pdxmesh="hardened_lava_rock_04_mesh"
	count=104
	transform="5107.312988 0.000000 1495.634155 0.000000 0.852802 0.000000 -0.522234 1.000000 1.000000 1.000000
5069.373535 0.000000 1512.667480 0.000000 0.676574 0.000000 -0.736375 1.000000 1.000000 1.000000
5117.375000 0.000000 1508.995605 0.000000 0.926507 0.000000 -0.376277 1.000000 1.000000 1.000000
5101.076172 0.000000 1536.830078 0.000000 0.787282 0.000000 -0.616593 1.000000 1.000000 1.000000
5088.741699 0.000000 1506.576172 0.000000 0.899452 0.000000 -0.437019 1.000000 1.000000 1.000000
5092.502441 0.000000 1537.171021 0.000000 0.855551 0.000000 -0.517718 1.000000 1.000000 1.000000
5088.483398 0.000000 1509.278687 0.000000 0.663820 0.000000 -0.747893 1.000000 1.000000 1.000000
5066.300781 0.000000 1511.110596 0.000000 0.895905 0.000000 -0.444245 1.000000 1.000000 1.000000
5094.251465 0.000000 1539.829102 0.000000 0.885428 0.000000 -0.464776 1.000000 1.000000 1.000000
5097.059082 0.000000 1560.149292 0.000000 0.922769 0.000000 -0.385352 1.000000 1.000000 1.000000
5105.088867 0.000000 1542.708252 0.000000 0.791936 0.000000 -0.610605 1.000000 1.000000 1.000000
5100.152344 0.000000 1555.308960 0.000000 0.946192 0.000000 -0.323605 1.000000 1.000000 1.000000
5101.186035 0.000000 1570.359863 0.000000 0.939147 0.000000 -0.343514 1.000000 1.000000 1.000000
5101.153809 0.000000 1562.533325 0.000000 0.867456 0.000000 -0.497513 1.000000 1.000000 1.000000
5112.457031 0.000000 1544.203003 0.000000 0.657386 0.000000 -0.753554 1.000000 1.000000 1.000000
5116.488770 0.000000 1545.649902 0.000000 0.599863 0.000000 -0.800102 1.000000 1.000000 1.000000
5140.341309 0.000000 1536.331543 0.000000 0.654699 0.000000 -0.755890 1.000000 1.000000 1.000000
5122.702637 0.000000 1502.020630 0.000000 0.872514 0.000000 -0.488589 1.000000 1.000000 1.000000
5124.519043 0.000000 1532.316040 0.000000 0.763734 0.000000 -0.645531 1.000000 1.000000 1.000000
5125.248047 0.000000 1534.495361 0.000000 0.624794 0.000000 -0.780790 1.000000 1.000000 1.000000
5133.365723 0.000000 1556.659668 0.000000 0.641186 0.000000 -0.767385 1.000000 1.000000 1.000000
5129.464844 0.000000 1539.940308 0.000000 0.729961 0.000000 -0.683488 1.000000 1.000000 1.000000
5126.743652 0.000000 1541.516357 0.000000 0.648778 0.000000 -0.760978 1.000000 1.000000 1.000000
5126.510742 0.000000 1582.595215 0.000000 0.798033 0.000000 -0.602614 1.000000 1.000000 1.000000
5129.464844 0.000000 1583.932495 0.000000 0.895505 0.000000 -0.445051 1.000000 1.000000 1.000000
4316.036133 0.000000 3716.388184 0.000000 0.619817 0.000000 -0.784747 1.000000 1.000000 1.000000
4318.553223 0.000000 3728.706299 0.000000 0.836008 0.000000 -0.548718 1.000000 1.000000 1.000000
4327.400391 0.000000 3711.293701 0.000000 0.888992 0.000000 -0.457923 1.000000 1.000000 1.000000
4340.854980 0.000000 3728.317139 0.000000 0.772499 0.000000 -0.635015 1.000000 1.000000 1.000000
4343.378906 0.000000 3724.478027 0.000000 0.859902 0.000000 -0.510459 1.000000 1.000000 1.000000
4282.255371 0.000000 3757.108154 0.000000 0.757348 0.000000 -0.653012 1.000000 1.000000 1.000000
4287.865723 0.000000 3761.244873 0.000000 0.623944 0.000000 -0.781469 1.000000 1.000000 1.000000
4326.345215 0.000000 3739.438721 0.000000 0.619915 0.000000 -0.784669 1.000000 1.000000 1.000000
4323.603516 0.000000 3745.862061 0.000000 0.673093 0.000000 -0.739557 1.000000 1.000000 1.000000
4348.161133 0.000000 3771.946533 0.000000 0.787183 0.000000 -0.616720 1.000000 1.000000 1.000000
4275.414551 0.000000 3827.220215 0.000000 0.680830 0.000000 -0.732441 1.000000 1.000000 1.000000
4271.937988 0.000000 3810.073486 0.000000 0.697662 0.000000 -0.716427 1.000000 1.000000 1.000000
4273.398926 0.000000 3816.810547 0.000000 0.800671 0.000000 -0.599104 1.000000 1.000000 1.000000
4270.382812 0.000000 3820.479004 0.000000 0.922068 0.000000 -0.387028 1.000000 1.000000 1.000000
4275.754883 0.000000 3824.629883 0.000000 0.936568 0.000000 -0.350485 1.000000 1.000000 1.000000
4347.798340 0.000000 3786.746094 0.000000 0.601689 0.000000 -0.798731 1.000000 1.000000 1.000000
4295.202148 0.000000 3810.905029 0.000000 0.695910 0.000000 -0.718129 1.000000 1.000000 1.000000
4333.247559 0.000000 3806.135010 0.000000 0.614050 0.000000 -0.789267 1.000000 1.000000 1.000000
4289.890137 0.000000 3817.144775 0.000000 0.940996 0.000000 -0.338419 1.000000 1.000000 1.000000
4335.358887 0.000000 3807.536621 0.000000 0.723867 0.000000 -0.689939 1.000000 1.000000 1.000000
4291.166992 0.000000 3818.581055 0.000000 0.935835 0.000000 -0.352439 1.000000 1.000000 1.000000
4332.208008 0.000000 3809.974121 0.000000 0.742034 0.000000 -0.670363 1.000000 1.000000 1.000000
4268.337402 0.000000 3832.666016 0.000000 0.823317 0.000000 -0.567582 1.000000 1.000000 1.000000
4326.345215 0.000000 3827.423096 0.000000 0.946765 0.000000 -0.321926 1.000000 1.000000 1.000000
4290.804199 0.000000 3833.606689 0.000000 0.878098 0.000000 -0.478480 1.000000 1.000000 1.000000
4301.467285 0.000000 3844.253418 0.000000 0.832328 0.000000 -0.554284 1.000000 1.000000 1.000000
4301.270996 0.000000 3851.053467 0.000000 0.865023 0.000000 -0.501732 1.000000 1.000000 1.000000
4297.283691 0.000000 3844.481934 0.000000 0.924759 0.000000 -0.380552 1.000000 1.000000 1.000000
4290.162109 0.000000 3840.649170 0.000000 0.659719 0.000000 -0.751513 1.000000 1.000000 1.000000
4293.687012 0.000000 3834.353516 0.000000 0.890500 0.000000 -0.454984 1.000000 1.000000 1.000000
4299.907715 0.000000 3838.638184 0.000000 0.795986 0.000000 -0.605316 1.000000 1.000000 1.000000
4297.803711 0.000000 3855.333984 0.000000 0.822956 0.000000 -0.568106 1.000000 1.000000 1.000000
4368.302246 0.000000 3724.302734 0.000000 0.626298 0.000000 -0.779584 1.000000 1.000000 1.000000
4360.935059 0.000000 3736.436523 0.000000 0.688930 0.000000 -0.724828 1.000000 1.000000 1.000000
4403.895996 0.000000 3752.282959 0.000000 0.603260 0.000000 -0.797545 1.000000 1.000000 1.000000
4404.556152 0.000000 3756.736328 0.000000 0.751955 0.000000 -0.659214 1.000000 1.000000 1.000000
4392.655762 0.000000 3777.390381 0.000000 0.814159 0.000000 -0.580642 1.000000 1.000000 1.000000
4371.727051 0.000000 3745.881104 0.000000 0.891602 0.000000 -0.452819 1.000000 1.000000 1.000000
4401.475586 0.000000 3762.317627 0.000000 0.901021 0.000000 -0.433775 1.000000 1.000000 1.000000
4403.037598 0.000000 3748.260254 0.000000 0.861763 0.000000 -0.507311 1.000000 1.000000 1.000000
4358.837402 0.000000 3741.125977 0.000000 0.662551 0.000000 -0.749017 1.000000 1.000000 1.000000
4396.522949 0.000000 3751.667480 0.000000 0.754734 0.000000 -0.656031 1.000000 1.000000 1.000000
4403.115723 0.000000 3765.840576 0.000000 0.738881 0.000000 -0.673836 1.000000 1.000000 1.000000
4366.260742 0.000000 3749.225098 0.000000 0.727787 0.000000 -0.685804 1.000000 1.000000 1.000000
4351.678223 0.000000 3767.106934 0.000000 0.841802 0.000000 -0.539787 1.000000 1.000000 1.000000
4397.321777 0.000000 3764.955078 0.000000 0.724269 0.000000 -0.689518 1.000000 1.000000 1.000000
4395.642578 0.000000 3777.218994 0.000000 0.662190 0.000000 -0.749336 1.000000 1.000000 1.000000
4361.757324 0.000000 3742.213379 0.000000 0.781184 0.000000 -0.624300 1.000000 1.000000 1.000000
4360.034180 0.000000 3754.346680 0.000000 0.891959 0.000000 -0.452117 1.000000 1.000000 1.000000
4395.426270 0.000000 3764.359131 0.000000 0.759733 0.000000 -0.650235 1.000000 1.000000 1.000000
4395.888672 0.000000 3779.031006 0.000000 0.904252 0.000000 -0.426999 1.000000 1.000000 1.000000
4400.718750 0.000000 3760.447021 0.000000 0.701902 0.000000 -0.712273 1.000000 1.000000 1.000000
4399.912109 0.000000 3762.108154 0.000000 0.925496 0.000000 -0.378758 1.000000 1.000000 1.000000
4351.736328 0.000000 3768.589355 0.000000 0.719500 0.000000 -0.694492 1.000000 1.000000 1.000000
4399.693359 0.000000 3759.706055 0.000000 0.879276 0.000000 -0.476313 1.000000 1.000000 1.000000
4394.030762 0.000000 3793.360352 0.000000 0.674205 0.000000 -0.738545 1.000000 1.000000 1.000000
4409.178223 0.000000 3825.337158 0.000000 0.813681 0.000000 -0.581312 1.000000 1.000000 1.000000
4406.701172 0.000000 3784.905518 0.000000 0.748204 0.000000 -0.663469 1.000000 1.000000 1.000000
4404.556152 0.000000 3800.728516 0.000000 0.632726 0.000000 -0.774376 1.000000 1.000000 1.000000
4398.187500 0.000000 3788.150635 0.000000 0.871840 0.000000 -0.489791 1.000000 1.000000 1.000000
4406.500977 0.000000 3810.063965 0.000000 0.633761 0.000000 -0.773529 1.000000 1.000000 1.000000
4406.478027 0.000000 3826.117920 0.000000 0.763811 0.000000 -0.645440 1.000000 1.000000 1.000000
4402.821289 0.000000 3814.627686 0.000000 0.767752 0.000000 -0.640747 1.000000 1.000000 1.000000
4404.437012 0.000000 3785.322998 0.000000 0.771617 0.000000 -0.636088 1.000000 1.000000 1.000000
4354.796387 0.000000 3833.606689 0.000000 0.706647 0.000000 -0.707566 1.000000 1.000000 1.000000
4393.145020 0.000000 3847.743164 0.000000 0.854650 0.000000 -0.519205 1.000000 1.000000 1.000000
4355.799316 0.000000 3828.074463 0.000000 0.827662 0.000000 -0.561227 1.000000 1.000000 1.000000
4365.125000 0.000000 3831.005859 0.000000 0.590335 0.000000 -0.807158 1.000000 1.000000 1.000000
4372.501465 0.000000 3857.622314 0.000000 0.596689 0.000000 -0.802473 1.000000 1.000000 1.000000
4426.659180 0.000000 3832.808105 0.000000 0.900509 0.000000 -0.434838 1.000000 1.000000 1.000000
4492.778809 0.000000 3819.637939 0.000000 0.842404 0.000000 -0.538847 1.000000 1.000000 1.000000
4489.780273 0.000000 3811.341797 0.000000 0.666868 0.000000 -0.745176 1.000000 1.000000 1.000000
4493.202637 0.000000 3804.894287 0.000000 0.840912 0.000000 -0.541172 1.000000 1.000000 1.000000
4491.380859 0.000000 3806.360107 0.000000 0.638736 0.000000 -0.769426 1.000000 1.000000 1.000000
4548.589355 0.000000 3819.909912 0.000000 0.817111 0.000000 -0.576481 1.000000 1.000000 1.000000
4548.919922 0.000000 3823.830566 0.000000 0.890141 0.000000 -0.455685 1.000000 1.000000 1.000000
4534.685547 0.000000 3828.897705 0.000000 0.938496 0.000000 -0.345291 1.000000 1.000000 1.000000
4537.553223 0.000000 3829.656494 0.000000 0.819715 0.000000 -0.572772 1.000000 1.000000 1.000000
4534.454102 0.000000 3830.958740 0.000000 0.621350 0.000000 -0.783533 1.000000 1.000000 1.000000
"}
object={
	name="rock_lava_generator_1_4"
	render_pass=Map
	clamp_to_water_level=no
	generated_content=yes
	layer="tree_high_layer"
	pdxmesh="hardened_lava_rock_05_mesh"
	count=128
	transform="5115.704590 0.000000 1499.152344 0.000000 0.327327 0.000000 -0.944911 1.000000 1.000000 1.000000
5110.192871 0.000000 1502.838745 0.000000 0.194363 0.000000 -0.980930 1.000000 1.000000 1.000000
5073.709961 0.000000 1531.877441 0.000000 0.477366 0.000000 -0.878704 1.000000 1.000000 1.000000
5065.905762 0.000000 1509.109985 0.000000 0.268973 0.000000 -0.963148 1.000000 1.000000 1.000000
5070.273926 0.000000 1508.628540 0.000000 0.029393 0.000000 -0.999568 1.000000 1.000000 1.000000
5107.345703 0.000000 1495.839966 0.000000 0.211404 0.000000 -0.977399 1.000000 1.000000 1.000000
5070.476074 0.000000 1534.402100 0.000000 0.516385 0.000000 -0.856356 1.000000 1.000000 1.000000
5081.345703 0.000000 1516.740479 0.000000 0.490736 0.000000 -0.871308 1.000000 1.000000 1.000000
5103.836426 0.000000 1566.471802 0.000000 0.532497 0.000000 -0.846432 1.000000 1.000000 1.000000
5104.442383 0.000000 1559.197266 0.000000 0.017072 0.000000 -0.999854 1.000000 1.000000 1.000000
5098.475586 0.000000 1566.578491 0.000000 0.523868 0.000000 -0.851799 1.000000 1.000000 1.000000
5079.891602 0.000000 1558.459839 0.000000 0.056068 0.000000 -0.998427 1.000000 1.000000 1.000000
5105.094238 0.000000 1555.661255 0.000000 0.123809 0.000000 -0.992306 1.000000 1.000000 1.000000
5103.080078 0.000000 1561.186890 0.000000 0.301030 0.000000 -0.953615 1.000000 1.000000 1.000000
5107.312012 0.000000 1555.094482 0.000000 0.343737 0.000000 -0.939066 1.000000 1.000000 1.000000
5105.207031 0.000000 1557.556641 0.000000 0.025942 0.000000 -0.999663 1.000000 1.000000 1.000000
5124.519043 0.000000 1488.323853 0.000000 0.253717 0.000000 -0.967279 1.000000 1.000000 1.000000
5138.158691 0.000000 1498.736450 0.000000 0.352319 0.000000 -0.935880 1.000000 1.000000 1.000000
5147.333008 0.000000 1511.326294 0.000000 0.559081 0.000000 -0.829113 1.000000 1.000000 1.000000
5122.000977 0.000000 1521.992798 0.000000 0.541857 0.000000 -0.840470 1.000000 1.000000 1.000000
5150.913574 0.000000 1534.323364 0.000000 0.094915 0.000000 -0.995485 1.000000 1.000000 1.000000
5153.501953 0.000000 1537.652466 0.000000 0.271194 0.000000 -0.962525 1.000000 1.000000 1.000000
5124.519043 0.000000 1576.308228 0.000000 0.091917 0.000000 -0.995767 1.000000 1.000000 1.000000
5137.225586 0.000000 1549.635498 0.000000 0.230821 0.000000 -0.972996 1.000000 1.000000 1.000000
5127.530273 0.000000 1544.564575 0.000000 0.341914 0.000000 -0.939731 1.000000 1.000000 1.000000
5153.883789 0.000000 1541.846558 0.000000 0.522174 0.000000 -0.852839 1.000000 1.000000 1.000000
5141.937988 0.000000 1539.804321 0.000000 0.280147 0.000000 -0.959957 1.000000 1.000000 1.000000
5135.260742 0.000000 1572.648315 0.000000 0.160025 0.000000 -0.987113 1.000000 1.000000 1.000000
5124.849609 0.000000 1580.228882 0.000000 0.574591 0.000000 -0.818441 1.000000 1.000000 1.000000
5142.305176 0.000000 1545.369141 0.000000 0.261456 0.000000 -0.965215 1.000000 1.000000 1.000000
5152.205566 0.000000 1539.816162 0.000000 0.586903 0.000000 -0.809658 1.000000 1.000000 1.000000
4345.481934 0.000000 3722.814941 0.000000 0.158962 0.000000 -0.987285 1.000000 1.000000 1.000000
4333.169922 0.000000 3736.439697 0.000000 0.538148 0.000000 -0.842850 1.000000 1.000000 1.000000
4332.246094 0.000000 3710.926270 0.000000 0.213987 0.000000 -0.976837 1.000000 1.000000 1.000000
4327.498047 0.000000 3737.489990 0.000000 0.131367 0.000000 -0.991334 1.000000 1.000000 1.000000
4325.365723 0.000000 3706.312256 0.000000 0.464947 0.000000 -0.885338 1.000000 1.000000 1.000000
4321.280762 0.000000 3725.467529 0.000000 0.500590 0.000000 -0.865684 1.000000 1.000000 1.000000
4322.217285 0.000000 3721.134277 0.000000 0.395629 0.000000 -0.918410 1.000000 1.000000 1.000000
4329.635254 0.000000 3708.720947 0.000000 0.225057 0.000000 -0.974346 1.000000 1.000000 1.000000
4324.596191 0.000000 3736.780518 0.000000 0.154986 0.000000 -0.987917 1.000000 1.000000 1.000000
4325.511230 0.000000 3709.207520 0.000000 0.247152 0.000000 -0.968977 1.000000 1.000000 1.000000
4337.024902 0.000000 3731.601807 0.000000 0.282847 0.000000 -0.959165 1.000000 1.000000 1.000000
4338.829102 0.000000 3726.643311 0.000000 0.404536 0.000000 -0.914522 1.000000 1.000000 1.000000
4324.834961 0.000000 3711.635742 0.000000 0.080716 0.000000 -0.996737 1.000000 1.000000 1.000000
4339.192383 0.000000 3729.605957 0.000000 0.524324 0.000000 -0.851519 1.000000 1.000000 1.000000
4281.489746 0.000000 3766.807129 0.000000 0.576146 0.000000 -0.817347 1.000000 1.000000 1.000000
4284.103027 0.000000 3762.443359 0.000000 0.404778 0.000000 -0.914415 1.000000 1.000000 1.000000
4284.836914 0.000000 3757.460205 0.000000 0.219878 0.000000 -0.975527 1.000000 1.000000 1.000000
4292.620605 0.000000 3775.917725 0.000000 0.248995 0.000000 -0.968505 1.000000 1.000000 1.000000
4295.202148 0.000000 3766.912842 0.000000 0.269489 0.000000 -0.963003 1.000000 1.000000 1.000000
4295.588379 0.000000 3760.279297 0.000000 0.404478 0.000000 -0.914548 1.000000 1.000000 1.000000
4299.218262 0.000000 3770.344238 0.000000 0.132106 0.000000 -0.991236 1.000000 1.000000 1.000000
4294.595215 0.000000 3771.642090 0.000000 0.401139 0.000000 -0.916017 1.000000 1.000000 1.000000
4293.383789 0.000000 3763.469238 0.000000 0.514305 0.000000 -0.857607 1.000000 1.000000 1.000000
4297.283691 0.000000 3756.497559 0.000000 0.397960 0.000000 -0.917403 1.000000 1.000000 1.000000
4348.187500 0.000000 3768.792480 0.000000 0.209789 0.000000 -0.977747 1.000000 1.000000 1.000000
4294.293945 0.000000 3756.772949 0.000000 0.387352 0.000000 -0.921932 1.000000 1.000000 1.000000
4287.625000 0.000000 3764.171387 0.000000 0.283519 0.000000 -0.958967 1.000000 1.000000 1.000000
4293.905762 0.000000 3769.248047 0.000000 0.442790 0.000000 -0.896625 1.000000 1.000000 1.000000
4350.323242 0.000000 3770.617676 0.000000 0.137501 0.000000 -0.990502 1.000000 1.000000 1.000000
4325.707031 0.000000 3745.034912 0.000000 0.078286 0.000000 -0.996931 1.000000 1.000000 1.000000
4350.226074 0.000000 3768.632568 0.000000 0.272487 0.000000 -0.962159 1.000000 1.000000 1.000000
4269.177734 0.000000 3824.424072 0.000000 0.289955 0.000000 -0.957040 1.000000 1.000000 1.000000
4275.949707 0.000000 3819.381104 0.000000 0.138710 0.000000 -0.990333 1.000000 1.000000 1.000000
4274.836914 0.000000 3814.627686 0.000000 0.526953 0.000000 -0.849894 1.000000 1.000000 1.000000
4270.716797 0.000000 3826.413818 0.000000 0.402361 0.000000 -0.915481 1.000000 1.000000 1.000000
4270.771973 0.000000 3812.349609 0.000000 0.093418 0.000000 -0.995627 1.000000 1.000000 1.000000
4318.553223 0.000000 3816.690674 0.000000 0.433496 0.000000 -0.901156 1.000000 1.000000 1.000000
4299.430176 0.000000 3791.849121 0.000000 0.232951 0.000000 -0.972489 1.000000 1.000000 1.000000
4336.536133 0.000000 3802.799072 0.000000 0.033593 0.000000 -0.999436 1.000000 1.000000 1.000000
4342.286621 0.000000 3790.432617 0.000000 0.385773 0.000000 -0.922594 1.000000 1.000000 1.000000
4299.907715 0.000000 3794.645996 0.000000 0.495425 0.000000 -0.868650 1.000000 1.000000 1.000000
4332.820312 0.000000 3811.457275 0.000000 0.537132 0.000000 -0.843498 1.000000 1.000000 1.000000
4292.557129 0.000000 3817.171875 0.000000 0.280143 0.000000 -0.959958 1.000000 1.000000 1.000000
4335.173828 0.000000 3804.788574 0.000000 0.227896 0.000000 -0.973685 1.000000 1.000000 1.000000
4319.214844 0.000000 3814.489258 0.000000 0.106410 0.000000 -0.994322 1.000000 1.000000 1.000000
4297.245605 0.000000 3826.487061 0.000000 0.060090 0.000000 -0.998193 1.000000 1.000000 1.000000
4323.738281 0.000000 3819.813477 0.000000 0.579694 0.000000 -0.814834 1.000000 1.000000 1.000000
4271.456543 0.000000 3835.783691 0.000000 0.255521 0.000000 -0.966803 1.000000 1.000000 1.000000
4270.421387 0.000000 3827.927734 0.000000 0.159622 0.000000 -0.987178 1.000000 1.000000 1.000000
4297.566406 0.000000 3827.534180 0.000000 0.472084 0.000000 -0.881553 1.000000 1.000000 1.000000
4291.807129 0.000000 3828.074463 0.000000 0.368964 0.000000 -0.929444 1.000000 1.000000 1.000000
4290.994141 0.000000 3837.196533 0.000000 0.070828 0.000000 -0.997489 1.000000 1.000000 1.000000
4322.995117 0.000000 3839.736084 0.000000 0.410271 0.000000 -0.911964 1.000000 1.000000 1.000000
4292.162598 0.000000 3835.585205 0.000000 0.506202 0.000000 -0.862415 1.000000 1.000000 1.000000
4292.794922 0.000000 3837.337402 0.000000 0.547390 0.000000 -0.836878 1.000000 1.000000 1.000000
4376.071777 0.000000 3718.670410 0.000000 0.455991 0.000000 -0.889984 1.000000 1.000000 1.000000
4371.110840 0.000000 3728.552246 0.000000 0.338207 0.000000 -0.941072 1.000000 1.000000 1.000000
4351.591309 0.000000 3770.048584 0.000000 0.019825 0.000000 -0.999803 1.000000 1.000000 1.000000
4394.561523 0.000000 3766.187988 0.000000 0.399154 0.000000 -0.916884 1.000000 1.000000 1.000000
4399.560059 0.000000 3751.923828 0.000000 0.522193 0.000000 -0.852827 1.000000 1.000000 1.000000
4361.275879 0.000000 3756.497559 0.000000 0.180764 0.000000 -0.983526 1.000000 1.000000 1.000000
4396.872559 0.000000 3758.578369 0.000000 0.482100 0.000000 -0.876116 1.000000 1.000000 1.000000
4404.847168 0.000000 3772.309326 0.000000 0.545907 0.000000 -0.837845 1.000000 1.000000 1.000000
4354.732910 0.000000 3761.836426 0.000000 0.459062 0.000000 -0.888404 1.000000 1.000000 1.000000
4401.017090 0.000000 3775.593994 0.000000 0.249962 0.000000 -0.968256 1.000000 1.000000 1.000000
4405.293945 0.000000 3749.867188 0.000000 0.156222 0.000000 -0.987722 1.000000 1.000000 1.000000
4398.628418 0.000000 3756.320312 0.000000 0.528263 0.000000 -0.849081 1.000000 1.000000 1.000000
4407.371094 0.000000 3768.470215 0.000000 0.122651 0.000000 -0.992450 1.000000 1.000000 1.000000
4399.351074 0.000000 3763.544434 0.000000 0.494372 0.000000 -0.869250 1.000000 1.000000 1.000000
4406.104492 0.000000 3758.252686 0.000000 0.426478 0.000000 -0.904498 1.000000 1.000000 1.000000
4392.881836 0.000000 3764.541016 0.000000 0.358270 0.000000 -0.933618 1.000000 1.000000 1.000000
4403.184570 0.000000 3773.598145 0.000000 0.057496 0.000000 -0.998346 1.000000 1.000000 1.000000
4403.089844 0.000000 3763.298340 0.000000 0.478300 0.000000 -0.878196 1.000000 1.000000 1.000000
4381.784180 0.000000 3783.675293 0.000000 0.282486 0.000000 -0.959271 1.000000 1.000000 1.000000
4396.884766 0.000000 3783.392334 0.000000 0.473172 0.000000 -0.880970 1.000000 1.000000 1.000000
4351.673828 0.000000 3786.012451 0.000000 0.383835 0.000000 -0.923402 1.000000 1.000000 1.000000
4382.555176 0.000000 3787.841309 0.000000 0.064812 0.000000 -0.997897 1.000000 1.000000 1.000000
4405.987793 0.000000 3823.302490 0.000000 0.459509 0.000000 -0.888173 1.000000 1.000000 1.000000
4401.017090 0.000000 3819.586182 0.000000 0.404160 0.000000 -0.914688 1.000000 1.000000 1.000000
4429.451660 0.000000 3800.261230 0.000000 0.465563 0.000000 -0.885015 1.000000 1.000000 1.000000
4434.269531 0.000000 3799.894775 0.000000 0.485652 0.000000 -0.874152 1.000000 1.000000 1.000000
4431.951660 0.000000 3803.918701 0.000000 0.336500 0.000000 -0.941683 1.000000 1.000000 1.000000
4434.458008 0.000000 3796.407959 0.000000 0.228370 0.000000 -0.973574 1.000000 1.000000 1.000000
4351.857910 0.000000 3849.229248 0.000000 0.577601 0.000000 -0.816319 1.000000 1.000000 1.000000
4411.790527 0.000000 3830.738281 0.000000 0.040636 0.000000 -0.999174 1.000000 1.000000 1.000000
4359.624023 0.000000 3832.158447 0.000000 0.515334 0.000000 -0.856990 1.000000 1.000000 1.000000
4396.872559 0.000000 3846.562744 0.000000 0.386124 0.000000 -0.922447 1.000000 1.000000 1.000000
4409.568848 0.000000 3829.656494 0.000000 0.430707 0.000000 -0.902492 1.000000 1.000000 1.000000
4408.085449 0.000000 3827.433594 0.000000 0.178850 0.000000 -0.983876 1.000000 1.000000 1.000000
4435.719238 0.000000 3833.865479 0.000000 0.290086 0.000000 -0.957000 1.000000 1.000000 1.000000
4424.653320 0.000000 3834.986084 0.000000 0.385093 0.000000 -0.922878 1.000000 1.000000 1.000000
4426.233398 0.000000 3834.426758 0.000000 0.014424 0.000000 -0.999896 1.000000 1.000000 1.000000
4549.318359 0.000000 3822.089355 0.000000 0.458467 0.000000 -0.888711 1.000000 1.000000 1.000000
4539.774902 0.000000 3830.738281 0.000000 0.031576 0.000000 -0.999501 1.000000 1.000000 1.000000
4543.035645 0.000000 3834.031738 0.000000 0.324974 0.000000 -0.945723 1.000000 1.000000 1.000000
4538.176270 0.000000 3833.611084 0.000000 0.207997 0.000000 -0.978130 1.000000 1.000000 1.000000
4545.068359 0.000000 3827.374756 0.000000 0.444776 0.000000 -0.895642 1.000000 1.000000 1.000000
"}
