object={
	name="steppe_bush_03_generator_0"
	render_pass=Map
	clamp_to_water_level=no
	generated_content=yes
	layer="grass_layer"
	pdxmesh="steppe_bush_03_mesh"
	count=547
	transform="3611.812988 0.000000 738.867981 0.000000 0.335713 0.000000 -0.941964 0.561316 0.561316 0.561316
3702.586426 0.000000 906.579468 0.000000 0.990611 0.000000 -0.136708 0.418420 0.418420 0.418420
3703.456787 0.000000 908.977722 0.000000 0.954143 0.000000 -0.299352 0.440833 0.440833 0.440833
3697.500000 0.000000 905.012878 0.000000 0.189805 0.000000 -0.981822 0.596355 0.596355 0.596355
3702.620605 0.000000 916.753174 0.000000 0.063546 0.000000 0.997979 0.135850 0.135850 0.135850
3703.967529 0.000000 916.696960 0.000000 0.921709 0.000000 -0.387882 0.469811 0.469811 0.469811
591.703308 0.000000 1751.334839 0.000000 0.472551 0.000000 0.881304 0.254050 0.254050 0.254050
593.536011 0.000000 1749.820801 0.000000 0.821598 0.000000 -0.570067 0.488742 0.488742 0.488742
592.834839 0.000000 1753.399048 0.000000 0.720743 0.000000 0.693202 0.284888 0.284888 0.284888
592.116760 0.000000 1755.703369 0.000000 0.994969 0.000000 0.100182 0.385620 0.385620 0.385620
593.922791 0.000000 1748.243774 0.000000 0.433836 0.000000 -0.900992 0.564153 0.564153 0.564153
5188.070312 0.000000 1142.523438 0.000000 0.990497 0.000000 -0.137531 0.419909 0.419909 0.419909
5218.335938 0.000000 1139.672241 0.000000 0.989010 0.000000 -0.147849 0.420302 0.420302 0.420302
5216.997559 0.000000 1136.135132 0.000000 0.999804 0.000000 -0.019788 0.402905 0.402905 0.402905
5216.116699 0.000000 1137.471924 0.000000 0.874286 0.000000 0.485412 0.325598 0.325598 0.325598
5234.129883 0.000000 1137.025757 0.000000 0.440978 0.000000 -0.897518 0.581349 0.581349 0.581349
5189.914062 0.000000 1141.294434 0.000000 0.686681 0.000000 -0.726959 0.534512 0.534512 0.534512
5218.320312 0.000000 1136.344238 0.000000 0.233680 0.000000 0.972313 0.180706 0.180706 0.180706
5234.865723 0.000000 1139.520386 0.000000 0.974918 0.000000 0.222565 0.363690 0.363690 0.363690
5219.031250 0.000000 1137.236450 0.000000 0.956426 0.000000 -0.291974 0.448672 0.448672 0.448672
5188.849609 0.000000 1141.418701 0.000000 0.884950 0.000000 0.465687 0.319941 0.319941 0.319941
5202.175781 0.000000 1160.363403 0.000000 0.814533 0.000000 -0.580118 0.480342 0.480342 0.480342
5218.885742 0.000000 1156.212524 0.000000 0.693737 0.000000 -0.720228 0.509211 0.509211 0.509211
5189.657227 0.000000 1143.866699 0.000000 0.475587 0.000000 0.879668 0.244853 0.244853 0.244853
5219.937012 0.000000 1151.792236 0.000000 0.824153 0.000000 -0.566368 0.495901 0.495901 0.495901
5203.679688 0.000000 1163.262329 0.000000 0.342348 0.000000 0.939573 0.208508 0.208508 0.208508
5217.195312 0.000000 1158.509399 0.000000 0.941373 0.000000 0.337369 0.345360 0.345360 0.345360
5219.858887 0.000000 1159.095947 0.000000 0.022973 0.000000 0.999736 0.146508 0.146508 0.146508
5219.021484 0.000000 1159.996948 0.000000 0.787790 0.000000 -0.615944 0.508677 0.508677 0.508677
5218.162598 0.000000 1148.388062 0.000000 0.080556 0.000000 0.996750 0.118750 0.118750 0.118750
5262.250488 0.000000 1156.691040 0.000000 0.963351 0.000000 0.268243 0.364474 0.364474 0.364474
5251.327148 0.000000 1164.674927 0.000000 0.934390 0.000000 0.356251 0.347802 0.347802 0.347802
5262.939453 0.000000 1160.572266 0.000000 0.828622 0.000000 0.559809 0.313966 0.313966 0.313966
5260.790039 0.000000 1159.405762 0.000000 0.614597 0.000000 0.788841 0.258404 0.258404 0.258404
5300.518066 0.000000 2088.430420 0.000000 0.773289 0.000000 0.634053 0.309813 0.309813 0.309813
5289.810547 0.000000 2085.204102 0.000000 0.137103 0.000000 -0.990557 0.594654 0.594654 0.594654
5298.683105 0.000000 2090.300781 0.000000 0.628586 0.000000 -0.777740 0.538369 0.538369 0.538369
5298.624023 0.000000 2079.240479 0.000000 0.178490 0.000000 0.983942 0.141567 0.141567 0.141567
5299.923340 0.000000 2079.665039 0.000000 0.986585 0.000000 0.163249 0.369541 0.369541 0.369541
5903.771973 0.000000 2484.153076 0.000000 0.656076 0.000000 -0.754695 0.511875 0.511875 0.511875
5931.455078 0.000000 2501.445557 0.000000 0.851993 0.000000 -0.523554 0.475935 0.475935 0.475935
5922.648438 0.000000 2491.792236 0.000000 0.845571 0.000000 0.533863 0.323797 0.323797 0.323797
5903.034668 0.000000 2486.201416 0.000000 0.760057 0.000000 -0.649857 0.497486 0.497486 0.497486
5892.403320 0.000000 2495.277344 0.000000 0.268527 0.000000 0.963272 0.209969 0.209969 0.209969
5928.336914 0.000000 2503.663818 0.000000 0.893400 0.000000 0.449263 0.331601 0.331601 0.331601
5931.701172 0.000000 2503.257568 0.000000 0.744198 0.000000 0.667959 0.290432 0.290432 0.290432
5929.973633 0.000000 2502.482178 0.000000 0.963557 0.000000 -0.267502 0.439753 0.439753 0.439753
5894.620605 0.000000 2477.789795 0.000000 0.506489 0.000000 -0.862246 0.578060 0.578060 0.578060
5915.900879 0.000000 2492.373291 0.000000 0.751331 0.000000 0.659926 0.291322 0.291322 0.291322
5918.223145 0.000000 2493.501221 0.000000 0.408669 0.000000 -0.912683 0.579121 0.579121 0.579121
5895.066895 0.000000 2497.049316 0.000000 0.241208 0.000000 0.970473 0.198546 0.198546 0.198546
5919.665039 0.000000 2493.591064 0.000000 0.853921 0.000000 -0.520402 0.485264 0.485264 0.485264
5892.841797 0.000000 2496.338867 0.000000 0.496883 0.000000 -0.867818 0.590980 0.590980 0.590980
5921.854004 0.000000 2492.865967 0.000000 0.565231 0.000000 0.824933 0.238220 0.238220 0.238220
5920.382812 0.000000 2492.848633 0.000000 0.046018 0.000000 0.998941 0.145716 0.145716 0.145716
5895.347168 0.000000 2477.056641 0.000000 0.046830 0.000000 0.998903 0.139004 0.139004 0.139004
5961.042480 0.000000 2506.721436 0.000000 0.989428 0.000000 0.145026 0.379289 0.379289 0.379289
5984.903809 0.000000 2499.893066 0.000000 0.261295 0.000000 -0.965259 0.602870 0.602870 0.602870
5968.109375 0.000000 2495.460693 0.000000 0.636593 0.000000 0.771200 0.264996 0.264996 0.264996
5985.136230 0.000000 2497.749023 0.000000 0.959884 0.000000 -0.280398 0.452080 0.452080 0.452080
5969.812500 0.000000 2497.077637 0.000000 0.920489 0.000000 0.390769 0.327836 0.327836 0.327836
5968.278320 0.000000 2496.567139 0.000000 0.802030 0.000000 -0.597284 0.515061 0.515061 0.515061
5985.769043 0.000000 2496.077393 0.000000 0.708081 0.000000 -0.706132 0.543669 0.543669 0.543669
5975.229980 0.000000 2504.566162 0.000000 0.977242 0.000000 -0.212128 0.437782 0.437782 0.437782
5984.422852 0.000000 2497.236816 0.000000 0.742886 0.000000 -0.669417 0.534398 0.534398 0.534398
5944.758301 0.000000 2544.244629 0.000000 0.434478 0.000000 -0.900682 0.565169 0.565169 0.565169
5949.873047 0.000000 2530.143066 0.000000 0.922818 0.000000 -0.385236 0.460225 0.460225 0.460225
5948.637695 0.000000 2532.198730 0.000000 0.232625 0.000000 -0.972567 0.604796 0.604796 0.604796
5923.365234 0.000000 2524.890381 0.000000 0.506889 0.000000 0.862011 0.245369 0.245369 0.245369
5942.930664 0.000000 2546.712158 0.000000 0.985431 0.000000 0.170077 0.373034 0.373034 0.373034
5949.707520 0.000000 2533.126709 0.000000 0.217205 0.000000 0.976126 0.192778 0.192778 0.192778
5948.569824 0.000000 2533.768555 0.000000 0.992070 0.000000 0.125683 0.380683 0.380683 0.380683
5943.764160 0.000000 2545.979248 0.000000 0.082981 0.000000 -0.996551 0.758045 0.758045 0.758045
5995.498535 0.000000 2511.055908 0.000000 0.037907 0.000000 -0.999281 0.674772 0.674772 0.674772
5994.783203 0.000000 2508.897705 0.000000 0.748937 0.000000 0.662641 0.281372 0.281372 0.281372
6004.247559 0.000000 2508.321045 0.000000 0.974331 0.000000 -0.225121 0.436507 0.436507 0.436507
5995.845215 0.000000 2508.435791 0.000000 0.371502 0.000000 0.928432 0.205082 0.205082 0.205082
6014.750000 0.000000 2518.342285 0.000000 0.540610 0.000000 0.841273 0.235787 0.235787 0.235787
6005.342773 0.000000 2508.996582 0.000000 0.659347 0.000000 -0.751839 0.536797 0.536797 0.536797
6009.872070 0.000000 2520.820557 0.000000 0.745553 0.000000 0.666446 0.257229 0.257229 0.257229
5994.563965 0.000000 2510.751465 0.000000 0.450932 0.000000 0.892558 0.202287 0.202287 0.202287
6008.146484 0.000000 2520.248291 0.000000 0.677960 0.000000 -0.735098 0.561636 0.561636 0.561636
6008.289062 0.000000 2521.469971 0.000000 0.029365 0.000000 0.999569 0.098297 0.098297 0.098297
6016.420410 0.000000 2518.458252 0.000000 0.068199 0.000000 0.997672 0.154673 0.154673 0.154673
6017.859375 0.000000 2516.780762 0.000000 0.966617 0.000000 -0.256226 0.444765 0.444765 0.444765
6017.109863 0.000000 2516.157715 0.000000 0.232283 0.000000 -0.972648 0.630873 0.630873 0.630873
6016.144043 0.000000 2516.777588 0.000000 0.623347 0.000000 0.781945 0.244898 0.244898 0.244898
6600.661621 0.000000 2416.670898 0.000000 0.862947 0.000000 -0.505295 0.468769 0.468769 0.468769
6595.331055 0.000000 2414.108154 0.000000 0.495558 0.000000 0.868575 0.246573 0.246573 0.246573
6600.964355 0.000000 2418.737061 0.000000 0.578542 0.000000 0.815653 0.260453 0.260453 0.260453
6597.068359 0.000000 2414.339355 0.000000 0.512526 0.000000 0.858672 0.244282 0.244282 0.244282
6595.101074 0.000000 2415.637695 0.000000 0.999768 0.000000 -0.021561 0.403144 0.403144 0.403144
6595.066406 0.000000 2412.705566 0.000000 0.512932 0.000000 0.858429 0.246415 0.246415 0.246415
6616.123535 0.000000 2435.082275 0.000000 0.918345 0.000000 -0.395780 0.455061 0.455061 0.455061
6614.125488 0.000000 2425.212891 0.000000 0.520804 0.000000 0.853676 0.262085 0.262085 0.262085
6618.975586 0.000000 2432.855225 0.000000 0.085063 0.000000 0.996376 0.191557 0.191557 0.191557
6616.022461 0.000000 2432.878418 0.000000 0.754537 0.000000 -0.656257 0.498651 0.498651 0.498651
6615.582031 0.000000 2426.743164 0.000000 0.827445 0.000000 0.561546 0.315151 0.315151 0.315151
6594.415039 0.000000 2424.114014 0.000000 0.830164 0.000000 -0.557519 0.487996 0.487996 0.487996
6611.507812 0.000000 2439.035889 0.000000 0.542162 0.000000 0.840274 0.246553 0.246553 0.246553
6511.396973 0.000000 2601.651367 0.000000 0.777591 0.000000 0.628770 0.304596 0.304596 0.304596
3754.408203 0.000000 3955.918701 0.000000 0.680149 0.000000 0.733074 0.289893 0.289893 0.289893
3763.262451 0.000000 3949.566895 0.000000 0.996597 0.000000 0.082433 0.387679 0.387679 0.387679
3766.761475 0.000000 3947.929932 0.000000 0.501125 0.000000 0.865375 0.239676 0.239676 0.239676
3750.175537 0.000000 3956.502686 0.000000 0.953139 0.000000 0.302534 0.355342 0.355342 0.355342
3763.356689 0.000000 3948.036865 0.000000 0.815631 0.000000 0.578572 0.307889 0.307889 0.307889
3747.794678 0.000000 3954.921143 0.000000 0.489415 0.000000 -0.872051 0.567680 0.567680 0.567680
3752.319336 0.000000 3964.302490 0.000000 0.999728 0.000000 -0.023307 0.403433 0.403433 0.403433
3117.318115 0.000000 4484.307129 0.000000 0.990840 0.000000 -0.135044 0.417518 0.417518 0.417518
3128.649414 0.000000 4467.301758 0.000000 0.577058 0.000000 -0.816703 0.525975 0.525975 0.525975
3135.279785 0.000000 4477.155273 0.000000 0.652655 0.000000 -0.757655 0.515901 0.515901 0.515901
3129.070312 0.000000 4481.886719 0.000000 0.887377 0.000000 -0.461045 0.464120 0.464120 0.464120
3127.527100 0.000000 4472.345215 0.000000 0.981461 0.000000 0.191660 0.373616 0.373616 0.373616
3133.097168 0.000000 4478.517090 0.000000 0.968487 0.000000 0.249063 0.364432 0.364432 0.364432
3134.471191 0.000000 4474.493164 0.000000 0.881088 0.000000 0.472953 0.332848 0.332848 0.332848
3128.142090 0.000000 4477.026367 0.000000 0.257523 0.000000 0.966272 0.214189 0.214189 0.214189
3126.958984 0.000000 4468.059570 0.000000 0.031547 0.000000 0.999502 0.185572 0.185572 0.185572
3131.616943 0.000000 4479.118652 0.000000 0.145184 0.000000 -0.989405 0.627701 0.627701 0.627701
3128.031494 0.000000 4470.793945 0.000000 0.311842 0.000000 0.950134 0.195935 0.195935 0.195935
3128.723633 0.000000 4478.369629 0.000000 0.417497 0.000000 -0.908678 0.579888 0.579888 0.579888
3130.420166 0.000000 4479.648438 0.000000 0.358263 0.000000 0.933621 0.207564 0.207564 0.207564
3129.416748 0.000000 4469.623047 0.000000 0.350359 0.000000 -0.936616 0.597420 0.597420 0.597420
3138.242920 0.000000 4469.469727 0.000000 0.881790 0.000000 -0.471642 0.464007 0.464007 0.464007
3138.030762 0.000000 4477.027832 0.000000 0.972811 0.000000 -0.231601 0.430459 0.430459 0.430459
3141.524414 0.000000 4467.344238 0.000000 0.905700 0.000000 0.423920 0.341857 0.341857 0.341857
3140.738770 0.000000 4474.926270 0.000000 0.104737 0.000000 -0.994500 0.605670 0.605670 0.605670
3138.743408 0.000000 4484.583008 0.000000 0.699836 0.000000 -0.714303 0.512029 0.512029 0.512029
3139.307129 0.000000 4478.463867 0.000000 0.768013 0.000000 -0.640434 0.501339 0.501339 0.501339
3141.413330 0.000000 4478.404785 0.000000 0.032843 0.000000 0.999461 0.170394 0.170394 0.170394
3143.281982 0.000000 4474.141113 0.000000 0.001782 0.000000 -0.999998 0.643645 0.643645 0.643645
3139.487793 0.000000 4480.338379 0.000000 0.950472 0.000000 -0.310810 0.450340 0.450340 0.450340
3138.492432 0.000000 4481.245605 0.000000 0.999388 0.000000 0.034995 0.394425 0.394425 0.394425
3140.077148 0.000000 4484.538086 0.000000 0.962774 0.000000 -0.270309 0.444964 0.444964 0.444964
3140.791260 0.000000 4473.615234 0.000000 0.683839 0.000000 0.729633 0.253819 0.253819 0.253819
3141.550293 0.000000 4485.810547 0.000000 0.137648 0.000000 0.990481 0.164645 0.164645 0.164645
3140.765869 0.000000 4480.982910 0.000000 0.134561 0.000000 0.990905 0.156963 0.156963 0.156963
3140.509033 0.000000 4482.623535 0.000000 0.683729 0.000000 0.729736 0.253383 0.253383 0.253383
3141.099609 0.000000 4484.825195 0.000000 0.020893 0.000000 0.999782 0.145393 0.145393 0.145393
3142.455811 0.000000 4472.244629 0.000000 0.103697 0.000000 0.994609 0.136320 0.136320 0.136320
3142.998535 0.000000 4473.277832 0.000000 0.331842 0.000000 -0.943335 0.621551 0.621551 0.621551
3118.343262 0.000000 4492.025879 0.000000 0.303440 0.000000 -0.952851 0.566419 0.566419 0.566419
3113.783447 0.000000 4500.580566 0.000000 0.236657 0.000000 0.971593 0.225101 0.225101 0.225101
3099.875488 0.000000 4522.196289 0.000000 0.752365 0.000000 -0.658746 0.495156 0.495156 0.495156
3110.096436 0.000000 4508.635742 0.000000 0.007783 0.000000 0.999970 0.191626 0.191626 0.191626
3092.430664 0.000000 4524.417969 0.000000 0.383945 0.000000 -0.923356 0.559227 0.559227 0.559227
3132.730957 0.000000 4493.126953 0.000000 0.971970 0.000000 -0.235104 0.432232 0.432232 0.432232
3111.804443 0.000000 4496.361328 0.000000 0.997289 0.000000 0.073583 0.389630 0.389630 0.389630
3096.486572 0.000000 4520.571289 0.000000 0.984868 0.000000 0.173305 0.375213 0.375213 0.375213
3129.371094 0.000000 4499.832520 0.000000 0.775521 0.000000 -0.631321 0.499618 0.499618 0.499618
3116.477783 0.000000 4492.549316 0.000000 0.994952 0.000000 -0.100351 0.414957 0.414957 0.414957
3101.918945 0.000000 4522.533691 0.000000 0.930865 0.000000 0.365364 0.347149 0.347149 0.347149
3123.750488 0.000000 4498.389648 0.000000 0.253262 0.000000 0.967398 0.206343 0.206343 0.206343
3087.812256 0.000000 4527.211426 0.000000 0.963695 0.000000 0.267004 0.361673 0.361673 0.361673
3115.533203 0.000000 4496.149414 0.000000 0.862634 0.000000 0.505829 0.322942 0.322942 0.322942
3091.809570 0.000000 4529.552734 0.000000 0.821084 0.000000 0.570807 0.310519 0.310519 0.310519
3086.528076 0.000000 4524.243164 0.000000 0.790829 0.000000 -0.612038 0.499974 0.499974 0.499974
3118.561768 0.000000 4487.811035 0.000000 0.791038 0.000000 0.611768 0.304351 0.304351 0.304351
3115.994873 0.000000 4497.850098 0.000000 0.604211 0.000000 -0.796825 0.533969 0.533969 0.533969
3125.982666 0.000000 4503.681152 0.000000 0.048369 0.000000 -0.998830 0.621965 0.621965 0.621965
3102.734619 0.000000 4524.308105 0.000000 0.440420 0.000000 0.897792 0.235248 0.235248 0.235248
3125.381348 0.000000 4500.713379 0.000000 0.897691 0.000000 0.440626 0.328460 0.328460 0.328460
3125.128418 0.000000 4499.187988 0.000000 0.164503 0.000000 0.986377 0.186653 0.186653 0.186653
3091.004639 0.000000 4527.552734 0.000000 0.873819 0.000000 0.486252 0.324950 0.324950 0.324950
3117.361084 0.000000 4488.673828 0.000000 0.902449 0.000000 0.430797 0.329950 0.329950 0.329950
3114.593994 0.000000 4494.652344 0.000000 0.265842 0.000000 0.964017 0.201112 0.201112 0.201112
3124.482178 0.000000 4501.590820 0.000000 0.977541 0.000000 0.210744 0.366709 0.366709 0.366709
3116.196777 0.000000 4488.084473 0.000000 0.971449 0.000000 0.237250 0.362326 0.362326 0.362326
3123.980225 0.000000 4503.712402 0.000000 0.357208 0.000000 -0.934025 0.628732 0.628732 0.628732
3135.300293 0.000000 4492.809082 0.000000 0.063897 0.000000 -0.997957 0.687412 0.687412 0.687412
3134.439697 0.000000 4494.629395 0.000000 0.348923 0.000000 -0.937151 0.617073 0.617073 0.617073
3134.021240 0.000000 4495.980957 0.000000 0.788716 0.000000 -0.614757 0.518348 0.518348 0.518348
3122.488037 0.000000 4503.212891 0.000000 0.991897 0.000000 -0.127045 0.424170 0.424170 0.424170
3139.947754 0.000000 4487.957520 0.000000 0.996461 0.000000 -0.084061 0.410842 0.410842 0.410842
3138.250488 0.000000 4490.019043 0.000000 0.977529 0.000000 -0.210802 0.430013 0.430013 0.430013
3138.836670 0.000000 4491.747070 0.000000 0.495128 0.000000 0.868820 0.251232 0.251232 0.251232
3137.290771 0.000000 4493.985840 0.000000 0.833303 0.000000 -0.552817 0.484523 0.484523 0.484523
3135.833984 0.000000 4491.267090 0.000000 0.730632 0.000000 -0.682771 0.517455 0.517455 0.517455
3135.714844 0.000000 4494.869629 0.000000 0.976324 0.000000 -0.216314 0.438975 0.438975 0.438975
3135.629395 0.000000 4495.924805 0.000000 0.999989 0.000000 0.004615 0.399175 0.399175 0.399175
3135.645996 0.000000 4492.889160 0.000000 0.998672 0.000000 -0.051520 0.409831 0.409831 0.409831
3135.708008 0.000000 4492.064453 0.000000 0.420726 0.000000 -0.907188 0.616782 0.616782 0.616782
3091.899414 0.000000 4557.232910 0.000000 0.174656 0.000000 -0.984630 0.583917 0.583917 0.583917
3081.431641 0.000000 4548.356934 0.000000 0.787244 0.000000 0.616642 0.313075 0.313075 0.313075
3101.213867 0.000000 4568.301270 0.000000 0.863631 0.000000 0.504124 0.326922 0.326922 0.326922
3080.190430 0.000000 4546.206055 0.000000 0.638701 0.000000 -0.769455 0.524064 0.524064 0.524064
3100.715088 0.000000 4563.216797 0.000000 0.577797 0.000000 0.816180 0.265563 0.265563 0.265563
3096.942871 0.000000 4557.103027 0.000000 0.594137 0.000000 -0.804363 0.527864 0.527864 0.527864
3091.630859 0.000000 4562.844727 0.000000 0.892477 0.000000 -0.451093 0.468232 0.468232 0.468232
3104.374512 0.000000 4568.862793 0.000000 0.484724 0.000000 -0.874667 0.571188 0.571188 0.571188
3102.734619 0.000000 4568.300293 0.000000 0.975403 0.000000 0.220427 0.364489 0.364489 0.364489
3093.222656 0.000000 4556.246582 0.000000 0.863635 0.000000 0.504117 0.318481 0.318481 0.318481
3093.284424 0.000000 4557.791504 0.000000 0.907892 0.000000 0.419203 0.333261 0.333261 0.333261
3081.083252 0.000000 4543.384766 0.000000 0.783824 0.000000 -0.620983 0.502033 0.502033 0.502033
3086.487793 0.000000 4549.350098 0.000000 0.620612 0.000000 -0.784118 0.536354 0.536354 0.536354
3086.686768 0.000000 4552.130859 0.000000 0.810079 0.000000 -0.586321 0.506360 0.506360 0.506360
3090.795166 0.000000 4558.237793 0.000000 0.986999 0.000000 0.160727 0.375416 0.375416 0.375416
3089.774414 0.000000 4560.750488 0.000000 0.990171 0.000000 -0.139861 0.420949 0.420949 0.420949
3082.731689 0.000000 4547.950195 0.000000 0.031745 0.000000 0.999496 0.137187 0.137187 0.137187
3107.064209 0.000000 4569.723145 0.000000 0.619933 0.000000 0.784655 0.262614 0.262614 0.262614
3093.865723 0.000000 4562.082031 0.000000 0.732370 0.000000 0.680907 0.281447 0.281447 0.281447
3100.781738 0.000000 4567.114746 0.000000 0.885613 0.000000 0.464424 0.311254 0.311254 0.311254
3084.879883 0.000000 4551.494629 0.000000 0.726670 0.000000 -0.686987 0.533485 0.533485 0.533485
3086.015869 0.000000 4553.829102 0.000000 0.938179 0.000000 -0.346152 0.460006 0.460006 0.460006
3095.705566 0.000000 4557.366699 0.000000 0.915765 0.000000 0.401715 0.326312 0.326312 0.326312
3085.180420 0.000000 4549.260742 0.000000 0.506664 0.000000 -0.862143 0.582697 0.582697 0.582697
3088.254395 0.000000 4553.006836 0.000000 0.720740 0.000000 0.693205 0.277238 0.277238 0.277238
3092.580322 0.000000 4563.595215 0.000000 0.935863 0.000000 0.352364 0.343004 0.343004 0.343004
3097.587402 0.000000 4564.100098 0.000000 0.951107 0.000000 -0.308861 0.452208 0.452208 0.452208
3104.853760 0.000000 4566.403320 0.000000 0.932598 0.000000 -0.360917 0.462686 0.462686 0.462686
3099.518311 0.000000 4562.936523 0.000000 0.928513 0.000000 -0.371300 0.463441 0.463441 0.463441
3097.217529 0.000000 4565.544922 0.000000 0.961188 0.000000 0.275893 0.353524 0.353524 0.353524
3094.658691 0.000000 4562.833496 0.000000 0.715028 0.000000 -0.699096 0.530261 0.530261 0.530261
3100.949463 0.000000 4566.077637 0.000000 0.589468 0.000000 0.807792 0.227206 0.227206 0.227206
3096.524170 0.000000 4561.684082 0.000000 0.697150 0.000000 -0.716925 0.552072 0.552072 0.552072
3084.559082 0.000000 4548.415527 0.000000 0.705744 0.000000 0.708467 0.261622 0.261622 0.261622
3098.439941 0.000000 4562.180176 0.000000 0.582366 0.000000 0.812926 0.241709 0.241709 0.241709
3101.931641 0.000000 4565.502930 0.000000 0.927231 0.000000 -0.374491 0.466122 0.466122 0.466122
3101.939941 0.000000 4567.552734 0.000000 0.500623 0.000000 0.865665 0.207714 0.207714 0.207714
3104.332520 0.000000 4567.891602 0.000000 0.499299 0.000000 -0.866430 0.577915 0.577915 0.577915
3102.766602 0.000000 4566.952637 0.000000 0.998634 0.000000 -0.052259 0.409215 0.409215 0.409215
3086.778076 0.000000 4551.126953 0.000000 0.882039 0.000000 -0.471177 0.490640 0.490640 0.490640
3085.834717 0.000000 4551.679199 0.000000 0.377416 0.000000 0.926044 0.191349 0.191349 0.191349
3088.042480 0.000000 4555.910645 0.000000 0.810172 0.000000 0.586193 0.276466 0.276466 0.276466
3095.619629 0.000000 4559.963379 0.000000 0.351490 0.000000 -0.936192 0.683131 0.683131 0.683131
3094.122559 0.000000 4556.062012 0.000000 0.843822 0.000000 -0.536622 0.500968 0.500968 0.500968
3094.202881 0.000000 4557.858398 0.000000 0.963708 0.000000 0.266957 0.351830 0.351830 0.351830
3081.319336 0.000000 4544.236328 0.000000 0.980137 0.000000 0.198321 0.363117 0.363117 0.363117
3097.053467 0.000000 4560.817871 0.000000 0.102236 0.000000 0.994760 0.120660 0.120660 0.120660
3097.616943 0.000000 4562.468750 0.000000 0.975643 0.000000 -0.219366 0.443509 0.443509 0.443509
3086.616455 0.000000 4550.219238 0.000000 0.999341 0.000000 -0.036299 0.406708 0.406708 0.406708
3090.579834 0.000000 4560.436523 0.000000 0.515489 0.000000 0.856896 0.187246 0.187246 0.187246
3094.000732 0.000000 4560.056641 0.000000 0.341662 0.000000 0.939823 0.108929 0.108929 0.108929
3091.519287 0.000000 4560.315918 0.000000 0.999017 0.000000 0.044327 0.390834 0.390834 0.390834
3092.749512 0.000000 4559.434082 0.000000 0.705255 0.000000 -0.708954 0.561320 0.561320 0.561320
3090.374268 0.000000 4561.408203 0.000000 0.999265 0.000000 -0.038344 0.407928 0.407928 0.407928
3084.916748 0.000000 4547.636719 0.000000 0.332108 0.000000 0.943241 0.139737 0.139737 0.139737
3093.041748 0.000000 4558.594238 0.000000 0.306888 0.000000 0.951746 0.142287 0.142287 0.142287
3094.683105 0.000000 4561.929199 0.000000 0.971258 0.000000 -0.238030 0.457241 0.457241 0.457241
3096.419434 0.000000 4563.729492 0.000000 0.892457 0.000000 -0.451132 0.492075 0.492075 0.492075
3095.400146 0.000000 4559.152344 0.000000 0.969727 0.000000 -0.244190 0.457644 0.457644 0.457644
3091.988281 0.000000 4560.984375 0.000000 0.576733 0.000000 -0.816933 0.597634 0.597634 0.597634
5737.250000 0.000000 2978.542480 0.000000 0.072560 0.000000 -0.997364 0.623667 0.623667 0.623667
5714.946777 0.000000 2980.685059 0.000000 0.774395 0.000000 0.632702 0.302517 0.302517 0.302517
5699.440430 0.000000 2986.006592 0.000000 0.874354 0.000000 0.485288 0.309427 0.309427 0.309427
5717.431152 0.000000 2979.687988 0.000000 0.516825 0.000000 0.856091 0.230670 0.230670 0.230670
5735.937500 0.000000 2980.071045 0.000000 0.313023 0.000000 -0.949746 0.590731 0.590731 0.590731
5698.431152 0.000000 2988.848633 0.000000 0.670457 0.000000 -0.741948 0.525640 0.525640 0.525640
5737.739258 0.000000 2980.793213 0.000000 0.929935 0.000000 0.367724 0.341714 0.341714 0.341714
5750.588867 0.000000 2967.937744 0.000000 0.967559 0.000000 0.252645 0.348478 0.348478 0.348478
5716.651855 0.000000 2981.062744 0.000000 0.420545 0.000000 0.907271 0.210992 0.210992 0.210992
5699.210449 0.000000 2987.536133 0.000000 0.979411 0.000000 -0.201877 0.436336 0.436336 0.436336
5717.545410 0.000000 2978.363281 0.000000 0.111238 0.000000 -0.993794 0.640457 0.640457 0.640457
5716.260254 0.000000 2979.876465 0.000000 0.351573 0.000000 0.936160 0.200371 0.200371 0.200371
5698.500488 0.000000 2986.560791 0.000000 0.967199 0.000000 -0.254018 0.445910 0.445910 0.445910
5717.727051 0.000000 2980.726074 0.000000 0.937961 0.000000 0.346742 0.341125 0.341125 0.341125
5716.547852 0.000000 2978.847412 0.000000 0.638232 0.000000 -0.769844 0.544768 0.544768 0.544768
5750.874023 0.000000 2966.949951 0.000000 0.567885 0.000000 0.823108 0.204963 0.204963 0.204963
5698.258789 0.000000 2987.778076 0.000000 0.890640 0.000000 0.454709 0.315621 0.315621 0.315621
5751.490723 0.000000 2967.834229 0.000000 0.998868 0.000000 -0.047569 0.409599 0.409599 0.409599
5821.256836 0.000000 2937.169434 0.000000 0.609826 0.000000 -0.792535 0.536597 0.536597 0.536597
5820.620605 0.000000 2934.615967 0.000000 0.731554 0.000000 -0.681783 0.543090 0.543090 0.543090
5821.098145 0.000000 2935.707764 0.000000 0.184905 0.000000 0.982756 0.135864 0.135864 0.135864
5853.361816 0.000000 2946.246826 0.000000 0.847433 0.000000 -0.530902 0.485510 0.485510 0.485510
5850.871094 0.000000 2944.394043 0.000000 0.446270 0.000000 0.894899 0.215739 0.215739 0.215739
5851.326660 0.000000 2946.384277 0.000000 0.351348 0.000000 -0.936245 0.592408 0.592408 0.592408
5852.356934 0.000000 2945.004883 0.000000 0.999989 0.000000 -0.004594 0.400670 0.400670 0.400670
5850.588379 0.000000 2945.491699 0.000000 0.174315 0.000000 0.984690 0.167956 0.167956 0.167956
5775.787598 0.000000 2968.067139 0.000000 0.829201 0.000000 0.558950 0.300197 0.300197 0.300197
5776.593262 0.000000 2971.735107 0.000000 0.849170 0.000000 -0.528119 0.481398 0.481398 0.481398
5801.748047 0.000000 2965.047852 0.000000 0.126480 0.000000 -0.991969 0.668930 0.668930 0.668930
5777.636719 0.000000 2969.338623 0.000000 0.875694 0.000000 0.482866 0.316464 0.316464 0.316464
5775.050293 0.000000 2970.115479 0.000000 0.958957 0.000000 -0.283552 0.441342 0.441342 0.441342
5803.638184 0.000000 2964.905273 0.000000 0.728070 0.000000 -0.685503 0.517286 0.517286 0.517286
5774.808105 0.000000 2971.988281 0.000000 0.334433 0.000000 -0.942419 0.576846 0.576846 0.576846
5800.171875 0.000000 2964.717285 0.000000 0.349247 0.000000 0.937031 0.173896 0.173896 0.173896
5774.358887 0.000000 2968.411621 0.000000 0.457918 0.000000 -0.888994 0.584277 0.584277 0.584277
5802.623047 0.000000 2964.042236 0.000000 0.021213 0.000000 -0.999775 0.640627 0.640627 0.640627
5777.143066 0.000000 2968.052246 0.000000 0.766289 0.000000 0.642497 0.284333 0.284333 0.284333
5775.926270 0.000000 2969.287842 0.000000 0.868411 0.000000 -0.495845 0.487298 0.487298 0.487298
5801.592285 0.000000 2964.086182 0.000000 0.765177 0.000000 0.643820 0.269727 0.269727 0.269727
5800.833008 0.000000 2965.369873 0.000000 0.522428 0.000000 -0.852683 0.590172 0.590172 0.590172
5853.604492 0.000000 2947.823730 0.000000 0.510595 0.000000 0.859822 0.241876 0.241876 0.241876
5841.139648 0.000000 2957.385742 0.000000 0.802455 0.000000 0.596713 0.309650 0.309650 0.309650
5865.447754 0.000000 2960.853760 0.000000 0.063645 0.000000 -0.997973 0.618981 0.618981 0.618981
5840.275391 0.000000 2959.696045 0.000000 0.950566 0.000000 -0.310522 0.443355 0.443355 0.443355
5846.199707 0.000000 2963.381104 0.000000 0.994708 0.000000 -0.102742 0.419272 0.419272 0.419272
5866.022949 0.000000 2962.804199 0.000000 0.854479 0.000000 0.519486 0.315721 0.315721 0.315721
5867.245605 0.000000 2961.320557 0.000000 0.848253 0.000000 -0.529591 0.490012 0.490012 0.490012
5842.485840 0.000000 2958.607422 0.000000 0.189847 0.000000 -0.981814 0.614261 0.614261 0.614261
5886.094238 0.000000 2987.032227 0.000000 0.997003 0.000000 -0.077369 0.412413 0.412413 0.412413
5864.369141 0.000000 2962.166504 0.000000 0.849693 0.000000 0.527278 0.321520 0.321520 0.321520
5847.487305 0.000000 2964.519531 0.000000 0.684557 0.000000 0.728960 0.276018 0.276018 0.276018
5842.684570 0.000000 2957.040527 0.000000 0.992275 0.000000 -0.124057 0.420556 0.420556 0.420556
5852.135742 0.000000 2947.483887 0.000000 0.073587 0.000000 -0.997289 0.628747 0.628747 0.628747
5851.026367 0.000000 2947.856201 0.000000 0.298801 0.000000 0.954315 0.198768 0.198768 0.198768
5886.907227 0.000000 2986.123291 0.000000 0.777106 0.000000 0.629370 0.290892 0.290892 0.290892
5843.809082 0.000000 2957.216309 0.000000 0.924683 0.000000 0.380738 0.335446 0.335446 0.335446
5866.460938 0.000000 2960.422363 0.000000 0.996844 0.000000 -0.079387 0.412817 0.412817 0.412817
5847.226074 0.000000 2963.520996 0.000000 0.465314 0.000000 0.885146 0.196505 0.196505 0.196505
5846.111816 0.000000 2962.284424 0.000000 0.756272 0.000000 0.654257 0.266460 0.266460 0.266460
5889.514160 0.000000 2987.076904 0.000000 0.120972 0.000000 -0.992656 0.642461 0.642461 0.642461
5887.480469 0.000000 2986.641846 0.000000 0.844526 0.000000 -0.535514 0.490576 0.490576 0.490576
5888.256348 0.000000 2987.702393 0.000000 0.583025 0.000000 0.812454 0.241371 0.241371 0.241371
5888.537109 0.000000 2986.685303 0.000000 0.605445 0.000000 -0.795887 0.553966 0.553966 0.553966
5719.180176 0.000000 2996.387207 0.000000 0.099782 0.000000 -0.995009 0.689357 0.689357 0.689357
5719.271973 0.000000 2997.611328 0.000000 0.824147 0.000000 -0.566376 0.518450 0.518450 0.518450
5718.306641 0.000000 2996.169189 0.000000 0.414728 0.000000 -0.909945 0.624890 0.624890 0.624890
5719.922363 0.000000 2996.037842 0.000000 0.614690 0.000000 -0.788769 0.578787 0.578787 0.578787
6362.211426 0.000000 2897.458252 0.000000 0.946814 0.000000 0.321782 0.356651 0.356651 0.356651
6360.400391 0.000000 2902.707520 0.000000 0.763751 0.000000 -0.645511 0.499853 0.499853 0.499853
6389.745605 0.000000 2899.466553 0.000000 0.999477 0.000000 0.032339 0.395640 0.395640 0.395640
6393.779297 0.000000 2894.513184 0.000000 0.986924 0.000000 -0.161187 0.421664 0.421664 0.421664
6342.362305 0.000000 2902.360840 0.000000 0.438067 0.000000 0.898943 0.247692 0.247692 0.247692
6396.698730 0.000000 2894.798340 0.000000 0.877279 0.000000 0.479980 0.329258 0.329258 0.329258
6364.815430 0.000000 2896.597656 0.000000 0.473322 0.000000 -0.880890 0.555518 0.555518 0.555518
6363.264160 0.000000 2902.392090 0.000000 0.115509 0.000000 0.993306 0.195124 0.195124 0.195124
6391.735840 0.000000 2899.911377 0.000000 0.940166 0.000000 -0.340718 0.451733 0.451733 0.451733
6392.703613 0.000000 2896.182129 0.000000 0.796817 0.000000 0.604221 0.309619 0.309619 0.309619
6376.282227 0.000000 2899.593506 0.000000 0.907973 0.000000 -0.419028 0.460665 0.460665 0.460665
6395.218750 0.000000 2895.399902 0.000000 0.322846 0.000000 -0.946452 0.580470 0.580470 0.580470
6389.039062 0.000000 2900.745850 0.000000 0.932106 0.000000 0.362186 0.344300 0.344300 0.344300
6390.875977 0.000000 2898.649658 0.000000 0.668457 0.000000 -0.743751 0.524788 0.524788 0.524788
6331.853027 0.000000 2926.591797 0.000000 0.912939 0.000000 0.408096 0.336402 0.336402 0.336402
6331.125488 0.000000 2911.905029 0.000000 0.805871 0.000000 0.592092 0.309829 0.309829 0.309829
6311.255859 0.000000 2945.630615 0.000000 0.139996 0.000000 -0.990152 0.589258 0.589258 0.589258
6322.803223 0.000000 2912.408691 0.000000 0.311402 0.000000 -0.950278 0.569073 0.569073 0.569073
6328.259277 0.000000 2927.574707 0.000000 0.998502 0.000000 0.054719 0.392838 0.392838 0.392838
6333.948242 0.000000 2913.278076 0.000000 0.829692 0.000000 -0.558222 0.490192 0.490192 0.490192
6323.699707 0.000000 2939.537354 0.000000 0.999916 0.000000 -0.012966 0.401858 0.401858 0.401858
6330.901367 0.000000 2914.958984 0.000000 0.460251 0.000000 0.887789 0.251077 0.251077 0.251077
6323.726562 0.000000 2910.307617 0.000000 0.990374 0.000000 0.138421 0.380586 0.380586 0.380586
6330.117188 0.000000 2927.437500 0.000000 0.767675 0.000000 -0.640840 0.505237 0.505237 0.505237
6332.106934 0.000000 2913.557617 0.000000 0.976735 0.000000 -0.214450 0.432914 0.432914 0.432914
6334.611816 0.000000 2917.727295 0.000000 0.354041 0.000000 0.935230 0.218914 0.218914 0.218914
6343.381836 0.000000 2908.322510 0.000000 0.879604 0.000000 -0.475708 0.469064 0.469064 0.469064
6361.774902 0.000000 2903.784424 0.000000 0.776229 0.000000 -0.630451 0.497070 0.497070 0.497070
6380.630371 0.000000 2922.726807 0.000000 0.997769 0.000000 0.066757 0.390393 0.390393 0.390393
6384.937988 0.000000 2919.419189 0.000000 0.716717 0.000000 -0.697364 0.503267 0.503267 0.503267
6384.310059 0.000000 2933.597900 0.000000 0.999884 0.000000 -0.015221 0.402128 0.402128 0.402128
6379.584473 0.000000 2910.739746 0.000000 0.181522 0.000000 0.983387 0.192048 0.192048 0.192048
6342.595215 0.000000 2905.274414 0.000000 0.210838 0.000000 0.977521 0.201274 0.201274 0.201274
6385.468262 0.000000 2909.418945 0.000000 0.608137 0.000000 0.793832 0.268122 0.268122 0.268122
6345.515137 0.000000 2906.361816 0.000000 0.632719 0.000000 -0.774381 0.519852 0.519852 0.519852
6340.229492 0.000000 2931.092041 0.000000 0.818172 0.000000 -0.574974 0.486865 0.486865 0.486865
6335.396484 0.000000 2917.323486 0.000000 0.027615 0.000000 0.999619 0.168843 0.168843 0.168843
6393.002930 0.000000 2925.323730 0.000000 0.068840 0.000000 -0.997628 0.625724 0.625724 0.625724
6335.913574 0.000000 2944.955566 0.000000 0.541741 0.000000 -0.840546 0.536078 0.536078 0.536078
6386.046875 0.000000 2932.142822 0.000000 0.860248 0.000000 -0.509876 0.479077 0.479077 0.479077
6387.155762 0.000000 2918.852539 0.000000 0.155090 0.000000 -0.987900 0.592185 0.592185 0.592185
6373.457031 0.000000 2909.183350 0.000000 0.983308 0.000000 0.181948 0.374603 0.374603 0.374603
6381.616699 0.000000 2910.384766 0.000000 0.806655 0.000000 0.591023 0.312859 0.312859 0.312859
6346.144531 0.000000 2918.860840 0.000000 0.792920 0.000000 0.609326 0.309706 0.309706 0.309706
6363.639648 0.000000 2904.811523 0.000000 0.187338 0.000000 -0.982296 0.594642 0.594642 0.594642
6389.188477 0.000000 2903.557861 0.000000 0.362368 0.000000 -0.932035 0.568965 0.568965 0.568965
6385.007812 0.000000 2911.393799 0.000000 0.810412 0.000000 -0.585861 0.497825 0.497825 0.497825
6342.026367 0.000000 2907.022705 0.000000 0.393271 0.000000 -0.919423 0.566595 0.566595 0.566595
6386.330566 0.000000 2907.722168 0.000000 0.630281 0.000000 -0.776367 0.527822 0.527822 0.527822
6384.259277 0.000000 2931.858398 0.000000 0.257275 0.000000 0.966338 0.214152 0.214152 0.214152
6343.875977 0.000000 2906.633301 0.000000 0.104990 0.000000 -0.994473 0.609293 0.609293 0.609293
6386.510254 0.000000 2906.135010 0.000000 0.522515 0.000000 -0.852630 0.546821 0.546821 0.546821
6343.011719 0.000000 2932.729004 0.000000 0.286503 0.000000 -0.958079 0.592407 0.592407 0.592407
6344.685059 0.000000 2915.673828 0.000000 0.145083 0.000000 -0.989419 0.612773 0.612773 0.612773
6386.898438 0.000000 2933.323486 0.000000 0.866294 0.000000 -0.499534 0.477306 0.477306 0.477306
6387.382812 0.000000 2931.671631 0.000000 0.778565 0.000000 0.627563 0.298378 0.298378 0.298378
6384.411621 0.000000 2910.321289 0.000000 0.823170 0.000000 -0.567796 0.494368 0.494368 0.494368
6310.103027 0.000000 2947.579346 0.000000 0.776559 0.000000 0.630045 0.309811 0.309811 0.309811
6313.796387 0.000000 2957.508789 0.000000 0.061506 0.000000 -0.998107 0.592917 0.592917 0.592917
6313.179688 0.000000 2978.542480 0.000000 0.965978 0.000000 0.258626 0.365647 0.365647 0.365647
6313.393066 0.000000 2960.853760 0.000000 0.555557 0.000000 0.831478 0.267155 0.267155 0.267155
6313.360840 0.000000 2948.224365 0.000000 0.840747 0.000000 0.541428 0.320012 0.320012 0.320012
6318.191406 0.000000 2949.714355 0.000000 0.874947 0.000000 -0.484218 0.471930 0.471930 0.471930
6329.957520 0.000000 2953.767334 0.000000 0.730130 0.000000 -0.683308 0.512311 0.512311 0.512311
6315.341797 0.000000 2979.797607 0.000000 0.189780 0.000000 0.981827 0.212598 0.212598 0.212598
6315.183105 0.000000 2968.647461 0.000000 0.795728 0.000000 -0.605655 0.498753 0.498753 0.498753
6314.877441 0.000000 2977.132568 0.000000 0.739098 0.000000 -0.673597 0.505540 0.505540 0.505540
6314.592285 0.000000 2966.772949 0.000000 0.998977 0.000000 0.045218 0.393428 0.393428 0.393428
6315.575684 0.000000 2964.905273 0.000000 0.700914 0.000000 -0.713246 0.513799 0.513799 0.513799
6315.410156 0.000000 2970.221191 0.000000 0.044815 0.000000 0.998995 0.171421 0.171421 0.171421
6381.029785 0.000000 2978.109863 0.000000 0.688264 0.000000 0.725460 0.273144 0.273144 0.273144
6336.849609 0.000000 2947.531006 0.000000 0.894867 0.000000 0.446334 0.334392 0.334392 0.334392
6380.570312 0.000000 2975.605713 0.000000 0.630596 0.000000 -0.776111 0.533975 0.533975 0.533975
6379.333984 0.000000 2979.797607 0.000000 0.987705 0.000000 0.156330 0.377113 0.377113 0.377113
6382.458984 0.000000 2990.562256 0.000000 0.996475 0.000000 -0.083887 0.412413 0.412413 0.412413
6389.364258 0.000000 2985.087646 0.000000 0.926592 0.000000 -0.376068 0.453517 0.453517 0.453517
6391.743652 0.000000 2981.291992 0.000000 0.387601 0.000000 0.921827 0.238967 0.238967 0.238967
6378.869629 0.000000 2977.132568 0.000000 0.877330 0.000000 0.479887 0.332023 0.332023 0.332023
6373.328125 0.000000 2990.799561 0.000000 0.032503 0.000000 0.999472 0.185705 0.185705 0.185705
6391.123535 0.000000 2985.266357 0.000000 0.975275 0.000000 -0.220995 0.436383 0.436383 0.436383
6381.327637 0.000000 2979.719727 0.000000 0.355746 0.000000 0.934583 0.211352 0.211352 0.211352
6383.826172 0.000000 2990.966553 0.000000 0.999560 0.000000 0.029654 0.395617 0.395617 0.395617
6380.247559 0.000000 2976.909424 0.000000 0.677634 0.000000 -0.735399 0.550171 0.550171 0.550171
6390.626465 0.000000 2982.016113 0.000000 0.296306 0.000000 0.955093 0.167916 0.167916 0.167916
6380.314941 0.000000 2979.112061 0.000000 0.411543 0.000000 0.911390 0.220797 0.220797 0.220797
6378.884277 0.000000 2980.939209 0.000000 0.348361 0.000000 0.937360 0.174933 0.174933 0.174933
6381.353027 0.000000 2976.459717 0.000000 0.780188 0.000000 0.625545 0.277169 0.277169 0.277169
6390.292480 0.000000 2984.386230 0.000000 0.943911 0.000000 -0.330201 0.454945 0.454945 0.454945
6391.639648 0.000000 2984.329834 0.000000 0.449453 0.000000 0.893304 0.219640 0.219640 0.219640
6390.057617 0.000000 2985.937988 0.000000 0.990562 0.000000 0.137067 0.377550 0.377550 0.377550
6381.856445 0.000000 2977.316895 0.000000 0.146618 0.000000 -0.989193 0.658746 0.658746 0.658746
6390.012207 0.000000 2983.052979 0.000000 0.991012 0.000000 0.133772 0.375480 0.375480 0.375480
6378.120117 0.000000 2981.631104 0.000000 0.807867 0.000000 0.589364 0.283246 0.283246 0.283246
6391.340332 0.000000 2982.603027 0.000000 0.485752 0.000000 -0.874097 0.594365 0.594365 0.594365
6440.895020 0.000000 2879.915039 0.000000 0.973855 0.000000 0.227172 0.370706 0.370706 0.370706
6437.853516 0.000000 2892.700928 0.000000 0.523288 0.000000 -0.852156 0.534466 0.534466 0.534466
6445.937500 0.000000 2864.314697 0.000000 0.056343 0.000000 0.998411 0.191298 0.191298 0.191298
6441.377441 0.000000 2872.869385 0.000000 0.877030 0.000000 0.480435 0.325932 0.325932 0.325932
6452.377441 0.000000 2880.289795 0.000000 0.921444 0.000000 0.388511 0.340031 0.340031 0.340031
6404.074219 0.000000 2863.199951 0.000000 0.976678 0.000000 0.214710 0.368882 0.368882 0.368882
6406.036133 0.000000 2876.929199 0.000000 0.949102 0.000000 -0.314969 0.445757 0.445757 0.445757
6435.069824 0.000000 2891.802002 0.000000 0.226300 0.000000 -0.974058 0.585012 0.585012 0.585012
6454.228027 0.000000 2902.281982 0.000000 0.888111 0.000000 -0.459630 0.465576 0.465576 0.465576
6438.482422 0.000000 2889.916260 0.000000 0.885160 0.000000 -0.465286 0.468386 0.468386 0.468386
6400.841797 0.000000 2859.546631 0.000000 0.392628 0.000000 0.919697 0.240882 0.240882 0.240882
6459.273438 0.000000 2885.150635 0.000000 0.193902 0.000000 -0.981021 0.584084 0.584084 0.584084
6455.121094 0.000000 2888.626465 0.000000 0.856930 0.000000 0.515434 0.316722 0.316722 0.316722
6404.299316 0.000000 2893.335938 0.000000 0.027148 0.000000 0.999631 0.190354 0.190354 0.190354
6407.784180 0.000000 2874.502930 0.000000 0.977081 0.000000 0.212868 0.370224 0.370224 0.370224
6432.691406 0.000000 2892.371826 0.000000 0.999957 0.000000 -0.009225 0.401363 0.401363 0.401363
6443.167480 0.000000 2880.663086 0.000000 0.055178 0.000000 -0.998477 0.609619 0.609619 0.609619
6457.558105 0.000000 2889.300049 0.000000 0.996994 0.000000 -0.077485 0.413477 0.413477 0.413477
6436.062988 0.000000 2889.655518 0.000000 0.587300 0.000000 0.809369 0.269564 0.269564 0.269564
6439.398438 0.000000 2868.650146 0.000000 0.982427 0.000000 0.186648 0.374501 0.374501 0.374501
6424.080566 0.000000 2892.860107 0.000000 0.963567 0.000000 -0.267468 0.438260 0.438260 0.438260
6440.012207 0.000000 2881.879639 0.000000 0.439864 0.000000 -0.898064 0.558718 0.558718 0.558718
6441.094238 0.000000 2902.185547 0.000000 0.516149 0.000000 -0.856499 0.548406 0.548406 0.548406
6425.862305 0.000000 2893.431152 0.000000 0.469479 0.000000 -0.882944 0.552905 0.552905 0.552905
6438.799316 0.000000 2888.040283 0.000000 0.966257 0.000000 0.257580 0.363188 0.363188 0.363188
6441.649414 0.000000 2881.412598 0.000000 0.460545 0.000000 -0.887636 0.555422 0.555422 0.555422
6440.377930 0.000000 2869.822998 0.000000 0.499314 0.000000 0.866421 0.218425 0.218425 0.218425
6441.051270 0.000000 2871.199951 0.000000 0.897820 0.000000 0.440362 0.322359 0.322359 0.322359
6456.178223 0.000000 2889.679688 0.000000 0.922784 0.000000 -0.385319 0.468731 0.468731 0.468731
6456.560059 0.000000 2888.295654 0.000000 0.043532 0.000000 0.999052 0.134625 0.134625 0.134625
6407.004395 0.000000 2892.979004 0.000000 0.703187 0.000000 0.711005 0.279945 0.279945 0.279945
6454.950195 0.000000 2889.953857 0.000000 0.955664 0.000000 0.294460 0.354034 0.354034 0.354034
6440.812500 0.000000 2868.779541 0.000000 0.893876 0.000000 -0.448314 0.480545 0.480545 0.480545
6441.952637 0.000000 2868.381104 0.000000 0.128154 0.000000 -0.991754 0.649892 0.649892 0.649892
6520.387695 0.000000 2874.254639 0.000000 0.554800 0.000000 -0.831984 0.539347 0.539347 0.539347
6475.595703 0.000000 2899.020752 0.000000 0.660699 0.000000 -0.750651 0.536508 0.536508 0.536508
6518.604004 0.000000 2881.672119 0.000000 0.188766 0.000000 0.982022 0.154541 0.154541 0.154541
6520.957520 0.000000 2872.121094 0.000000 0.436118 0.000000 -0.899889 0.589496 0.589496 0.589496
6521.623535 0.000000 2875.544922 0.000000 0.989242 0.000000 -0.146287 0.420819 0.420819 0.420819
6472.183594 0.000000 2898.947510 0.000000 0.676984 0.000000 0.735998 0.281882 0.281882 0.281882
6519.699219 0.000000 2880.717041 0.000000 0.452131 0.000000 0.891952 0.204178 0.204178 0.204178
6521.048340 0.000000 2873.294189 0.000000 0.602318 0.000000 -0.798256 0.556469 0.556469 0.556469
6551.806152 0.000000 2882.818848 0.000000 0.205428 0.000000 0.978672 0.214766 0.214766 0.214766
6533.110352 0.000000 2883.625488 0.000000 0.366437 0.000000 0.930443 0.239411 0.239411 0.239411
6546.173340 0.000000 2903.196777 0.000000 0.711481 0.000000 -0.702705 0.508547 0.508547 0.508547
6546.845215 0.000000 2892.700684 0.000000 0.565840 0.000000 -0.824515 0.534553 0.534553 0.534553
6530.467285 0.000000 2881.992676 0.000000 0.982613 0.000000 0.185666 0.375197 0.375197 0.375197
6550.160156 0.000000 2885.219971 0.000000 0.966378 0.000000 -0.257124 0.446354 0.446354 0.446354
6549.020020 0.000000 2902.573975 0.000000 0.593860 0.000000 0.804569 0.271622 0.271622 0.271622
6530.901855 0.000000 2883.999268 0.000000 0.678792 0.000000 0.734331 0.284292 0.284292 0.284292
6546.983887 0.000000 2898.436523 0.000000 0.890096 0.000000 0.455772 0.333838 0.333838 0.333838
6549.102539 0.000000 2898.444336 0.000000 0.829976 0.000000 0.557799 0.316386 0.316386 0.316386
6547.387695 0.000000 2901.841553 0.000000 0.718556 0.000000 0.695469 0.291711 0.291711 0.291711
6533.773926 0.000000 2872.531738 0.000000 0.888152 0.000000 0.459549 0.327522 0.327522 0.327522
6551.455078 0.000000 2884.285645 0.000000 0.867474 0.000000 -0.497483 0.492816 0.492816 0.492816
6551.283691 0.000000 2885.663330 0.000000 0.997961 0.000000 -0.063825 0.411385 0.411385 0.411385
6457.884766 0.000000 2903.539307 0.000000 0.970106 0.000000 -0.242683 0.435005 0.435005 0.435005
6441.345215 0.000000 2904.232178 0.000000 0.732592 0.000000 -0.680669 0.514389 0.514389 0.514389
6445.833008 0.000000 2937.583740 0.000000 0.999932 0.000000 -0.011643 0.401610 0.401610 0.401610
6431.336426 0.000000 2939.413818 0.000000 0.943174 0.000000 0.332299 0.353995 0.353995 0.353995
6425.160645 0.000000 2933.847412 0.000000 0.720341 0.000000 -0.693620 0.509458 0.509458 0.509458
6429.513184 0.000000 2938.814941 0.000000 0.741401 0.000000 0.671062 0.297887 0.297887 0.297887
6441.999512 0.000000 2905.878662 0.000000 0.988307 0.000000 -0.152475 0.423388 0.423388 0.423388
6440.476074 0.000000 2905.304932 0.000000 0.783477 0.000000 0.621420 0.297547 0.297547 0.297547
6491.770508 0.000000 2924.528809 0.000000 0.369292 0.000000 0.929313 0.247564 0.247564 0.247564
6470.579590 0.000000 2905.274414 0.000000 0.971566 0.000000 -0.236769 0.435448 0.435448 0.435448
6506.072266 0.000000 2944.098389 0.000000 0.957360 0.000000 0.288899 0.359319 0.359319 0.359319
6506.995117 0.000000 2946.545166 0.000000 0.068907 0.000000 -0.997623 0.606217 0.606217 0.606217
6488.038086 0.000000 2916.792480 0.000000 0.724171 0.000000 -0.689620 0.504108 0.504108 0.504108
6515.825684 0.000000 2942.901855 0.000000 0.005602 0.000000 -0.999984 0.655556 0.655556 0.655556
6513.830566 0.000000 2943.960449 0.000000 0.922198 0.000000 0.386718 0.336160 0.336160 0.336160
6492.862793 0.000000 2923.194824 0.000000 0.660494 0.000000 0.750832 0.276170 0.276170 0.276170
6512.739746 0.000000 2942.993164 0.000000 0.662761 0.000000 -0.748831 0.536066 0.536066 0.536066
6488.118164 0.000000 2915.251953 0.000000 0.725000 0.000000 0.688749 0.282020 0.282020 0.282020
6514.709473 0.000000 2943.200195 0.000000 0.899659 0.000000 0.436592 0.326231 0.326231 0.326231
6456.928223 0.000000 2989.485596 0.000000 0.970477 0.000000 0.241194 0.367890 0.367890 0.367890
6460.542480 0.000000 2978.608154 0.000000 0.490236 0.000000 -0.871590 0.561189 0.561189 0.561189
6495.405762 0.000000 2965.921875 0.000000 0.187228 0.000000 0.982316 0.184635 0.184635 0.184635
6489.462402 0.000000 2954.393799 0.000000 0.744543 0.000000 -0.667575 0.504381 0.504381 0.504381
6497.606934 0.000000 2967.358643 0.000000 0.972105 0.000000 -0.234547 0.432154 0.432154 0.432154
6497.659668 0.000000 2964.946777 0.000000 0.537534 0.000000 0.843242 0.261237 0.261237 0.261237
6514.314941 0.000000 2951.714355 0.000000 0.718115 0.000000 0.695924 0.261644 0.261644 0.261644
6514.494629 0.000000 2950.127197 0.000000 0.996499 0.000000 0.083606 0.384954 0.384954 0.384954
6495.106934 0.000000 2964.327881 0.000000 0.961662 0.000000 0.274237 0.356724 0.356724 0.356724
6515.638672 0.000000 2950.642334 0.000000 0.671957 0.000000 0.740590 0.250097 0.250097 0.250097
6558.422363 0.000000 2930.057129 0.000000 0.813050 0.000000 0.582194 0.318085 0.318085 0.318085
6549.766113 0.000000 2903.562256 0.000000 0.972192 0.000000 0.234186 0.367543 0.367543 0.367543
6553.437500 0.000000 2915.060059 0.000000 0.679295 0.000000 0.733865 0.293029 0.293029 0.293029
6564.410156 0.000000 2922.248047 0.000000 0.999361 0.000000 0.035750 0.394983 0.394983 0.394983
6561.943848 0.000000 2929.274902 0.000000 0.991436 0.000000 -0.130595 0.421319 0.421319 0.421319
6548.867188 0.000000 2921.034180 0.000000 0.214560 0.000000 -0.976711 0.587347 0.587347 0.587347
6569.654297 0.000000 2921.055664 0.000000 0.437894 0.000000 0.899027 0.245434 0.245434 0.245434
6546.610352 0.000000 2903.621826 0.000000 0.033099 0.000000 -0.999452 0.614212 0.614212 0.614212
6550.806152 0.000000 2914.896240 0.000000 0.270883 0.000000 -0.962612 0.574137 0.574137 0.574137
6566.866211 0.000000 2922.119629 0.000000 0.548051 0.000000 -0.836445 0.545936 0.545936 0.545936
6562.570312 0.000000 2931.714111 0.000000 0.982750 0.000000 0.184938 0.374273 0.374273 0.374273
6560.181152 0.000000 2928.091309 0.000000 0.509862 0.000000 -0.860256 0.568598 0.568598 0.568598
6560.401367 0.000000 2930.686768 0.000000 0.365082 0.000000 0.930976 0.209928 0.209928 0.209928
6569.937012 0.000000 2918.812012 0.000000 0.999036 0.000000 0.043895 0.393795 0.393795 0.393795
6567.835938 0.000000 2936.078857 0.000000 0.758763 0.000000 0.651366 0.273904 0.273904 0.273904
6548.045410 0.000000 2916.170166 0.000000 0.862800 0.000000 0.505545 0.323783 0.323783 0.323783
6568.283203 0.000000 2918.174316 0.000000 0.586854 0.000000 0.809692 0.266661 0.266661 0.266661
6551.401367 0.000000 2920.527344 0.000000 0.163691 0.000000 -0.986512 0.598726 0.598726 0.598726
6561.759766 0.000000 2930.622070 0.000000 0.933762 0.000000 0.357894 0.341885 0.341885 0.341885
6567.077637 0.000000 2937.099121 0.000000 0.969824 0.000000 0.243808 0.356221 0.356221 0.356221
6561.271973 0.000000 2928.322998 0.000000 0.854323 0.000000 -0.519742 0.488965 0.488965 0.488965
6560.958008 0.000000 2929.766602 0.000000 0.664497 0.000000 0.747291 0.262622 0.262622 0.262622
6333.633301 0.000000 3018.339111 0.000000 0.980637 0.000000 -0.195837 0.428246 0.428246 0.428246
6313.179688 0.000000 3022.534668 0.000000 0.140666 0.000000 -0.990057 0.588455 0.588455 0.588455
6322.803223 0.000000 3000.393066 0.000000 0.722405 0.000000 0.691470 0.297448 0.297448 0.297448
6320.511230 0.000000 3033.257324 0.000000 0.589046 0.000000 -0.808100 0.530137 0.530137 0.530137
6325.059570 0.000000 3002.000000 0.000000 0.997371 0.000000 -0.072464 0.410031 0.410031 0.410031
6312.214355 0.000000 3026.098877 0.000000 0.293653 0.000000 -0.955912 0.571584 0.571584 0.571584
6323.504883 0.000000 3032.770508 0.000000 0.750407 0.000000 0.660976 0.289668 0.289668 0.289668
6299.647461 0.000000 2992.795898 0.000000 0.532084 0.000000 -0.846692 0.546210 0.546210 0.546210
6324.679199 0.000000 3000.162109 0.000000 0.673681 0.000000 -0.739022 0.520003 0.520003 0.520003
6313.668945 0.000000 3024.785400 0.000000 0.976223 0.000000 0.216768 0.367161 0.367161 0.367161
6323.360352 0.000000 3002.655273 0.000000 0.764704 0.000000 0.644382 0.300707 0.300707 0.300707
6321.854004 0.000000 3031.944824 0.000000 0.942557 0.000000 -0.334044 0.447957 0.447957 0.447957
6322.226074 0.000000 3033.413818 0.000000 0.976822 0.000000 -0.214053 0.432960 0.432960 0.432960
6322.362793 0.000000 3004.010986 0.000000 0.663156 0.000000 0.748482 0.272465 0.272465 0.272465
6322.762695 0.000000 3005.500732 0.000000 0.919105 0.000000 -0.394013 0.461070 0.461070 0.461070
6373.352539 0.000000 2995.038574 0.000000 0.970180 0.000000 -0.242386 0.434228 0.434228 0.434228
6383.745605 0.000000 2991.549561 0.000000 0.799575 0.000000 0.600566 0.304789 0.304789 0.304789
6335.436035 0.000000 3019.239746 0.000000 0.766004 0.000000 -0.642835 0.495521 0.495521 0.495521
6382.183594 0.000000 2993.706543 0.000000 0.974835 0.000000 -0.222927 0.442207 0.442207 0.442207
6371.242676 0.000000 2995.553223 0.000000 0.596232 0.000000 -0.802813 0.568459 0.568459 0.568459
6371.851562 0.000000 2993.592285 0.000000 0.734605 0.000000 -0.678495 0.511702 0.511702 0.511702
6383.797852 0.000000 2995.815430 0.000000 0.654955 0.000000 0.755668 0.269110 0.269110 0.269110
6382.163574 0.000000 2992.076172 0.000000 0.988195 0.000000 0.153202 0.371124 0.371124 0.371124
6368.382324 0.000000 2994.773926 0.000000 0.385655 0.000000 0.922643 0.219905 0.219905 0.219905
6383.723145 0.000000 2993.120117 0.000000 0.010590 0.000000 -0.999944 0.692914 0.692914 0.692914
6372.760254 0.000000 2992.353516 0.000000 0.030505 0.000000 -0.999535 0.677638 0.677638 0.677638
6369.847656 0.000000 2995.090576 0.000000 0.800584 0.000000 0.599221 0.301508 0.301508 0.301508
6382.662598 0.000000 2995.020752 0.000000 0.998675 0.000000 -0.051464 0.407867 0.407867 0.407867
6373.170410 0.000000 2993.606934 0.000000 0.097738 0.000000 -0.995212 0.665492 0.665492 0.665492
6370.855957 0.000000 2994.336182 0.000000 0.007624 0.000000 -0.999971 0.682543 0.682543 0.682543
6373.882324 0.000000 2992.544678 0.000000 0.981641 0.000000 -0.190738 0.434593 0.434593 0.434593
6382.773438 0.000000 2992.927490 0.000000 0.998248 0.000000 -0.059171 0.411115 0.411115 0.411115
6383.137207 0.000000 2993.723633 0.000000 0.664372 0.000000 0.747402 0.241520 0.241520 0.241520
6383.362305 0.000000 2992.322021 0.000000 0.648997 0.000000 -0.760791 0.562307 0.562307 0.562307
6305.072754 0.000000 3040.243652 0.000000 0.894378 0.000000 -0.447311 0.465994 0.465994 0.465994
6454.451172 0.000000 2993.046143 0.000000 0.653282 0.000000 -0.757115 0.517934 0.517934 0.517934
6457.884766 0.000000 2991.523682 0.000000 0.946034 0.000000 -0.324067 0.448941 0.448941 0.448941
6457.318848 0.000000 2993.804932 0.000000 0.401344 0.000000 -0.915927 0.567073 0.567073 0.567073
"}
