object={
	name="steppe_bush_01_generator_0"
	clamp_to_water_level=no
	render_under_water=no
	generated_content=yes
	layer="grass_layer"
	pdxmesh="steppe_bush_02_mesh"
	count=347
	transform="3958.042480 0.000000 4483.185547 0.000000 0.996347 0.000000 0.085402 0.485698 0.485698 0.485698
3960.968750 0.000000 4481.886719 0.000000 0.890920 0.000000 0.454161 0.422027 0.422027 0.422027
3958.532227 0.000000 4486.000977 0.000000 0.990643 0.000000 -0.136480 0.525293 0.525293 0.525293
3960.032471 0.000000 4483.630371 0.000000 0.645658 0.000000 -0.763627 0.667577 0.667577 0.667577
3961.313721 0.000000 4483.234863 0.000000 0.876220 0.000000 -0.481911 0.596976 0.596976 0.596976
3963.844971 0.000000 4490.621582 0.000000 0.866527 0.000000 -0.499130 0.587088 0.587088 0.587088
3928.121094 0.000000 4515.202637 0.000000 0.601689 0.000000 0.798731 0.326190 0.326190 0.326190
3964.207764 0.000000 4519.813965 0.000000 0.641860 0.000000 -0.766822 0.642354 0.642354 0.642354
3958.755615 0.000000 4488.780762 0.000000 0.795568 0.000000 -0.605865 0.620648 0.620648 0.620648
3963.414551 0.000000 4495.624023 0.000000 0.652108 0.000000 0.758126 0.348021 0.348021 0.348021
3960.700195 0.000000 4501.965820 0.000000 0.519080 0.000000 0.854726 0.304875 0.304875 0.304875
3935.062012 0.000000 4525.792480 0.000000 0.754113 0.000000 -0.656744 0.629685 0.629685 0.629685
3960.169678 0.000000 4518.772461 0.000000 0.998503 0.000000 0.054691 0.490472 0.490472 0.490472
3960.088867 0.000000 4498.019531 0.000000 0.957112 0.000000 -0.289719 0.556504 0.556504 0.556504
3967.105713 0.000000 4493.914551 0.000000 0.729383 0.000000 -0.684105 0.637772 0.637772 0.637772
3956.494629 0.000000 4491.449707 0.000000 0.762821 0.000000 0.646609 0.381510 0.381510 0.381510
3967.178223 0.000000 4521.147461 0.000000 0.939343 0.000000 0.342978 0.437727 0.437727 0.437727
3966.237061 0.000000 4496.997070 0.000000 0.523796 0.000000 -0.851844 0.671802 0.671802 0.671802
3964.234131 0.000000 4516.660156 0.000000 0.351945 0.000000 0.936021 0.300436 0.300436 0.300436
3940.642822 0.000000 4528.640137 0.000000 0.467929 0.000000 0.883766 0.303823 0.303823 0.303823
3930.690674 0.000000 4515.894531 0.000000 0.289178 0.000000 -0.957275 0.715268 0.715268 0.715268
3937.780762 0.000000 4524.909668 0.000000 0.928538 0.000000 -0.371236 0.567654 0.567654 0.567654
3964.629395 0.000000 4493.126953 0.000000 0.932586 0.000000 0.360949 0.436386 0.436386 0.436386
3966.369629 0.000000 4518.485352 0.000000 0.229991 0.000000 0.973193 0.258526 0.258526 0.258526
3962.246094 0.000000 4493.494141 0.000000 0.923880 0.000000 0.382682 0.429657 0.429657 0.429657
3961.269531 0.000000 4499.832520 0.000000 0.969329 0.000000 -0.245767 0.547734 0.547734 0.547734
3958.524170 0.000000 4490.841797 0.000000 0.699925 0.000000 0.714216 0.350553 0.350553 0.350553
3961.862061 0.000000 4497.006836 0.000000 0.986328 0.000000 -0.164794 0.534407 0.534407 0.534407
3966.272949 0.000000 4516.500000 0.000000 0.325302 0.000000 0.945610 0.281846 0.281846 0.281846
3929.465088 0.000000 4517.566406 0.000000 0.772632 0.000000 0.634854 0.366919 0.366919 0.366919
3964.395508 0.000000 4497.276367 0.000000 0.597454 0.000000 -0.801903 0.664350 0.664350 0.664350
3931.332520 0.000000 4517.767090 0.000000 0.851930 0.000000 0.523656 0.390269 0.390269 0.390269
3926.242188 0.000000 4516.872070 0.000000 0.969561 0.000000 -0.244850 0.545236 0.545236 0.545236
3959.995850 0.000000 4489.989258 0.000000 0.992269 0.000000 -0.124109 0.523065 0.523065 0.523065
3928.037598 0.000000 4516.719727 0.000000 0.974173 0.000000 0.225802 0.455931 0.455931 0.455931
3926.802490 0.000000 4514.462891 0.000000 0.914918 0.000000 0.403640 0.424277 0.424277 0.424277
3929.298584 0.000000 4516.004883 0.000000 0.958724 0.000000 -0.284337 0.555784 0.555784 0.555784
3959.264160 0.000000 4491.989258 0.000000 0.548121 0.000000 0.836399 0.313886 0.313886 0.313886
3961.415283 0.000000 4498.351074 0.000000 0.435339 0.000000 -0.900266 0.715376 0.715376 0.715376
3960.325195 0.000000 4496.702637 0.000000 0.964379 0.000000 0.264524 0.444360 0.444360 0.444360
3946.085449 0.000000 4541.227539 0.000000 0.209650 0.000000 -0.977776 0.722324 0.722324 0.722324
3953.437988 0.000000 4564.678223 0.000000 0.999934 0.000000 0.011510 0.497658 0.497658 0.497658
3954.335205 0.000000 4569.952148 0.000000 0.969207 0.000000 -0.246249 0.543792 0.543792 0.543792
3945.681885 0.000000 4544.572754 0.000000 0.496008 0.000000 -0.868318 0.686437 0.686437 0.686437
3955.988281 0.000000 4567.248535 0.000000 0.869272 0.000000 -0.494335 0.585844 0.585844 0.585844
3950.137451 0.000000 4565.294922 0.000000 0.510610 0.000000 0.859813 0.318496 0.318496 0.318496
3953.071777 0.000000 4567.453613 0.000000 0.475779 0.000000 0.879565 0.308789 0.308789 0.308789
3957.660889 0.000000 4568.806641 0.000000 0.994990 0.000000 0.099977 0.482936 0.482936 0.482936
3946.822754 0.000000 4543.016113 0.000000 0.597865 0.000000 0.801596 0.332838 0.332838 0.332838
3944.603516 0.000000 4545.885742 0.000000 0.756646 0.000000 -0.653825 0.626317 0.626317 0.626317
3945.355957 0.000000 4542.903320 0.000000 0.861834 0.000000 0.507191 0.397082 0.397082 0.397082
3944.549316 0.000000 4543.929199 0.000000 0.682747 0.000000 -0.730655 0.658516 0.658516 0.658516
3972.659668 0.000000 4523.785156 0.000000 0.796553 0.000000 0.604569 0.374386 0.374386 0.374386
3981.506348 0.000000 4504.136719 0.000000 0.680972 0.000000 0.732309 0.366657 0.366657 0.366657
3967.637939 0.000000 4517.916016 0.000000 0.926199 0.000000 0.377035 0.431957 0.431957 0.431957
3975.627441 0.000000 4508.146484 0.000000 0.944754 0.000000 -0.327781 0.569200 0.569200 0.569200
3982.925293 0.000000 4528.942871 0.000000 0.668031 0.000000 -0.744134 0.644569 0.644569 0.644569
3976.981445 0.000000 4528.296387 0.000000 0.103417 0.000000 0.994638 0.244511 0.244511 0.244511
3974.634033 0.000000 4519.509766 0.000000 0.067644 0.000000 -0.997710 0.757989 0.757989 0.757989
3972.989990 0.000000 4527.706055 0.000000 0.715004 0.000000 -0.699121 0.649305 0.649305 0.649305
3969.929199 0.000000 4521.020020 0.000000 0.984835 0.000000 0.173491 0.464847 0.464847 0.464847
3979.485840 0.000000 4507.620117 0.000000 0.881196 0.000000 0.472750 0.409952 0.409952 0.409952
3979.822998 0.000000 4529.959961 0.000000 0.132580 0.000000 0.991172 0.256805 0.256805 0.256805
3970.779541 0.000000 4509.704102 0.000000 0.464702 0.000000 0.885467 0.312666 0.312666 0.312666
3976.499756 0.000000 4517.388184 0.000000 0.736529 0.000000 0.676405 0.367859 0.367859 0.367859
3974.651123 0.000000 4530.072266 0.000000 0.963889 0.000000 0.266304 0.455248 0.455248 0.455248
3968.310059 0.000000 4492.471680 0.000000 0.754631 0.000000 -0.656149 0.625075 0.625075 0.625075
3973.114746 0.000000 4508.530273 0.000000 0.522435 0.000000 0.852679 0.298613 0.298613 0.298613
3977.842285 0.000000 4515.217285 0.000000 0.734096 0.000000 -0.679046 0.628587 0.628587 0.628587
3977.590820 0.000000 4525.361328 0.000000 0.973525 0.000000 -0.228581 0.542318 0.542318 0.542318
3981.796875 0.000000 4506.712402 0.000000 0.999880 0.000000 0.015489 0.497042 0.497042 0.497042
3976.997070 0.000000 4519.884277 0.000000 0.515790 0.000000 0.856715 0.324692 0.324692 0.324692
3970.033447 0.000000 4523.875000 0.000000 0.821832 0.000000 -0.569730 0.608583 0.608583 0.608583
3974.757812 0.000000 4521.959473 0.000000 0.614210 0.000000 0.789143 0.334261 0.334261 0.334261
3977.545898 0.000000 4506.561523 0.000000 0.412708 0.000000 0.910864 0.300552 0.300552 0.300552
3969.804932 0.000000 4518.803223 0.000000 0.999380 0.000000 0.035201 0.493034 0.493034 0.493034
3979.515625 0.000000 4505.154785 0.000000 0.992396 0.000000 -0.123087 0.521488 0.521488 0.521488
3967.610352 0.000000 4520.665527 0.000000 0.871658 0.000000 -0.490114 0.591113 0.591113 0.591113
3979.542969 0.000000 4512.373535 0.000000 0.934609 0.000000 -0.355676 0.564457 0.564457 0.564457
3981.265137 0.000000 4508.769531 0.000000 0.318422 0.000000 0.947949 0.280567 0.280567 0.280567
3977.284180 0.000000 4530.362305 0.000000 0.940866 0.000000 0.338779 0.440894 0.440894 0.440894
3971.214111 0.000000 4511.710449 0.000000 0.582245 0.000000 -0.813014 0.670047 0.670047 0.670047
3969.153320 0.000000 4510.773926 0.000000 0.722438 0.000000 0.691436 0.365623 0.365623 0.365623
3968.621582 0.000000 4522.560059 0.000000 0.597572 0.000000 -0.801815 0.666066 0.666066 0.666066
3981.038818 0.000000 4528.333008 0.000000 0.998770 0.000000 0.049575 0.490899 0.490899 0.490899
3971.205566 0.000000 4522.456055 0.000000 0.832415 0.000000 0.554152 0.394791 0.394791 0.394791
3973.388428 0.000000 4525.964355 0.000000 0.952286 0.000000 0.305206 0.444249 0.444249 0.444249
3975.248779 0.000000 4523.707031 0.000000 0.602845 0.000000 0.797858 0.336840 0.336840 0.336840
3976.488037 0.000000 4526.658691 0.000000 0.941246 0.000000 0.337723 0.437646 0.437646 0.437646
3967.518799 0.000000 4493.877441 0.000000 0.602943 0.000000 0.797784 0.331097 0.331097 0.331097
3973.927490 0.000000 4509.880371 0.000000 0.714767 0.000000 -0.699362 0.652754 0.652754 0.652754
3968.388916 0.000000 4519.336426 0.000000 0.790302 0.000000 -0.612718 0.630482 0.630482 0.630482
3973.311768 0.000000 4522.396973 0.000000 0.965073 0.000000 0.261981 0.448713 0.448713 0.448713
3980.434082 0.000000 4506.261719 0.000000 0.543905 0.000000 -0.839147 0.690167 0.690167 0.690167
3974.320312 0.000000 4508.098633 0.000000 0.699702 0.000000 -0.714435 0.664904 0.664904 0.664904
3974.957031 0.000000 4509.180664 0.000000 0.308509 0.000000 0.951221 0.239497 0.239497 0.239497
3968.763672 0.000000 4521.364746 0.000000 0.974947 0.000000 0.222438 0.454779 0.454779 0.454779
3969.352051 0.000000 4519.989258 0.000000 0.001909 0.000000 -0.999998 0.810407 0.810407 0.810407
3981.506348 0.000000 4548.128906 0.000000 0.958573 0.000000 0.284847 0.452046 0.452046 0.452046
3984.348633 0.000000 4560.154297 0.000000 0.375842 0.000000 -0.926684 0.724932 0.724932 0.724932
3977.605225 0.000000 4531.409180 0.000000 0.976483 0.000000 0.215595 0.462839 0.462839 0.462839
3980.841064 0.000000 4567.505371 0.000000 0.901433 0.000000 0.432918 0.418682 0.418682 0.418682
4013.208740 0.000000 4572.291504 0.000000 0.988282 0.000000 -0.152640 0.529266 0.529266 0.529266
3982.925293 0.000000 4572.935059 0.000000 0.987753 0.000000 -0.156023 0.526107 0.526107 0.526107
3981.171875 0.000000 4534.881348 0.000000 0.367957 0.000000 -0.929843 0.707914 0.707914 0.707914
3978.038086 0.000000 4544.571289 0.000000 0.726111 0.000000 -0.687577 0.635805 0.635805 0.635805
3977.474854 0.000000 4555.440430 0.000000 0.965864 0.000000 0.259049 0.455352 0.455352 0.455352
3979.485840 0.000000 4551.612305 0.000000 0.743943 0.000000 0.668243 0.375758 0.375758 0.375758
3980.296631 0.000000 4558.451660 0.000000 0.378817 0.000000 -0.925472 0.713992 0.713992 0.713992
3984.811523 0.000000 4555.454102 0.000000 0.586147 0.000000 0.810205 0.322561 0.322561 0.322561
3979.946289 0.000000 4542.513184 0.000000 0.766815 0.000000 -0.641868 0.619620 0.619620 0.619620
3979.055420 0.000000 4565.191895 0.000000 0.364562 0.000000 -0.931179 0.702569 0.702569 0.702569
3981.789062 0.000000 4561.132324 0.000000 0.357934 0.000000 -0.933747 0.724073 0.724073 0.724073
3985.924316 0.000000 4562.179199 0.000000 0.553955 0.000000 -0.832547 0.674978 0.674978 0.674978
3981.796875 0.000000 4550.704590 0.000000 0.849466 0.000000 0.527643 0.392458 0.392458 0.392458
3985.274170 0.000000 4557.847168 0.000000 0.671678 0.000000 0.740844 0.339614 0.339614 0.339614
3979.542969 0.000000 4556.365723 0.000000 0.633480 0.000000 0.773759 0.342069 0.342069 0.342069
3986.985840 0.000000 4555.177734 0.000000 0.639105 0.000000 -0.769119 0.649510 0.649510 0.649510
3981.265137 0.000000 4552.761719 0.000000 0.738013 0.000000 0.674787 0.372872 0.372872 0.372872
3983.622070 0.000000 4562.041992 0.000000 0.746281 0.000000 -0.665631 0.642285 0.642285 0.642285
3978.831055 0.000000 4567.661133 0.000000 0.816990 0.000000 -0.576652 0.606644 0.606644 0.606644
4013.571777 0.000000 4570.249023 0.000000 0.191322 0.000000 0.981527 0.246229 0.246229 0.246229
3980.001465 0.000000 4560.365723 0.000000 0.387258 0.000000 -0.921971 0.718196 0.718196 0.718196
3979.315918 0.000000 4535.006836 0.000000 0.654650 0.000000 0.755932 0.344869 0.344869 0.344869
3983.702881 0.000000 4571.203613 0.000000 0.955426 0.000000 -0.295232 0.554245 0.554245 0.554245
3981.845703 0.000000 4574.632324 0.000000 0.988454 0.000000 -0.151524 0.526772 0.526772 0.526772
4012.893066 0.000000 4573.898438 0.000000 0.999981 0.000000 0.006147 0.498826 0.498826 0.498826
3978.840332 0.000000 4532.856445 0.000000 0.808463 0.000000 -0.588546 0.631177 0.631177 0.631177
3984.191406 0.000000 4556.846680 0.000000 0.068670 0.000000 0.997639 0.211250 0.211250 0.211250
3982.222168 0.000000 4562.547852 0.000000 0.596080 0.000000 -0.802925 0.682107 0.682107 0.682107
3979.069336 0.000000 4531.305664 0.000000 0.271960 0.000000 -0.962309 0.753865 0.753865 0.753865
3980.434082 0.000000 4550.253906 0.000000 0.948355 0.000000 -0.317211 0.562454 0.562454 0.562454
3985.665039 0.000000 4560.750488 0.000000 0.989210 0.000000 -0.146506 0.527898 0.527898 0.527898
3984.734619 0.000000 4554.041504 0.000000 0.942151 0.000000 0.335190 0.435786 0.435786 0.435786
3980.770508 0.000000 4551.494629 0.000000 0.617855 0.000000 -0.786292 0.675060 0.675060 0.675060
3978.887451 0.000000 4533.988770 0.000000 0.574579 0.000000 -0.818449 0.699854 0.699854 0.699854
3960.354248 0.000000 4594.824219 0.000000 0.691868 0.000000 0.722024 0.366067 0.366067 0.366067
3960.547852 0.000000 4599.278320 0.000000 0.673882 0.000000 -0.738839 0.650473 0.650473 0.650473
3963.096924 0.000000 4595.501953 0.000000 0.793717 0.000000 -0.608288 0.613459 0.613459 0.613459
3957.957764 0.000000 4590.037109 0.000000 0.831214 0.000000 0.555952 0.398818 0.398818 0.398818
3962.294434 0.000000 4592.959961 0.000000 0.433446 0.000000 -0.901179 0.706672 0.706672 0.706672
3939.439941 0.000000 4619.049316 0.000000 0.773929 0.000000 -0.633272 0.630117 0.630117 0.630117
3959.425537 0.000000 4604.321777 0.000000 0.958065 0.000000 0.286551 0.449392 0.449392 0.449392
3961.299561 0.000000 4597.027344 0.000000 0.532314 0.000000 -0.846547 0.690273 0.690273 0.690273
3958.086182 0.000000 4606.131348 0.000000 0.618360 0.000000 -0.785895 0.663650 0.663650 0.663650
3958.738037 0.000000 4607.812988 0.000000 0.384757 0.000000 -0.923018 0.712829 0.712829 0.712829
3956.164795 0.000000 4597.699707 0.000000 0.253928 0.000000 -0.967223 0.757528 0.757528 0.757528
3959.929932 0.000000 4602.770508 0.000000 0.654697 0.000000 0.755892 0.332043 0.332043 0.332043
3958.025879 0.000000 4603.556641 0.000000 0.711865 0.000000 0.702317 0.347402 0.347402 0.347402
3959.369873 0.000000 4590.686035 0.000000 0.717167 0.000000 0.696902 0.355624 0.355624 0.355624
3963.451416 0.000000 4592.057617 0.000000 0.533363 0.000000 -0.845886 0.685635 0.685635 0.685635
3957.579590 0.000000 4597.977539 0.000000 0.912027 0.000000 0.410130 0.417180 0.417180 0.417180
3960.011230 0.000000 4596.412598 0.000000 0.876609 0.000000 -0.481204 0.594627 0.594627 0.594627
3957.809570 0.000000 4596.587891 0.000000 0.425590 0.000000 -0.904916 0.721688 0.721688 0.721688
3963.187744 0.000000 4584.893555 0.000000 0.327581 0.000000 0.944823 0.252931 0.252931 0.252931
3946.085449 0.000000 4629.211914 0.000000 0.990540 0.000000 -0.137227 0.523284 0.523284 0.523284
3953.229004 0.000000 4622.161621 0.000000 0.739675 0.000000 0.672964 0.379746 0.379746 0.379746
3933.838623 0.000000 4619.527344 0.000000 0.010792 0.000000 0.999942 0.234192 0.234192 0.234192
3952.583008 0.000000 4638.650879 0.000000 0.980523 0.000000 -0.196403 0.538126 0.538126 0.538126
3951.495361 0.000000 4627.643066 0.000000 0.836232 0.000000 -0.548376 0.611577 0.611577 0.611577
3938.031982 0.000000 4621.300293 0.000000 0.742002 0.000000 -0.670398 0.624276 0.624276 0.624276
3951.614502 0.000000 4631.767578 0.000000 0.758394 0.000000 0.651796 0.381248 0.381248 0.381248
3930.071289 0.000000 4619.479980 0.000000 0.364743 0.000000 -0.931108 0.698052 0.698052 0.698052
3950.241699 0.000000 4624.002441 0.000000 0.676663 0.000000 0.736293 0.363122 0.363122 0.363122
3947.881104 0.000000 4626.435547 0.000000 0.953464 0.000000 0.301508 0.441506 0.441506 0.441506
3949.114502 0.000000 4628.832520 0.000000 0.375471 0.000000 -0.926834 0.713166 0.713166 0.713166
3939.672607 0.000000 4619.243652 0.000000 1.000000 0.000000 0.000795 0.499849 0.499849 0.499849
3949.913574 0.000000 4626.080078 0.000000 0.360266 0.000000 0.932849 0.261384 0.261384 0.261384
3951.010742 0.000000 4629.576172 0.000000 0.904143 0.000000 -0.427230 0.578521 0.578521 0.578521
3954.626953 0.000000 4623.417969 0.000000 0.519357 0.000000 -0.854557 0.688028 0.688028 0.688028
3938.102295 0.000000 4619.611328 0.000000 0.792355 0.000000 0.610060 0.375506 0.375506 0.375506
3949.983887 0.000000 4627.597168 0.000000 0.518788 0.000000 -0.854903 0.703510 0.703510 0.703510
3953.932861 0.000000 4639.152832 0.000000 0.971954 0.000000 -0.235171 0.545783 0.545783 0.545783
3948.629150 0.000000 4627.545410 0.000000 0.930400 0.000000 -0.366547 0.574487 0.574487 0.574487
3946.492432 0.000000 4626.628906 0.000000 0.729349 0.000000 -0.684141 0.643894 0.643894 0.643894
3981.506348 0.000000 4592.121094 0.000000 0.993070 0.000000 -0.117528 0.520807 0.520807 0.520807
3997.041748 0.000000 4583.667480 0.000000 0.652259 0.000000 -0.757997 0.661072 0.661072 0.661072
3990.124023 0.000000 4588.978027 0.000000 0.700882 0.000000 0.713277 0.336926 0.336926 0.336926
3981.310059 0.000000 4598.920898 0.000000 0.997191 0.000000 -0.074898 0.513054 0.513054 0.513054
3995.473633 0.000000 4590.779785 0.000000 0.945067 0.000000 -0.326877 0.557155 0.557155 0.557155
3992.023926 0.000000 4593.920898 0.000000 0.836382 0.000000 0.548148 0.400063 0.400063 0.400063
3986.323730 0.000000 4591.754395 0.000000 0.994744 0.000000 0.102388 0.477978 0.477978 0.477978
4012.931396 0.000000 4575.251953 0.000000 0.570542 0.000000 -0.821268 0.682235 0.682235 0.682235
4000.874512 0.000000 4586.029785 0.000000 0.103898 0.000000 0.994588 0.247342 0.247342 0.247342
3999.710205 0.000000 4593.632812 0.000000 0.899426 0.000000 -0.437073 0.574816 0.574816 0.574816
3993.749756 0.000000 4586.763672 0.000000 0.739278 0.000000 0.673401 0.339533 0.339533 0.339533
4001.642334 0.000000 4617.105957 0.000000 0.914764 0.000000 0.403990 0.429659 0.429659 0.429659
3984.006104 0.000000 4595.778320 0.000000 0.888014 0.000000 -0.459816 0.584094 0.584094 0.584094
4007.589355 0.000000 4582.076660 0.000000 0.345891 0.000000 0.938275 0.286453 0.286453 0.286453
3979.485840 0.000000 4595.604492 0.000000 0.003535 0.000000 0.999994 0.242737 0.242737 0.242737
3986.512207 0.000000 4588.267578 0.000000 0.459190 0.000000 0.888338 0.270637 0.270637 0.270637
4000.375732 0.000000 4582.540039 0.000000 0.542467 0.000000 0.840077 0.328182 0.328182 0.328182
3998.870605 0.000000 4590.507324 0.000000 0.393410 0.000000 0.919363 0.287415 0.287415 0.287415
3989.179199 0.000000 4592.737305 0.000000 0.173811 0.000000 -0.984779 0.770120 0.770120 0.770120
3992.443848 0.000000 4590.699707 0.000000 0.441643 0.000000 0.897191 0.298481 0.298481 0.298481
3996.561035 0.000000 4593.439453 0.000000 0.249276 0.000000 -0.968433 0.746946 0.746946 0.746946
3983.861084 0.000000 4590.437500 0.000000 0.990821 0.000000 0.135183 0.474441 0.474441 0.474441
3980.342529 0.000000 4576.132324 0.000000 0.471434 0.000000 0.881901 0.310608 0.310608 0.310608
4003.046875 0.000000 4584.392578 0.000000 0.999998 0.000000 -0.002195 0.500404 0.500404 0.500404
4003.033691 0.000000 4587.603516 0.000000 0.708471 0.000000 0.705740 0.362594 0.362594 0.362594
3993.478271 0.000000 4596.193848 0.000000 0.638661 0.000000 0.769489 0.343267 0.343267 0.343267
3990.766602 0.000000 4596.236816 0.000000 0.369148 0.000000 0.929371 0.287843 0.287843 0.287843
3991.118408 0.000000 4586.599609 0.000000 0.895487 0.000000 -0.445088 0.580611 0.580611 0.580611
3986.479980 0.000000 4594.315430 0.000000 0.861449 0.000000 0.507845 0.400593 0.400593 0.400593
3994.675781 0.000000 4584.442383 0.000000 0.864549 0.000000 -0.502548 0.602863 0.602863 0.602863
4000.615723 0.000000 4588.731934 0.000000 0.989932 0.000000 -0.141541 0.525794 0.525794 0.525794
4005.538330 0.000000 4583.612793 0.000000 0.365838 0.000000 -0.930679 0.768041 0.768041 0.768041
3981.796875 0.000000 4594.696777 0.000000 0.922294 0.000000 0.386490 0.425946 0.425946 0.425946
3993.964600 0.000000 4592.590820 0.000000 0.170719 0.000000 -0.985320 0.741035 0.741035 0.741035
4012.053223 0.000000 4577.430664 0.000000 0.630913 0.000000 -0.775854 0.660186 0.660186 0.660186
3988.018555 0.000000 4590.083984 0.000000 0.876799 0.000000 -0.480857 0.606450 0.606450 0.606450
3995.295898 0.000000 4588.472656 0.000000 0.538509 0.000000 0.842620 0.310484 0.310484 0.310484
3998.594727 0.000000 4585.564941 0.000000 0.855193 0.000000 0.518309 0.399338 0.399338 0.399338
3985.854980 0.000000 4597.049805 0.000000 0.986001 0.000000 0.166740 0.471038 0.471038 0.471038
4005.745605 0.000000 4580.886719 0.000000 0.540373 0.000000 0.841426 0.309654 0.309654 0.309654
3992.342285 0.000000 4588.496094 0.000000 0.388943 0.000000 0.921262 0.258750 0.258750 0.258750
3981.265137 0.000000 4596.753906 0.000000 0.172939 0.000000 0.984933 0.261097 0.261097 0.261097
3992.547852 0.000000 4585.007324 0.000000 0.917822 0.000000 0.396993 0.427638 0.427638 0.427638
3996.384521 0.000000 4585.743164 0.000000 0.631813 0.000000 0.775120 0.342238 0.342238 0.342238
3989.237549 0.000000 4594.799316 0.000000 0.141880 0.000000 0.989884 0.236104 0.236104 0.236104
3994.808594 0.000000 4594.566406 0.000000 0.569732 0.000000 0.821831 0.329619 0.329619 0.329619
3999.380859 0.000000 4587.287598 0.000000 0.382242 0.000000 0.924062 0.295505 0.295505 0.295505
3997.250977 0.000000 4591.615234 0.000000 0.474899 0.000000 -0.880040 0.706162 0.706162 0.706162
3988.357666 0.000000 4587.873535 0.000000 0.250206 0.000000 0.968193 0.248299 0.248299 0.248299
4000.619629 0.000000 4614.824219 0.000000 0.617569 0.000000 -0.786517 0.663832 0.663832 0.663832
3983.026611 0.000000 4599.699707 0.000000 0.789700 0.000000 0.613493 0.376744 0.376744 0.376744
3994.007812 0.000000 4589.748535 0.000000 0.998603 0.000000 -0.052833 0.509996 0.509996 0.509996
3982.080078 0.000000 4590.446777 0.000000 0.824857 0.000000 -0.565341 0.613253 0.613253 0.613253
3981.297852 0.000000 4600.703613 0.000000 0.054135 0.000000 -0.998534 0.778297 0.778297 0.778297
4000.017578 0.000000 4584.272949 0.000000 0.254239 0.000000 0.967141 0.257295 0.257295 0.257295
4013.035400 0.000000 4578.830078 0.000000 0.933466 0.000000 -0.358665 0.568000 0.568000 0.568000
4003.669678 0.000000 4585.980469 0.000000 0.375569 0.000000 0.926794 0.281673 0.281673 0.281673
3987.499268 0.000000 4593.001953 0.000000 0.718754 0.000000 0.695264 0.350293 0.350293 0.350293
3993.697021 0.000000 4597.797852 0.000000 0.839599 0.000000 -0.543206 0.602506 0.602506 0.602506
3983.095459 0.000000 4591.963379 0.000000 0.418628 0.000000 0.908158 0.285337 0.285337 0.285337
3989.785400 0.000000 4587.306152 0.000000 0.119602 0.000000 0.992822 0.222897 0.222897 0.222897
3988.016357 0.000000 4591.600586 0.000000 0.402483 0.000000 0.915428 0.254568 0.254568 0.254568
3992.169434 0.000000 4595.433105 0.000000 0.998315 0.000000 0.058032 0.488947 0.488947 0.488947
4004.085205 0.000000 4583.183105 0.000000 0.490513 0.000000 0.871434 0.262913 0.262913 0.262913
3995.472412 0.000000 4592.412109 0.000000 0.180696 0.000000 0.983539 0.230366 0.230366 0.230366
4001.575684 0.000000 4584.252441 0.000000 0.985442 0.000000 0.170012 0.468438 0.468438 0.468438
4004.390381 0.000000 4580.419922 0.000000 0.427144 0.000000 0.904184 0.284993 0.284993 0.284993
3980.434082 0.000000 4594.246094 0.000000 0.139272 0.000000 0.990254 0.232938 0.232938 0.232938
3986.667969 0.000000 4595.726562 0.000000 0.211281 0.000000 -0.977425 0.753409 0.753409 0.753409
4005.157715 0.000000 4582.183594 0.000000 0.831595 0.000000 -0.555382 0.631935 0.631935 0.631935
3991.369141 0.000000 4589.698242 0.000000 0.803286 0.000000 0.595594 0.368991 0.368991 0.368991
3993.521240 0.000000 4594.021973 0.000000 0.453674 0.000000 -0.891167 0.709381 0.709381 0.709381
3994.992432 0.000000 4585.914062 0.000000 0.478101 0.000000 0.878305 0.290520 0.290520 0.290520
3987.827881 0.000000 4594.653320 0.000000 0.003228 0.000000 -0.999995 0.792535 0.792535 0.792535
3993.699463 0.000000 4588.328125 0.000000 0.039447 0.000000 0.999222 0.184597 0.184597 0.184597
3989.359619 0.000000 4590.223633 0.000000 0.934442 0.000000 0.356116 0.422734 0.422734 0.422734
3992.422607 0.000000 4586.955078 0.000000 0.983516 0.000000 0.180823 0.460508 0.460508 0.460508
3986.826172 0.000000 4590.561523 0.000000 0.237887 0.000000 0.971293 0.214315 0.214315 0.214315
3995.952393 0.000000 4584.495605 0.000000 0.529321 0.000000 0.848422 0.302106 0.302106 0.302106
3987.585205 0.000000 4588.932617 0.000000 0.712050 0.000000 -0.702129 0.663235 0.663235 0.663235
3988.847412 0.000000 4589.059082 0.000000 0.116180 0.000000 -0.993228 0.853101 0.853101 0.853101
3989.253906 0.000000 4591.427246 0.000000 0.818676 0.000000 -0.574255 0.629806 0.629806 0.629806
3992.840332 0.000000 4589.587402 0.000000 0.163427 0.000000 0.986555 0.210283 0.210283 0.210283
3986.674316 0.000000 4589.500000 0.000000 0.984353 0.000000 -0.176206 0.537146 0.537146 0.537146
3989.288086 0.000000 4588.150879 0.000000 0.870615 0.000000 -0.491966 0.624878 0.624878 0.624878
3993.190430 0.000000 4587.525391 0.000000 0.683004 0.000000 0.730415 0.322129 0.322129 0.322129
3972.659668 0.000000 4655.761719 0.000000 0.972578 0.000000 0.232576 0.462056 0.462056 0.462056
3980.841064 0.000000 4655.489746 0.000000 0.822013 0.000000 -0.569469 0.614576 0.614576 0.614576
3988.004883 0.000000 4640.469727 0.000000 0.707671 0.000000 0.706542 0.356029 0.356029 0.356029
3992.023926 0.000000 4637.913086 0.000000 0.486468 0.000000 -0.873698 0.692358 0.692358 0.692358
3974.634033 0.000000 4651.486328 0.000000 0.941503 0.000000 -0.337003 0.557710 0.557710 0.557710
3987.790039 0.000000 4645.217285 0.000000 0.980615 0.000000 -0.195946 0.532866 0.532866 0.532866
3998.601562 0.000000 4623.692871 0.000000 0.999940 0.000000 0.010992 0.498141 0.498141 0.498141
3984.006104 0.000000 4639.770508 0.000000 0.960406 0.000000 0.278604 0.445372 0.445372 0.445372
3980.296631 0.000000 4646.436035 0.000000 0.420614 0.000000 0.907240 0.298519 0.298519 0.298519
3992.443848 0.000000 4634.691895 0.000000 0.881605 0.000000 0.471988 0.412871 0.412871 0.412871
3974.651123 0.000000 4662.048828 0.000000 0.410513 0.000000 0.911855 0.308729 0.308729 0.308729
3993.478271 0.000000 4640.186035 0.000000 0.281512 0.000000 0.959558 0.272954 0.272954 0.272954
3990.766602 0.000000 4640.229004 0.000000 0.446928 0.000000 0.894570 0.307843 0.307843 0.307843
3986.479980 0.000000 4638.307617 0.000000 0.997574 0.000000 -0.069608 0.511957 0.511957 0.511957
3989.163086 0.000000 4642.702148 0.000000 0.313195 0.000000 -0.949689 0.714932 0.714932 0.714932
3976.997070 0.000000 4651.860840 0.000000 0.859192 0.000000 0.511654 0.399096 0.399096 0.399096
3974.757812 0.000000 4653.936035 0.000000 0.565283 0.000000 0.824897 0.323216 0.323216 0.323216
3985.274170 0.000000 4645.831543 0.000000 0.289005 0.000000 0.957327 0.280714 0.280714 0.280714
3993.964600 0.000000 4636.583008 0.000000 0.824135 0.000000 -0.566394 0.608984 0.608984 0.608984
3999.810791 0.000000 4624.892090 0.000000 0.182597 0.000000 -0.983188 0.746748 0.746748 0.746748
3978.076416 0.000000 4648.826660 0.000000 0.824694 0.000000 -0.565579 0.606929 0.606929 0.606929
3984.950928 0.000000 4638.485840 0.000000 0.110682 0.000000 -0.993856 0.782462 0.782462 0.782462
3977.601074 0.000000 4650.391602 0.000000 0.822309 0.000000 -0.569042 0.613722 0.613722 0.613722
3989.427734 0.000000 4640.909180 0.000000 0.990999 0.000000 0.133872 0.475361 0.475361 0.475361
3985.414551 0.000000 4647.241699 0.000000 0.943928 0.000000 -0.330150 0.565730 0.565730 0.565730
3985.361572 0.000000 4639.755371 0.000000 0.398042 0.000000 -0.917367 0.724713 0.724713 0.724713
3948.292725 0.000000 4678.754883 0.000000 0.999641 0.000000 0.026779 0.495487 0.495487 0.495487
3951.614502 0.000000 4675.759766 0.000000 0.618335 0.000000 0.785915 0.347067 0.347067 0.347067
3948.577148 0.000000 4675.503418 0.000000 0.649195 0.000000 0.760622 0.330082 0.330082 0.330082
3949.114502 0.000000 4672.824707 0.000000 0.725373 0.000000 -0.688356 0.633628 0.633628 0.633628
3950.480225 0.000000 4665.410156 0.000000 0.908656 0.000000 0.417546 0.419616 0.419616 0.419616
3946.256836 0.000000 4678.500000 0.000000 0.450131 0.000000 0.892962 0.296752 0.296752 0.296752
3951.010742 0.000000 4673.568359 0.000000 0.647408 0.000000 -0.762144 0.655776 0.655776 0.655776
3947.864502 0.000000 4680.601074 0.000000 0.746725 0.000000 -0.665133 0.632617 0.632617 0.632617
3947.479736 0.000000 4677.016113 0.000000 0.591820 0.000000 0.806070 0.329731 0.329731 0.329731
3949.102295 0.000000 4677.182129 0.000000 0.662051 0.000000 0.749459 0.336602 0.336602 0.336602
3949.034424 0.000000 4674.210449 0.000000 0.404405 0.000000 -0.914580 0.726972 0.726972 0.726972
3960.354248 0.000000 4726.800781 0.000000 0.843426 0.000000 0.537246 0.390617 0.390617 0.390617
3967.105713 0.000000 4713.875488 0.000000 0.943351 0.000000 -0.331795 0.557627 0.557627 0.557627
3960.547852 0.000000 4731.254883 0.000000 0.985984 0.000000 -0.166842 0.528562 0.528562 0.528562
3966.237061 0.000000 4716.958008 0.000000 0.399609 0.000000 -0.916686 0.691811 0.691811 0.691811
3963.519531 0.000000 4722.591309 0.000000 0.760322 0.000000 -0.649546 0.637672 0.637672 0.637672
3962.294434 0.000000 4724.936523 0.000000 0.947222 0.000000 -0.320579 0.554994 0.554994 0.554994
3958.916260 0.000000 4729.344238 0.000000 0.004975 0.000000 0.999988 0.228314 0.228314 0.228314
3961.299561 0.000000 4729.003906 0.000000 0.943484 0.000000 -0.331418 0.561354 0.561354 0.561354
3961.854736 0.000000 4726.437988 0.000000 0.976347 0.000000 -0.216209 0.542030 0.542030 0.542030
3964.730713 0.000000 4718.725586 0.000000 0.756593 0.000000 -0.653886 0.634338 0.634338 0.634338
3966.864990 0.000000 4715.513184 0.000000 0.570364 0.000000 0.821392 0.313512 0.313512 0.313512
3964.239502 0.000000 4719.936523 0.000000 0.999468 0.000000 0.032629 0.493849 0.493849 0.493849
3961.807129 0.000000 4727.777832 0.000000 0.702512 0.000000 0.711672 0.347280 0.347280 0.347280
3973.407227 0.000000 4677.626465 0.000000 0.944415 0.000000 -0.328756 0.564396 0.564396 0.564396
3976.981445 0.000000 4704.265137 0.000000 0.726747 0.000000 0.686905 0.375231 0.375231 0.375231
3975.670898 0.000000 4668.010254 0.000000 0.781842 0.000000 0.623477 0.383196 0.383196 0.383196
3968.585205 0.000000 4679.585938 0.000000 0.672409 0.000000 0.740180 0.350206 0.350206 0.350206
3970.141357 0.000000 4689.430664 0.000000 0.634816 0.000000 -0.772663 0.651009 0.651009 0.651009
3974.707275 0.000000 4673.048828 0.000000 0.147464 0.000000 0.989067 0.266451 0.266451 0.266451
3973.422852 0.000000 4687.305176 0.000000 0.333003 0.000000 -0.942926 0.712876 0.712876 0.712876
3970.200928 0.000000 4676.500977 0.000000 0.775066 0.000000 0.631880 0.363820 0.363820 0.363820
3974.884277 0.000000 4664.961914 0.000000 0.993264 0.000000 -0.115873 0.521310 0.521310 0.521310
3979.822998 0.000000 4705.928711 0.000000 0.821031 0.000000 -0.570884 0.600492 0.600492 0.600492
3972.370850 0.000000 4666.879883 0.000000 0.812363 0.000000 -0.583152 0.608805 0.608805 0.608805
3973.726074 0.000000 4670.205078 0.000000 0.867545 0.000000 -0.497358 0.589996 0.589996 0.589996
3970.779541 0.000000 4685.672852 0.000000 0.926017 0.000000 0.377482 0.435013 0.435013 0.435013
3971.338379 0.000000 4679.566406 0.000000 0.057739 0.000000 -0.998332 0.759692 0.759692 0.759692
3973.114746 0.000000 4684.499023 0.000000 0.994670 0.000000 -0.103106 0.518566 0.518566 0.518566
3977.284180 0.000000 4706.331055 0.000000 0.152915 0.000000 -0.988239 0.756527 0.756527 0.756527
3971.214111 0.000000 4687.679199 0.000000 0.765486 0.000000 0.643453 0.370864 0.370864 0.370864
3972.201172 0.000000 4671.437012 0.000000 0.358183 0.000000 -0.933651 0.708237 0.708237 0.708237
3973.763428 0.000000 4689.326172 0.000000 0.013062 0.000000 -0.999915 0.804311 0.804311 0.804311
3974.315186 0.000000 4666.710449 0.000000 0.969301 0.000000 0.245876 0.455656 0.455656 0.455656
3973.492920 0.000000 4668.358398 0.000000 0.121822 0.000000 -0.992552 0.758592 0.758592 0.758592
3969.930664 0.000000 4678.373535 0.000000 0.471105 0.000000 0.882077 0.305823 0.305823 0.305823
3971.522949 0.000000 4677.666504 0.000000 0.521289 0.000000 0.853380 0.296433 0.296433 0.296433
3972.930420 0.000000 4679.224609 0.000000 0.665234 0.000000 -0.746635 0.654685 0.654685 0.654685
3972.190918 0.000000 4676.319824 0.000000 0.802843 0.000000 -0.596191 0.622789 0.622789 0.622789
3972.934814 0.000000 4688.388672 0.000000 0.061234 0.000000 -0.998123 0.794893 0.794893 0.794893
3970.843018 0.000000 4713.450684 0.000000 0.351294 0.000000 -0.936265 0.756405 0.756405 0.756405
3977.605225 0.000000 4707.377930 0.000000 0.980718 0.000000 0.195429 0.464398 0.464398 0.464398
3967.560791 0.000000 4718.409180 0.000000 0.999972 0.000000 0.007513 0.498734 0.498734 0.498734
3972.370850 0.000000 4710.872070 0.000000 0.154538 0.000000 0.987987 0.225215 0.225215 0.225215
3968.413574 0.000000 4715.410156 0.000000 0.904301 0.000000 0.426896 0.418792 0.418792 0.418792
3968.310059 0.000000 4712.432617 0.000000 0.823553 0.000000 -0.567239 0.620087 0.620087 0.620087
3969.189209 0.000000 4713.946777 0.000000 0.872406 0.000000 0.488781 0.398321 0.398321 0.398321
3976.550049 0.000000 4708.664551 0.000000 0.978617 0.000000 0.205690 0.461468 0.461468 0.461468
3969.755859 0.000000 4712.670898 0.000000 0.206060 0.000000 -0.978539 0.771423 0.771423 0.771423
3971.980469 0.000000 4712.237305 0.000000 0.253949 0.000000 -0.967218 0.778027 0.778027 0.778027
"}
