object={
	name="steppe_bush_02_generator_0"
	clamp_to_water_level=no
	render_under_water=no
	generated_content=yes
	layer="grass_layer"
	pdxmesh="steppe_bush_02_mesh"
	count=787
	transform="2960.538086 0.000000 4090.512695 0.000000 0.375028 0.000000 -0.927013 0.720656 0.720656 0.720656
3001.645996 0.000000 4118.744629 0.000000 0.067937 0.000000 0.997690 0.258945 0.258945 0.258945
2961.490723 0.000000 4101.182617 0.000000 0.247947 0.000000 0.968774 0.265158 0.265158 0.265158
2958.432617 0.000000 4101.162598 0.000000 0.271164 0.000000 0.962533 0.275906 0.275906 0.275906
2999.542725 0.000000 4120.407715 0.000000 0.731154 0.000000 0.682213 0.356142 0.356142 0.356142
2960.012695 0.000000 4162.772461 0.000000 0.024739 0.000000 0.999694 0.202795 0.202795 0.202795
2961.539551 0.000000 4163.327637 0.000000 0.603418 0.000000 -0.797425 0.677435 0.677435 0.677435
3006.354248 0.000000 4189.051758 0.000000 0.014942 0.000000 0.999888 0.215478 0.215478 0.215478
3007.667725 0.000000 4188.972168 0.000000 0.999903 0.000000 0.013934 0.497452 0.497452 0.497452
3129.334229 0.000000 4001.305908 0.000000 0.192162 0.000000 0.981363 0.236070 0.236070 0.236070
3128.010010 0.000000 4001.449707 0.000000 0.980201 0.000000 -0.198005 0.538192 0.538192 0.538192
3112.812012 0.000000 4041.343506 0.000000 0.573311 0.000000 0.819338 0.341777 0.341777 0.341777
3115.798584 0.000000 4041.172119 0.000000 0.986423 0.000000 0.164225 0.463138 0.463138 0.463138
3115.601807 0.000000 4039.646484 0.000000 0.949884 0.000000 -0.312603 0.576992 0.576992 0.576992
3114.566650 0.000000 4040.719238 0.000000 0.765832 0.000000 -0.643041 0.656065 0.656065 0.656065
3134.319824 0.000000 4037.894775 0.000000 0.967223 0.000000 -0.253928 0.564737 0.564737 0.564737
3114.768066 0.000000 4038.915039 0.000000 0.334475 0.000000 0.942405 0.202198 0.202198 0.202198
3115.619385 0.000000 4038.749756 0.000000 0.097098 0.000000 0.995275 0.143159 0.143159 0.143159
3134.493652 0.000000 4036.834961 0.000000 0.686202 0.000000 -0.727411 0.705388 0.705388 0.705388
3114.710693 0.000000 4039.855713 0.000000 0.990236 0.000000 0.139400 0.466132 0.466132 0.466132
3238.066895 0.000000 4039.431152 0.000000 0.949771 0.000000 -0.312947 0.554433 0.554433 0.554433
3209.936035 0.000000 4031.302734 0.000000 0.905134 0.000000 0.425125 0.402161 0.402161 0.402161
3241.917480 0.000000 4039.581543 0.000000 0.315917 0.000000 0.948787 0.122586 0.122586 0.122586
3208.586426 0.000000 4031.631836 0.000000 0.445623 0.000000 -0.895221 0.747088 0.747088 0.747088
3211.259033 0.000000 4031.316650 0.000000 0.892854 0.000000 0.450346 0.378708 0.378708 0.378708
3241.848145 0.000000 4038.152588 0.000000 0.188100 0.000000 -0.982150 0.917348 0.917348 0.917348
3240.891602 0.000000 4039.013916 0.000000 0.482960 0.000000 -0.875642 0.822251 0.822251 0.822251
3209.039551 0.000000 4030.584961 0.000000 0.167784 0.000000 0.985824 0.187563 0.187563 0.187563
3210.010254 0.000000 4030.260742 0.000000 0.589969 0.000000 0.807426 0.255996 0.255996 0.255996
3210.641113 0.000000 4030.780762 0.000000 0.946345 0.000000 -0.323158 0.585439 0.585439 0.585439
3322.154297 0.000000 4038.310059 0.000000 0.788734 0.000000 0.614734 0.377277 0.377277 0.377277
3320.118652 0.000000 4037.104492 0.000000 0.738904 0.000000 -0.673811 0.656434 0.656434 0.656434
3322.007080 0.000000 4036.141357 0.000000 0.364992 0.000000 0.931011 0.239975 0.239975 0.239975
3321.078369 0.000000 4039.979004 0.000000 0.861270 0.000000 -0.508148 0.597144 0.597144 0.597144
3323.641113 0.000000 4037.558350 0.000000 0.401289 0.000000 -0.915952 0.751490 0.751490 0.751490
3323.593506 0.000000 4039.196777 0.000000 0.793941 0.000000 0.607995 0.378855 0.378855 0.378855
3321.365967 0.000000 4037.276123 0.000000 0.743526 0.000000 0.668707 0.345022 0.345022 0.345022
3320.797852 0.000000 4036.079590 0.000000 0.635763 0.000000 0.771884 0.313427 0.313427 0.313427
3322.513184 0.000000 4037.183105 0.000000 0.882700 0.000000 -0.469937 0.606258 0.606258 0.606258
3323.419434 0.000000 4036.531738 0.000000 0.934488 0.000000 -0.355995 0.579056 0.579056 0.579056
3377.142090 0.000000 4039.547119 0.000000 0.683027 0.000000 0.730393 0.322647 0.322647 0.322647
3376.786133 0.000000 4041.283447 0.000000 0.096757 0.000000 0.995308 0.164234 0.164234 0.164234
3377.325684 0.000000 4038.219482 0.000000 0.973789 0.000000 -0.227454 0.549696 0.549696 0.549696
3376.493652 0.000000 4040.301025 0.000000 0.768868 0.000000 -0.639407 0.658038 0.658038 0.658038
3376.003906 0.000000 4041.892578 0.000000 0.991566 0.000000 -0.129599 0.529607 0.529607 0.529607
3377.774170 0.000000 4041.255127 0.000000 0.999985 0.000000 0.005520 0.498743 0.498743 0.498743
3377.487061 0.000000 4040.417236 0.000000 0.841594 0.000000 -0.540111 0.629981 0.629981 0.629981
3131.173340 0.000000 4060.699219 0.000000 0.172502 0.000000 0.985009 0.109261 0.109261 0.109261
3130.328613 0.000000 4061.875732 0.000000 0.992209 0.000000 -0.124587 0.534927 0.534927 0.534927
3130.223389 0.000000 4060.547119 0.000000 0.408548 0.000000 0.912737 0.178463 0.178463 0.178463
3131.272461 0.000000 4061.817871 0.000000 0.279871 0.000000 -0.960038 0.859901 0.859901 0.859901
3188.903320 0.000000 4074.716064 0.000000 0.699170 0.000000 0.714955 0.263848 0.263848 0.263848
3189.071777 0.000000 4075.673340 0.000000 0.340302 0.000000 -0.940316 0.862742 0.862742 0.862742
3126.434814 0.000000 4098.377930 0.000000 0.989525 0.000000 0.144364 0.475135 0.475135 0.475135
3101.542236 0.000000 4103.648926 0.000000 0.070985 0.000000 0.997477 0.217313 0.217313 0.217313
3128.785400 0.000000 4099.503906 0.000000 0.794407 0.000000 -0.607386 0.625484 0.625484 0.625484
3119.507324 0.000000 4115.481934 0.000000 0.675071 0.000000 -0.737753 0.661575 0.661575 0.661575
3119.322021 0.000000 4112.733887 0.000000 0.343060 0.000000 0.939313 0.273735 0.273735 0.273735
3100.493896 0.000000 4101.828613 0.000000 0.229777 0.000000 0.973243 0.250130 0.250130 0.250130
3122.728516 0.000000 4095.511230 0.000000 0.182573 0.000000 0.983192 0.208226 0.208226 0.208226
3118.720215 0.000000 4114.262695 0.000000 0.992820 0.000000 -0.119616 0.523349 0.523349 0.523349
3118.119141 0.000000 4115.622559 0.000000 0.514774 0.000000 0.857326 0.299417 0.299417 0.299417
3169.420898 0.000000 4121.397461 0.000000 0.881644 0.000000 0.471915 0.403684 0.403684 0.403684
3185.830322 0.000000 4104.913086 0.000000 0.440059 0.000000 -0.897969 0.728982 0.728982 0.728982
3184.304932 0.000000 4105.406738 0.000000 0.948100 0.000000 -0.317972 0.566446 0.566446 0.566446
3136.612549 0.000000 4117.500488 0.000000 0.583753 0.000000 0.811931 0.317867 0.317867 0.317867
3137.399170 0.000000 4118.760254 0.000000 0.962031 0.000000 -0.272942 0.550555 0.550555 0.550555
3137.490967 0.000000 4116.287598 0.000000 0.114745 0.000000 0.993395 0.220146 0.220146 0.220146
3168.000732 0.000000 4121.302246 0.000000 0.680219 0.000000 0.733009 0.338761 0.338761 0.338761
3259.930908 0.000000 4050.699219 0.000000 0.749180 0.000000 0.662366 0.353598 0.353598 0.353598
3259.664795 0.000000 4048.786133 0.000000 0.898614 0.000000 -0.438741 0.581359 0.581359 0.581359
3258.388428 0.000000 4051.559082 0.000000 0.306140 0.000000 -0.951987 0.754729 0.754729 0.754729
3261.113281 0.000000 4049.131104 0.000000 0.112192 0.000000 0.993687 0.223293 0.223293 0.223293
3261.360840 0.000000 4051.062744 0.000000 0.118374 0.000000 0.992969 0.174625 0.174625 0.174625
3260.563721 0.000000 4051.968750 0.000000 0.361448 0.000000 0.932392 0.230903 0.230903 0.230903
3261.262939 0.000000 4050.089600 0.000000 0.669906 0.000000 0.742446 0.312521 0.312521 0.312521
3282.385254 0.000000 4050.283447 0.000000 0.612294 0.000000 0.790630 0.354307 0.354307 0.354307
3285.597168 0.000000 4050.292236 0.000000 0.937145 0.000000 0.348939 0.418355 0.418355 0.418355
3303.792236 0.000000 4074.085938 0.000000 0.979885 0.000000 0.199561 0.464012 0.464012 0.464012
3284.140381 0.000000 4051.769531 0.000000 0.451871 0.000000 0.892083 0.247593 0.247593 0.247593
3305.014160 0.000000 4072.486328 0.000000 0.288946 0.000000 0.957345 0.216908 0.216908 0.216908
3303.181885 0.000000 4075.829346 0.000000 0.973910 0.000000 0.226936 0.458992 0.458992 0.458992
3285.042725 0.000000 4052.984375 0.000000 0.809972 0.000000 -0.586469 0.655283 0.655283 0.655283
3305.229004 0.000000 4074.285156 0.000000 0.330259 0.000000 -0.943890 0.764220 0.764220 0.764220
3285.649902 0.000000 4051.684814 0.000000 0.995460 0.000000 0.095182 0.478165 0.478165 0.478165
3304.213623 0.000000 4075.194092 0.000000 0.896755 0.000000 0.442526 0.401863 0.401863 0.401863
3284.792236 0.000000 4050.957031 0.000000 0.963741 0.000000 -0.266839 0.561871 0.561871 0.561871
3304.514160 0.000000 4073.357910 0.000000 0.930298 0.000000 0.366805 0.416785 0.416785 0.416785
3305.643555 0.000000 4075.199219 0.000000 0.666322 0.000000 -0.745664 0.680154 0.680154 0.680154
3285.826172 0.000000 4053.555908 0.000000 0.216552 0.000000 -0.976271 0.835129 0.835129 0.835129
3284.834961 0.000000 4053.912598 0.000000 0.776518 0.000000 0.630095 0.331093 0.331093 0.331093
3284.158691 0.000000 4052.962402 0.000000 0.986969 0.000000 0.160908 0.459956 0.459956 0.459956
3284.946289 0.000000 4052.142334 0.000000 0.996635 0.000000 0.081965 0.479668 0.479668 0.479668
3285.721924 0.000000 4052.503662 0.000000 0.843418 0.000000 0.537258 0.359462 0.359462 0.359462
3226.404297 0.000000 4123.367188 0.000000 0.700208 0.000000 0.713939 0.270730 0.270730 0.270730
3260.782715 0.000000 4131.472656 0.000000 0.557125 0.000000 0.830428 0.282890 0.282890 0.282890
3209.444580 0.000000 4101.754883 0.000000 0.006209 0.000000 -0.999981 0.760730 0.760730 0.760730
3262.447754 0.000000 4129.085938 0.000000 0.526888 0.000000 0.849935 0.325006 0.325006 0.325006
3262.414062 0.000000 4130.829102 0.000000 0.743325 0.000000 0.668931 0.330324 0.330324 0.330324
3210.500732 0.000000 4103.094238 0.000000 0.893185 0.000000 -0.449689 0.616443 0.616443 0.616443
3211.083984 0.000000 4101.285156 0.000000 0.938114 0.000000 0.346326 0.426939 0.426939 0.426939
3262.027588 0.000000 4131.931152 0.000000 0.903143 0.000000 -0.429340 0.602755 0.602755 0.602755
3227.502686 0.000000 4123.014160 0.000000 0.169058 0.000000 -0.985606 0.903958 0.903958 0.903958
3211.517090 0.000000 4103.786133 0.000000 0.524575 0.000000 0.851364 0.245706 0.245706 0.245706
3263.415527 0.000000 4131.421875 0.000000 0.921218 0.000000 -0.389048 0.592529 0.592529 0.592529
3226.424316 0.000000 4122.258301 0.000000 0.526678 0.000000 0.850065 0.207004 0.207004 0.207004
3210.414307 0.000000 4102.082520 0.000000 0.983557 0.000000 -0.180600 0.545336 0.545336 0.545336
3261.483643 0.000000 4130.803223 0.000000 0.867573 0.000000 -0.497310 0.615326 0.615326 0.615326
3260.427246 0.000000 4130.552246 0.000000 0.947982 0.000000 0.318325 0.428220 0.428220 0.428220
3211.281494 0.000000 4102.187012 0.000000 0.992081 0.000000 -0.125601 0.531440 0.531440 0.531440
3227.222656 0.000000 4123.777344 0.000000 0.995195 0.000000 0.097910 0.471722 0.471722 0.471722
3211.312988 0.000000 4102.999023 0.000000 0.460597 0.000000 -0.887609 0.772655 0.772655 0.772655
3282.385254 0.000000 4094.275635 0.000000 0.997644 0.000000 -0.068605 0.514870 0.514870 0.514870
3263.736328 0.000000 4128.356934 0.000000 0.627263 0.000000 0.778807 0.346211 0.346211 0.346211
3283.859619 0.000000 4097.818359 0.000000 0.645381 0.000000 -0.763861 0.725157 0.725157 0.725157
3316.093262 0.000000 4098.096680 0.000000 0.420357 0.000000 0.907359 0.187059 0.187059 0.187059
3282.153320 0.000000 4096.536133 0.000000 0.049978 0.000000 -0.998750 0.893912 0.893912 0.893912
3263.800537 0.000000 4130.438477 0.000000 0.986062 0.000000 -0.166379 0.538706 0.538706 0.538706
3317.046143 0.000000 4099.966797 0.000000 0.413190 0.000000 -0.910645 0.815112 0.815112 0.815112
3283.840820 0.000000 4094.466553 0.000000 0.541636 0.000000 -0.840613 0.716232 0.716232 0.716232
3282.915771 0.000000 4095.420166 0.000000 0.922409 0.000000 0.386213 0.414123 0.414123 0.414123
3317.199463 0.000000 4098.696289 0.000000 0.923687 0.000000 0.383148 0.391773 0.391773 0.391773
3316.062744 0.000000 4099.305664 0.000000 0.625860 0.000000 -0.779936 0.746223 0.746223 0.746223
3283.353760 0.000000 4096.718750 0.000000 0.851780 0.000000 0.523900 0.357172 0.357172 0.357172
3263.692871 0.000000 4131.930664 0.000000 0.261386 0.000000 0.965234 0.197511 0.197511 0.197511
3282.652832 0.000000 4097.193359 0.000000 0.959379 0.000000 -0.282121 0.574080 0.574080 0.574080
3112.812012 0.000000 4217.312500 0.000000 0.654396 0.000000 0.756152 0.352300 0.352300 0.352300
3110.821777 0.000000 4217.068359 0.000000 0.676997 0.000000 0.735986 0.342548 0.342548 0.342548
3270.418701 0.000000 4196.695312 0.000000 0.991751 0.000000 0.128175 0.469677 0.469677 0.469677
3313.842773 0.000000 4185.192871 0.000000 0.989674 0.000000 0.143337 0.471543 0.471543 0.471543
3302.864990 0.000000 4209.682129 0.000000 0.999202 0.000000 -0.039938 0.509475 0.509475 0.509475
3300.445557 0.000000 4209.421387 0.000000 0.983639 0.000000 0.180153 0.464274 0.464274 0.464274
3313.382568 0.000000 4187.167480 0.000000 0.792968 0.000000 0.609263 0.384693 0.384693 0.384693
3271.820801 0.000000 4197.944824 0.000000 0.865063 0.000000 0.501663 0.376017 0.376017 0.376017
3268.625000 0.000000 4196.902832 0.000000 0.384643 0.000000 0.923065 0.223293 0.223293 0.223293
3271.816650 0.000000 4196.108398 0.000000 0.539015 0.000000 0.842296 0.263715 0.263715 0.263715
3315.373291 0.000000 4184.789551 0.000000 0.898569 0.000000 0.438833 0.395088 0.395088 0.395088
3301.863525 0.000000 4208.624512 0.000000 0.140251 0.000000 0.990116 0.217949 0.217949 0.217949
3302.895508 0.000000 4211.212402 0.000000 0.975526 0.000000 -0.219883 0.542341 0.542341 0.542341
3314.709473 0.000000 4186.530273 0.000000 0.305090 0.000000 0.952324 0.259212 0.259212 0.259212
3300.188477 0.000000 4208.007324 0.000000 0.865236 0.000000 0.501364 0.396421 0.396421 0.396421
3269.516602 0.000000 4197.751465 0.000000 0.685363 0.000000 0.728201 0.308067 0.308067 0.308067
3270.730713 0.000000 4197.716797 0.000000 0.102038 0.000000 -0.994780 0.846473 0.846473 0.846473
3303.381104 0.000000 4208.749023 0.000000 0.925384 0.000000 0.379031 0.407800 0.407800 0.407800
3271.341064 0.000000 4196.961914 0.000000 0.903546 0.000000 -0.428491 0.604472 0.604472 0.604472
3314.810059 0.000000 4185.573242 0.000000 0.808551 0.000000 0.588426 0.354719 0.354719 0.354719
3268.593506 0.000000 4197.973145 0.000000 0.502603 0.000000 0.864518 0.254303 0.254303 0.254303
3314.407227 0.000000 4184.401855 0.000000 0.616703 0.000000 0.787196 0.290719 0.290719 0.290719
3269.482178 0.000000 4196.552246 0.000000 0.969868 0.000000 0.243632 0.442091 0.442091 0.442091
3341.250000 0.000000 4050.966797 0.000000 0.993557 0.000000 -0.113335 0.520416 0.520416 0.520416
3369.538818 0.000000 4078.347168 0.000000 0.867039 0.000000 0.498240 0.376299 0.376299 0.376299
3338.791992 0.000000 4052.769043 0.000000 0.851633 0.000000 0.524139 0.387401 0.387401 0.387401
3371.701172 0.000000 4079.602295 0.000000 0.827004 0.000000 -0.562196 0.634521 0.634521 0.634521
3369.115723 0.000000 4076.042725 0.000000 0.991545 0.000000 -0.129766 0.522011 0.522011 0.522011
3368.226318 0.000000 4079.875732 0.000000 0.754918 0.000000 0.655820 0.330358 0.330358 0.330358
3340.534668 0.000000 4052.701904 0.000000 0.662220 0.000000 -0.749310 0.705647 0.705647 0.705647
3339.792480 0.000000 4053.977783 0.000000 0.923606 0.000000 0.383343 0.419707 0.419707 0.419707
3370.976074 0.000000 4078.345703 0.000000 0.579441 0.000000 -0.815014 0.714668 0.714668 0.714668
3341.748535 0.000000 4052.214111 0.000000 0.001651 0.000000 -0.999999 0.880972 0.880972 0.880972
3332.908691 0.000000 4067.222656 0.000000 0.664853 0.000000 0.746974 0.246773 0.246773 0.246773
3368.058838 0.000000 4078.539307 0.000000 0.944257 0.000000 0.329208 0.420437 0.420437 0.420437
3370.411377 0.000000 4079.437256 0.000000 0.780738 0.000000 -0.624859 0.652076 0.652076 0.652076
3353.556152 0.000000 4080.185547 0.000000 0.757786 0.000000 0.652503 0.330955 0.330955 0.330955
3353.186279 0.000000 4081.630615 0.000000 0.947353 0.000000 0.320192 0.422495 0.422495 0.422495
3369.298340 0.000000 4079.620361 0.000000 0.498793 0.000000 0.866721 0.251304 0.251304 0.251304
3353.538818 0.000000 4083.662109 0.000000 0.716689 0.000000 -0.697393 0.676295 0.676295 0.676295
3352.543213 0.000000 4083.533691 0.000000 0.959630 0.000000 0.281265 0.434871 0.434871 0.434871
3340.751221 0.000000 4053.695068 0.000000 0.972521 0.000000 0.232816 0.442951 0.442951 0.442951
3341.556641 0.000000 4053.204590 0.000000 0.752448 0.000000 0.658652 0.325428 0.325428 0.325428
3333.592773 0.000000 4067.799316 0.000000 0.116658 0.000000 -0.993172 0.936467 0.936467 0.936467
3352.219482 0.000000 4082.692383 0.000000 0.963708 0.000000 -0.266959 0.561731 0.561731 0.561731
3368.875732 0.000000 4078.874512 0.000000 0.978842 0.000000 -0.204617 0.548875 0.548875 0.548875
3332.091553 0.000000 4067.293701 0.000000 0.583144 0.000000 0.812369 0.215340 0.215340 0.215340
3410.555664 0.000000 4090.985840 0.000000 0.996163 0.000000 0.087518 0.476099 0.476099 0.476099
3440.862549 0.000000 4089.069824 0.000000 0.895525 0.000000 -0.445011 0.607078 0.607078 0.607078
3454.299561 0.000000 4057.074951 0.000000 0.247517 0.000000 0.968883 0.276619 0.276619 0.276619
3408.483398 0.000000 4090.512695 0.000000 0.655047 0.000000 0.755588 0.352449 0.352449 0.352449
3392.691895 0.000000 4082.638184 0.000000 0.553112 0.000000 0.833107 0.272602 0.272602 0.272602
3441.995361 0.000000 4048.517334 0.000000 0.551715 0.000000 -0.834033 0.725938 0.725938 0.725938
3454.297363 0.000000 4058.918945 0.000000 0.974479 0.000000 0.224478 0.458314 0.458314 0.458314
3404.526855 0.000000 4052.701904 0.000000 0.034971 0.000000 -0.999388 0.818242 0.818242 0.818242
3439.148193 0.000000 4088.589111 0.000000 0.409540 0.000000 -0.912292 0.741642 0.741642 0.741642
3393.067627 0.000000 4085.366943 0.000000 0.873362 0.000000 0.487072 0.389186 0.389186 0.389186
3442.869141 0.000000 4049.931885 0.000000 0.993599 0.000000 -0.112969 0.526497 0.526497 0.526497
3440.082031 0.000000 4048.932617 0.000000 0.933737 0.000000 -0.357961 0.583854 0.583854 0.583854
3406.687988 0.000000 4053.231689 0.000000 0.453911 0.000000 0.891047 0.226154 0.226154 0.226154
3405.740723 0.000000 4052.214111 0.000000 0.364227 0.000000 0.931310 0.251760 0.251760 0.251760
3443.420898 0.000000 4048.684570 0.000000 0.740167 0.000000 0.672423 0.327392 0.327392 0.327392
3438.160156 0.000000 4089.317871 0.000000 0.153637 0.000000 0.988127 0.202051 0.202051 0.202051
3393.902832 0.000000 4082.400635 0.000000 0.903108 0.000000 -0.429414 0.602497 0.602497 0.602497
3392.874756 0.000000 4083.829590 0.000000 0.386486 0.000000 0.922295 0.228892 0.228892 0.228892
3439.826904 0.000000 4089.614014 0.000000 0.878304 0.000000 -0.478102 0.604850 0.604850 0.604850
3440.958496 0.000000 4048.251953 0.000000 0.997103 0.000000 -0.076059 0.517439 0.517439 0.517439
3407.777344 0.000000 4052.565430 0.000000 0.866952 0.000000 0.498391 0.370070 0.370070 0.370070
3441.250000 0.000000 4088.107666 0.000000 0.580020 0.000000 -0.814602 0.721044 0.721044 0.721044
3441.220215 0.000000 4049.202393 0.000000 0.945729 0.000000 0.324955 0.424190 0.424190 0.424190
3441.726562 0.000000 4089.579590 0.000000 0.995986 0.000000 -0.089504 0.520809 0.520809 0.520809
3442.021240 0.000000 4049.641602 0.000000 0.999806 0.000000 -0.019676 0.504605 0.504605 0.504605
3443.699219 0.000000 4049.613770 0.000000 0.643124 0.000000 0.765762 0.295854 0.295854 0.295854
3393.533691 0.000000 4083.197266 0.000000 0.254321 0.000000 0.967120 0.196638 0.196638 0.196638
3440.032227 0.000000 4088.743652 0.000000 0.500055 0.000000 0.865994 0.256877 0.256877 0.256877
3442.680176 0.000000 4049.097656 0.000000 0.060514 0.000000 0.998167 0.146525 0.146525 0.146525
3407.148438 0.000000 4053.951172 0.000000 0.747854 0.000000 0.663863 0.319211 0.319211 0.319211
3411.282959 0.000000 4090.530273 0.000000 0.910901 0.000000 -0.412625 0.616009 0.616009 0.616009
3360.952637 0.000000 4102.115234 0.000000 0.030917 0.000000 -0.999522 0.801783 0.801783 0.801783
3352.367188 0.000000 4131.599609 0.000000 0.995221 0.000000 -0.097644 0.521669 0.521669 0.521669
3360.693848 0.000000 4104.817871 0.000000 0.940741 0.000000 0.339125 0.417726 0.417726 0.417726
3359.458984 0.000000 4103.373535 0.000000 0.289015 0.000000 0.957325 0.278324 0.278324 0.278324
3352.800293 0.000000 4128.519531 0.000000 0.163277 0.000000 0.986580 0.145277 0.145277 0.145277
3358.760254 0.000000 4104.933594 0.000000 0.943612 0.000000 0.331054 0.436189 0.436189 0.436189
3352.434326 0.000000 4130.048340 0.000000 0.999071 0.000000 0.043096 0.490448 0.490448 0.490448
3361.546875 0.000000 4103.538086 0.000000 0.986558 0.000000 0.163413 0.467830 0.467830 0.467830
3361.421387 0.000000 4105.986328 0.000000 0.998732 0.000000 -0.050339 0.511976 0.511976 0.511976
3353.521729 0.000000 4129.724121 0.000000 0.255572 0.000000 -0.966790 0.830913 0.830913 0.830913
3353.464844 0.000000 4131.848633 0.000000 0.345042 0.000000 0.938587 0.230016 0.230016 0.230016
3353.066406 0.000000 4130.840820 0.000000 0.339054 0.000000 -0.940767 0.771396 0.771396 0.771396
3353.811768 0.000000 4128.618164 0.000000 0.903400 0.000000 0.428798 0.388256 0.388256 0.388256
3352.019775 0.000000 4129.204590 0.000000 0.767084 0.000000 0.641547 0.324373 0.324373 0.324373
3361.499268 0.000000 4104.480957 0.000000 0.262607 0.000000 0.964903 0.189658 0.189658 0.189658
3360.421143 0.000000 4104.039062 0.000000 0.805962 0.000000 0.591967 0.349357 0.349357 0.349357
3360.001221 0.000000 4105.309570 0.000000 0.940393 0.000000 -0.340089 0.582518 0.582518 0.582518
3410.992920 0.000000 4091.410889 0.000000 0.313170 0.000000 -0.949697 0.841553 0.841553 0.841553
3411.881592 0.000000 4091.328125 0.000000 0.721355 0.000000 -0.692566 0.708663 0.708663 0.708663
3455.623291 0.000000 4058.526123 0.000000 0.430925 0.000000 0.902388 0.292813 0.292813 0.292813
3457.241455 0.000000 4057.077148 0.000000 0.624819 0.000000 -0.780769 0.674459 0.674459 0.674459
3456.732422 0.000000 4058.184814 0.000000 0.962730 0.000000 0.270463 0.430942 0.430942 0.430942
3456.377930 0.000000 4058.996094 0.000000 0.109074 0.000000 0.994034 0.131480 0.131480 0.131480
3343.003418 0.000000 4220.997559 0.000000 0.469498 0.000000 0.882934 0.211620 0.211620 0.211620
3343.781006 0.000000 4219.266113 0.000000 0.193079 0.000000 0.981183 0.231954 0.231954 0.231954
3342.454102 0.000000 4219.723633 0.000000 0.393268 0.000000 -0.919424 0.727175 0.727175 0.727175
3342.228027 0.000000 4221.666016 0.000000 0.456137 0.000000 0.889910 0.207603 0.207603 0.207603
3343.999023 0.000000 4221.548340 0.000000 0.998549 0.000000 0.053851 0.485641 0.485641 0.485641
3343.630615 0.000000 4220.237305 0.000000 0.363850 0.000000 -0.931458 0.819381 0.819381 0.819381
3342.056396 0.000000 4220.671875 0.000000 0.327214 0.000000 0.944950 0.170214 0.170214 0.170214
3486.654785 0.000000 4212.620605 0.000000 0.247977 0.000000 -0.968766 0.806524 0.806524 0.806524
3484.668213 0.000000 4211.279297 0.000000 0.008208 0.000000 0.999966 0.224974 0.224974 0.224974
3487.316162 0.000000 4210.419434 0.000000 0.119317 0.000000 0.992856 0.217408 0.217408 0.217408
3485.004150 0.000000 4212.930176 0.000000 0.846479 0.000000 -0.532422 0.608282 0.608282 0.608282
3487.737549 0.000000 4211.771484 0.000000 0.689702 0.000000 -0.724094 0.657677 0.657677 0.657677
3486.889648 0.000000 4213.799805 0.000000 0.704172 0.000000 0.710029 0.316685 0.316685 0.316685
3487.656738 0.000000 4212.707520 0.000000 0.373473 0.000000 0.927641 0.224161 0.224161 0.224161
2985.514893 0.000000 4231.453125 0.000000 0.999779 0.000000 -0.021011 0.503777 0.503777 0.503777
2984.799561 0.000000 4233.581055 0.000000 0.555820 0.000000 0.831303 0.315620 0.315620 0.315620
3045.758545 0.000000 4226.819824 0.000000 0.546265 0.000000 0.837613 0.299216 0.299216 0.299216
3044.599121 0.000000 4226.480957 0.000000 0.973094 0.000000 0.230410 0.452984 0.452984 0.452984
3045.524658 0.000000 4227.893066 0.000000 0.444426 0.000000 0.895815 0.275482 0.275482 0.275482
3130.395996 0.000000 4285.014648 0.000000 0.581179 0.000000 -0.813775 0.685115 0.685115 0.685115
3131.552979 0.000000 4284.112305 0.000000 0.541607 0.000000 0.840632 0.305571 0.305571 0.305571
3318.411377 0.000000 4230.354492 0.000000 0.999416 0.000000 0.034180 0.493834 0.493834 0.493834
3313.516113 0.000000 4256.732910 0.000000 0.122393 0.000000 0.992482 0.190897 0.190897 0.190897
3313.149902 0.000000 4259.508301 0.000000 0.903980 0.000000 -0.427574 0.596512 0.596512 0.596512
3315.317139 0.000000 4257.512695 0.000000 0.084181 0.000000 -0.996450 0.769059 0.769059 0.769059
3320.273682 0.000000 4229.599609 0.000000 0.174482 0.000000 -0.984660 0.778698 0.778698 0.778698
3314.557373 0.000000 4258.881348 0.000000 0.726622 0.000000 -0.687037 0.638508 0.638508 0.638508
3313.333496 0.000000 4258.180664 0.000000 0.711472 0.000000 -0.702715 0.670216 0.670216 0.670216
3321.241211 0.000000 4228.830566 0.000000 0.717888 0.000000 0.696158 0.346206 0.346206 0.346206
3312.555420 0.000000 4257.164551 0.000000 0.674297 0.000000 0.738460 0.322665 0.322665 0.322665
3320.340820 0.000000 4230.614746 0.000000 0.921999 0.000000 -0.387192 0.598018 0.598018 0.598018
3312.458984 0.000000 4258.870117 0.000000 0.590982 0.000000 0.806685 0.294982 0.294982 0.294982
3175.033447 0.000000 4335.318848 0.000000 0.455615 0.000000 0.890177 0.289663 0.289663 0.289663
3174.300293 0.000000 4334.069336 0.000000 0.256245 0.000000 -0.966612 0.751327 0.751327 0.751327
3330.219482 0.000000 4249.508789 0.000000 0.924348 0.000000 0.381550 0.412773 0.412773 0.412773
3373.364746 0.000000 4246.057129 0.000000 0.783053 0.000000 0.621955 0.352951 0.352951 0.352951
3370.231445 0.000000 4246.834961 0.000000 0.442680 0.000000 0.896680 0.307714 0.307714 0.307714
3373.446777 0.000000 4248.869141 0.000000 0.818524 0.000000 0.574472 0.356770 0.356770 0.356770
3344.491211 0.000000 4266.481445 0.000000 0.959297 0.000000 0.282398 0.432993 0.432993 0.432993
3331.292236 0.000000 4247.757324 0.000000 0.881887 0.000000 0.471461 0.375288 0.375288 0.375288
3371.551270 0.000000 4248.273438 0.000000 0.993771 0.000000 0.111438 0.480276 0.480276 0.480276
3372.324951 0.000000 4249.895996 0.000000 0.241065 0.000000 -0.970509 0.810664 0.810664 0.810664
3372.788574 0.000000 4247.469238 0.000000 0.513223 0.000000 -0.858255 0.726052 0.726052 0.726052
3343.265381 0.000000 4266.200684 0.000000 0.436128 0.000000 0.899885 0.244966 0.244966 0.244966
3330.440186 0.000000 4246.906738 0.000000 0.031248 0.000000 -0.999512 0.891081 0.891081 0.891081
3331.035645 0.000000 4248.824219 0.000000 0.462965 0.000000 0.886377 0.257250 0.257250 0.257250
3331.474609 0.000000 4246.722656 0.000000 0.531328 0.000000 -0.847166 0.756724 0.756724 0.756724
3372.412598 0.000000 4248.870117 0.000000 0.535882 0.000000 -0.844293 0.735279 0.735279 0.735279
3372.552979 0.000000 4246.542480 0.000000 0.960864 0.000000 -0.277021 0.561492 0.561492 0.561492
3330.390137 0.000000 4248.049316 0.000000 0.985423 0.000000 0.170123 0.461908 0.461908 0.461908
3345.331299 0.000000 4266.916016 0.000000 0.692637 0.000000 -0.721287 0.688565 0.688565 0.688565
3422.804932 0.000000 4249.822754 0.000000 0.961923 0.000000 0.273322 0.439351 0.439351 0.439351
3423.526367 0.000000 4246.008301 0.000000 0.084109 0.000000 0.996457 0.191031 0.191031 0.191031
3397.796387 0.000000 4230.283203 0.000000 0.992998 0.000000 -0.118135 0.521654 0.521654 0.521654
3424.563965 0.000000 4247.857422 0.000000 0.914424 0.000000 0.404758 0.424315 0.424315 0.424315
3446.148682 0.000000 4254.193848 0.000000 0.083286 0.000000 0.996526 0.131445 0.131445 0.131445
3437.976074 0.000000 4230.150391 0.000000 0.833249 0.000000 0.552898 0.386651 0.386651 0.386651
3396.271484 0.000000 4231.515137 0.000000 0.887364 0.000000 0.461070 0.412367 0.412367 0.412367
3405.109131 0.000000 4264.379883 0.000000 0.943985 0.000000 -0.329989 0.573462 0.573462 0.573462
3446.800537 0.000000 4255.875488 0.000000 0.932209 0.000000 -0.361920 0.591761 0.591761 0.591761
3405.916016 0.000000 4266.687012 0.000000 0.621042 0.000000 -0.783777 0.725433 0.725433 0.725433
3399.133057 0.000000 4231.355957 0.000000 0.649560 0.000000 -0.760310 0.721580 0.721580 0.721580
3422.932861 0.000000 4247.997070 0.000000 0.816656 0.000000 0.577125 0.372137 0.372137 0.372137
3444.660889 0.000000 4254.597168 0.000000 0.282476 0.000000 -0.959274 0.778976 0.778976 0.778976
3397.727051 0.000000 4231.924316 0.000000 0.157525 0.000000 0.987515 0.241673 0.241673 0.241673
3424.151123 0.000000 4249.193848 0.000000 0.650839 0.000000 0.759216 0.338578 0.338578 0.338578
3436.691650 0.000000 4231.615723 0.000000 0.831913 0.000000 0.554906 0.386184 0.386184 0.386184
3405.127441 0.000000 4265.666016 0.000000 1.000000 0.000000 0.000101 0.499978 0.499978 0.499978
3422.398682 0.000000 4246.597656 0.000000 0.980003 0.000000 0.198983 0.458366 0.458366 0.458366
3445.677002 0.000000 4255.288574 0.000000 0.512614 0.000000 0.858619 0.275726 0.275726 0.275726
3404.542236 0.000000 4266.961914 0.000000 0.725620 0.000000 0.688096 0.310073 0.310073 0.310073
3447.011719 0.000000 4254.828613 0.000000 0.185578 0.000000 0.982629 0.157035 0.157035 0.157035
3423.487061 0.000000 4247.060059 0.000000 0.730694 0.000000 -0.682705 0.656181 0.656181 0.656181
3422.361084 0.000000 4248.890137 0.000000 0.579468 0.000000 -0.814995 0.708714 0.708714 0.708714
3399.854980 0.000000 4230.640625 0.000000 0.041479 0.000000 0.999139 0.107702 0.107702 0.107702
3398.798584 0.000000 4230.444824 0.000000 0.790428 0.000000 0.612555 0.330879 0.330879 0.330879
3447.824951 0.000000 4255.892090 0.000000 0.993812 0.000000 0.111073 0.472421 0.472421 0.472421
3423.278564 0.000000 4248.932617 0.000000 0.892959 0.000000 -0.450137 0.602289 0.602289 0.602289
3398.146484 0.000000 4231.112793 0.000000 0.773652 0.000000 0.633611 0.323973 0.323973 0.323973
3438.817139 0.000000 4231.251953 0.000000 0.924746 0.000000 -0.380585 0.607220 0.607220 0.607220
3335.749023 0.000000 4272.080566 0.000000 0.682284 0.000000 0.731087 0.320380 0.320380 0.320380
3343.142578 0.000000 4267.293945 0.000000 0.964324 0.000000 -0.264724 0.561034 0.561034 0.561034
3335.140869 0.000000 4275.348145 0.000000 0.150615 0.000000 0.988592 0.141158 0.141158 0.141158
3335.454590 0.000000 4273.713867 0.000000 0.945551 0.000000 -0.325475 0.572625 0.572625 0.572625
3344.383545 0.000000 4267.291016 0.000000 0.166266 0.000000 0.986081 0.171449 0.171449 0.171449
3334.715576 0.000000 4272.723633 0.000000 0.512577 0.000000 0.858641 0.273783 0.273783 0.273783
3345.816406 0.000000 4267.346680 0.000000 0.998449 0.000000 0.055669 0.486964 0.486964 0.486964
3335.862793 0.000000 4274.632812 0.000000 0.927855 0.000000 0.372942 0.403395 0.403395 0.403395
3334.806396 0.000000 4274.437012 0.000000 0.345647 0.000000 0.938365 0.192153 0.192153 0.192153
3334.008545 0.000000 4273.370117 0.000000 0.954404 0.000000 0.298517 0.433591 0.433591 0.433591
3334.154297 0.000000 4275.104980 0.000000 0.999160 0.000000 0.040983 0.489638 0.489638 0.489638
3405.644287 0.000000 4267.383301 0.000000 0.998313 0.000000 0.058061 0.485460 0.485460 0.485460
3404.086426 0.000000 4267.308105 0.000000 0.964980 0.000000 0.262325 0.433568 0.433568 0.433568
3482.373047 0.000000 4255.344238 0.000000 0.291396 0.000000 0.956603 0.219863 0.219863 0.219863
3481.519775 0.000000 4253.613281 0.000000 0.251520 0.000000 -0.967852 0.732543 0.732543 0.732543
3483.387207 0.000000 4253.813965 0.000000 0.219970 0.000000 -0.975507 0.815738 0.815738 0.815738
3483.471436 0.000000 4254.991211 0.000000 0.724716 0.000000 -0.689047 0.667007 0.667007 0.667007
3482.465820 0.000000 4253.083984 0.000000 0.211074 0.000000 -0.977470 0.817870 0.817870 0.817870
3482.393066 0.000000 4254.234863 0.000000 0.838524 0.000000 0.544864 0.373405 0.373405 0.373405
3483.446533 0.000000 4252.766113 0.000000 0.961422 0.000000 -0.275077 0.565223 0.565223 0.565223
3480.515625 0.000000 4271.023438 0.000000 0.394110 0.000000 -0.919063 0.726997 0.726997 0.726997
3517.976807 0.000000 4294.112793 0.000000 0.017288 0.000000 -0.999851 0.755005 0.755005 0.755005
3515.632568 0.000000 4292.900879 0.000000 0.100673 0.000000 0.994920 0.247701 0.247701 0.247701
3480.085449 0.000000 4268.708496 0.000000 0.877182 0.000000 -0.480157 0.591276 0.591276 0.591276
3481.916748 0.000000 4269.634766 0.000000 0.278049 0.000000 -0.960567 0.734924 0.734924 0.734924
3504.827637 0.000000 4288.353516 0.000000 0.389462 0.000000 -0.921043 0.717020 0.717020 0.717020
3478.499023 0.000000 4268.848633 0.000000 0.372453 0.000000 0.928051 0.260273 0.260273 0.260273
3478.939453 0.000000 4271.113770 0.000000 0.999139 0.000000 -0.041496 0.509145 0.509145 0.509145
3479.509033 0.000000 4269.910645 0.000000 0.663056 0.000000 0.748570 0.329469 0.329469 0.329469
3478.526367 0.000000 4270.070801 0.000000 0.287832 0.000000 -0.957681 0.781753 0.781753 0.781753
3531.523682 0.000000 4275.763672 0.000000 0.594215 0.000000 -0.804307 0.693643 0.693643 0.693643
3532.351318 0.000000 4294.498535 0.000000 0.905069 0.000000 0.425266 0.426800 0.426800 0.426800
3533.843750 0.000000 4297.179199 0.000000 0.973641 0.000000 -0.228086 0.541937 0.541937 0.541937
3533.578613 0.000000 4274.112305 0.000000 0.860733 0.000000 -0.509057 0.622671 0.622671 0.622671
3532.056152 0.000000 4296.412598 0.000000 0.981747 0.000000 -0.190190 0.534874 0.534874 0.534874
3530.342529 0.000000 4274.348633 0.000000 0.179880 0.000000 0.983689 0.211987 0.211987 0.211987
3533.296631 0.000000 4275.768555 0.000000 0.180196 0.000000 0.983631 0.180831 0.180831 0.180831
3532.853516 0.000000 4277.197266 0.000000 0.924007 0.000000 0.382376 0.428002 0.428002 0.428002
3532.488770 0.000000 4274.875488 0.000000 0.607861 0.000000 0.794043 0.289282 0.289282 0.289282
3533.875977 0.000000 4275.031738 0.000000 0.971690 0.000000 -0.236259 0.554783 0.554783 0.554783
3532.407715 0.000000 4275.933105 0.000000 0.890066 0.000000 0.455832 0.391290 0.391290 0.391290
3441.297363 0.000000 4327.169434 0.000000 0.532074 0.000000 -0.846698 0.667639 0.667639 0.667639
3452.759277 0.000000 4351.433594 0.000000 0.950245 0.000000 -0.311505 0.558127 0.558127 0.558127
3469.568848 0.000000 4328.167969 0.000000 0.995680 0.000000 0.092856 0.484504 0.484504 0.484504
3515.469238 0.000000 4319.655273 0.000000 0.514441 0.000000 0.857526 0.313490 0.313490 0.313490
3483.196533 0.000000 4336.819336 0.000000 0.974388 0.000000 -0.224872 0.542044 0.542044 0.542044
3502.393799 0.000000 4338.498535 0.000000 0.469658 0.000000 -0.882849 0.694472 0.694472 0.694472
3471.157959 0.000000 4328.010254 0.000000 0.815159 0.000000 -0.579238 0.613748 0.613748 0.613748
3491.156738 0.000000 4330.071777 0.000000 0.543955 0.000000 0.839114 0.320408 0.320408 0.320408
3470.440918 0.000000 4329.389160 0.000000 0.894633 0.000000 0.446802 0.414718 0.414718 0.414718
3560.757324 0.000000 4349.289062 0.000000 0.556720 0.000000 0.830700 0.332344 0.332344 0.332344
3555.486816 0.000000 4355.096191 0.000000 0.322326 0.000000 0.946629 0.274312 0.274312 0.274312
3561.878418 0.000000 4347.526855 0.000000 0.988457 0.000000 -0.151503 0.526769 0.526769 0.526769
3528.542725 0.000000 4350.689941 0.000000 0.975541 0.000000 -0.219817 0.539284 0.539284 0.539284
3507.146729 0.000000 4364.151367 0.000000 0.735879 0.000000 -0.677113 0.628598 0.628598 0.628598
3538.354004 0.000000 4358.229004 0.000000 0.722013 0.000000 0.691880 0.374576 0.374576 0.374576
3574.089355 0.000000 4395.201172 0.000000 0.875911 0.000000 -0.482473 0.593329 0.593329 0.593329
3555.719482 0.000000 4355.290527 0.000000 0.518849 0.000000 0.854866 0.313782 0.313782 0.313782
3537.067139 0.000000 4356.309570 0.000000 0.305083 0.000000 0.952326 0.283604 0.283604 0.283604
3554.149170 0.000000 4355.658203 0.000000 0.751919 0.000000 0.659256 0.369262 0.369262 0.369262
3548.637939 0.000000 4396.747070 0.000000 0.994056 0.000000 0.108874 0.480255 0.480255 0.480255
3580.254639 0.000000 4475.821777 0.000000 0.875090 0.000000 0.483961 0.417076 0.417076 0.417076
3574.579102 0.000000 4486.000977 0.000000 0.642737 0.000000 0.766087 0.342036 0.342036 0.342036
3564.899902 0.000000 4479.053711 0.000000 0.069184 0.000000 0.997604 0.229156 0.229156 0.229156
3553.638672 0.000000 4468.049805 0.000000 0.483646 0.000000 0.875263 0.278449 0.278449 0.278449
3553.324951 0.000000 4469.493164 0.000000 0.994186 0.000000 -0.107677 0.522423 0.522423 0.522423
3515.469238 0.000000 4495.624023 0.000000 0.900837 0.000000 0.434157 0.408342 0.408342 0.408342
3512.738525 0.000000 4495.433594 0.000000 0.347908 0.000000 0.937528 0.192004 0.192004 0.192004
3514.153320 0.000000 4494.971191 0.000000 0.546524 0.000000 0.837444 0.297420 0.297420 0.297420
3515.667236 0.000000 4494.178223 0.000000 0.308454 0.000000 0.951239 0.243409 0.243409 0.243409
3513.264404 0.000000 4494.184082 0.000000 0.999343 0.000000 0.036258 0.490810 0.490810 0.490810
3513.787842 0.000000 4495.970215 0.000000 0.996282 0.000000 -0.086149 0.521857 0.521857 0.521857
3512.317383 0.000000 4494.567871 0.000000 0.894993 0.000000 0.446081 0.382833 0.382833 0.382833
3574.802490 0.000000 4488.780762 0.000000 0.926465 0.000000 -0.376380 0.565992 0.565992 0.565992
3526.812500 0.000000 4521.959473 0.000000 0.202993 0.000000 0.979180 0.215161 0.215161 0.215161
3551.388672 0.000000 4516.029297 0.000000 0.923111 0.000000 0.384534 0.432993 0.432993 0.432993
3552.768066 0.000000 4514.405762 0.000000 0.902764 0.000000 -0.430136 0.589916 0.589916 0.589916
3553.387695 0.000000 4515.782227 0.000000 0.298288 0.000000 0.954476 0.243605 0.243605 0.243605
3526.019043 0.000000 4520.781250 0.000000 0.272101 0.000000 0.962269 0.229996 0.229996 0.229996
3527.355469 0.000000 4520.689941 0.000000 0.938405 0.000000 0.345537 0.426452 0.426452 0.426452
3552.671387 0.000000 4516.489746 0.000000 0.995261 0.000000 0.097236 0.474653 0.474653 0.474653
3527.216553 0.000000 4518.924316 0.000000 0.992508 0.000000 -0.122179 0.531267 0.531267 0.531267
3507.106201 0.000000 4545.227539 0.000000 0.944026 0.000000 -0.329870 0.593577 0.593577 0.593577
3545.821533 0.000000 4538.112793 0.000000 0.998532 0.000000 -0.054169 0.514951 0.514951 0.514951
3545.157227 0.000000 4539.506836 0.000000 0.948951 0.000000 -0.315423 0.588527 0.588527 0.588527
3545.024902 0.000000 4538.622559 0.000000 0.999987 0.000000 0.005130 0.498585 0.498585 0.498585
3591.674316 0.000000 4464.154297 0.000000 0.966775 0.000000 0.255628 0.453535 0.453535 0.453535
3598.655518 0.000000 4481.878906 0.000000 0.956585 0.000000 0.291455 0.450715 0.450715 0.450715
3600.190430 0.000000 4461.210449 0.000000 0.996864 0.000000 0.079138 0.486600 0.486600 0.486600
3599.336182 0.000000 4478.851074 0.000000 0.004263 0.000000 0.999991 0.209614 0.209614 0.209614
3644.180908 0.000000 4510.310547 0.000000 0.999732 0.000000 -0.023148 0.503973 0.503973 0.503973
3609.055664 0.000000 4522.656250 0.000000 0.999731 0.000000 -0.023196 0.504271 0.504271 0.504271
3652.698730 0.000000 4523.785156 0.000000 0.590427 0.000000 0.807091 0.345831 0.345831 0.345831
3668.043945 0.000000 4508.493164 0.000000 0.876438 0.000000 -0.481515 0.589363 0.589363 0.589363
3670.368164 0.000000 4521.449219 0.000000 0.654254 0.000000 -0.756275 0.645591 0.645591 0.645591
3655.132568 0.000000 4525.447754 0.000000 0.867345 0.000000 -0.497708 0.591366 0.591366 0.591366
3670.805664 0.000000 4508.252441 0.000000 0.506383 0.000000 0.862309 0.322827 0.322827 0.322827
3671.532959 0.000000 4523.190918 0.000000 0.960140 0.000000 -0.279520 0.551630 0.551630 0.551630
3686.853516 0.000000 4521.951172 0.000000 0.055247 0.000000 -0.998473 0.781876 0.781876 0.781876
3638.372314 0.000000 4538.299805 0.000000 0.103249 0.000000 0.994656 0.249977 0.249977 0.249977
3637.387695 0.000000 4541.726562 0.000000 0.992784 0.000000 -0.119917 0.520032 0.520032 0.520032
3636.054199 0.000000 4538.019043 0.000000 0.637532 0.000000 -0.770424 0.664680 0.664680 0.664680
3637.007080 0.000000 4539.888672 0.000000 0.395023 0.000000 0.918671 0.281920 0.281920 0.281920
3634.670410 0.000000 4538.467773 0.000000 0.777597 0.000000 0.628763 0.373957 0.373957 0.373957
3654.746338 0.000000 4541.072266 0.000000 0.974504 0.000000 0.224371 0.461018 0.461018 0.461018
3687.628418 0.000000 4538.084473 0.000000 0.901329 0.000000 0.433135 0.427026 0.427026 0.427026
3689.843018 0.000000 4537.526855 0.000000 0.380839 0.000000 -0.924641 0.709177 0.709177 0.709177
3663.757080 0.000000 4539.502930 0.000000 0.912960 0.000000 0.408049 0.424185 0.424185 0.424185
3688.327148 0.000000 4536.201172 0.000000 0.928193 0.000000 0.372098 0.432418 0.432418 0.432418
3958.042480 0.000000 4483.185547 0.000000 0.996347 0.000000 0.085402 0.485698 0.485698 0.485698
3960.968750 0.000000 4481.886719 0.000000 0.890920 0.000000 0.454161 0.422027 0.422027 0.422027
3958.532227 0.000000 4486.000977 0.000000 0.990643 0.000000 -0.136480 0.525293 0.525293 0.525293
3960.032471 0.000000 4483.630371 0.000000 0.645658 0.000000 -0.763627 0.667577 0.667577 0.667577
3961.313721 0.000000 4483.234863 0.000000 0.876220 0.000000 -0.481911 0.596976 0.596976 0.596976
3963.844971 0.000000 4490.621582 0.000000 0.866527 0.000000 -0.499130 0.587088 0.587088 0.587088
3928.121094 0.000000 4515.202637 0.000000 0.601689 0.000000 0.798731 0.326190 0.326190 0.326190
3964.207764 0.000000 4519.813965 0.000000 0.641860 0.000000 -0.766822 0.642354 0.642354 0.642354
3958.755615 0.000000 4488.780762 0.000000 0.795568 0.000000 -0.605865 0.620648 0.620648 0.620648
3963.414551 0.000000 4495.624023 0.000000 0.652108 0.000000 0.758126 0.348021 0.348021 0.348021
3960.700195 0.000000 4501.965820 0.000000 0.519080 0.000000 0.854726 0.304875 0.304875 0.304875
3935.062012 0.000000 4525.792480 0.000000 0.754113 0.000000 -0.656744 0.629685 0.629685 0.629685
3960.169678 0.000000 4518.772461 0.000000 0.998503 0.000000 0.054691 0.490472 0.490472 0.490472
3960.088867 0.000000 4498.019531 0.000000 0.957112 0.000000 -0.289719 0.556504 0.556504 0.556504
3967.105713 0.000000 4493.914551 0.000000 0.729383 0.000000 -0.684105 0.637772 0.637772 0.637772
3956.494629 0.000000 4491.449707 0.000000 0.762821 0.000000 0.646609 0.381510 0.381510 0.381510
3967.178223 0.000000 4521.147461 0.000000 0.939343 0.000000 0.342978 0.437727 0.437727 0.437727
3966.237061 0.000000 4496.997070 0.000000 0.523796 0.000000 -0.851844 0.671802 0.671802 0.671802
3964.234131 0.000000 4516.660156 0.000000 0.351945 0.000000 0.936021 0.300436 0.300436 0.300436
3940.642822 0.000000 4528.640137 0.000000 0.467929 0.000000 0.883766 0.303823 0.303823 0.303823
3930.690674 0.000000 4515.894531 0.000000 0.289178 0.000000 -0.957275 0.715268 0.715268 0.715268
3937.780762 0.000000 4524.909668 0.000000 0.928538 0.000000 -0.371236 0.567654 0.567654 0.567654
3964.629395 0.000000 4493.126953 0.000000 0.932586 0.000000 0.360949 0.436386 0.436386 0.436386
3966.369629 0.000000 4518.485352 0.000000 0.229991 0.000000 0.973193 0.258526 0.258526 0.258526
3962.246094 0.000000 4493.494141 0.000000 0.923880 0.000000 0.382682 0.429657 0.429657 0.429657
3961.269531 0.000000 4499.832520 0.000000 0.969329 0.000000 -0.245767 0.547734 0.547734 0.547734
3958.524170 0.000000 4490.841797 0.000000 0.699925 0.000000 0.714216 0.350553 0.350553 0.350553
3961.862061 0.000000 4497.006836 0.000000 0.986328 0.000000 -0.164794 0.534407 0.534407 0.534407
3966.272949 0.000000 4516.500000 0.000000 0.325302 0.000000 0.945610 0.281846 0.281846 0.281846
3929.465088 0.000000 4517.566406 0.000000 0.772632 0.000000 0.634854 0.366919 0.366919 0.366919
3964.395508 0.000000 4497.276367 0.000000 0.597454 0.000000 -0.801903 0.664350 0.664350 0.664350
3931.332520 0.000000 4517.767090 0.000000 0.851930 0.000000 0.523656 0.390269 0.390269 0.390269
3926.242188 0.000000 4516.872070 0.000000 0.969561 0.000000 -0.244850 0.545236 0.545236 0.545236
3959.995850 0.000000 4489.989258 0.000000 0.992269 0.000000 -0.124109 0.523065 0.523065 0.523065
3928.037598 0.000000 4516.719727 0.000000 0.974173 0.000000 0.225802 0.455931 0.455931 0.455931
3926.802490 0.000000 4514.462891 0.000000 0.914918 0.000000 0.403640 0.424277 0.424277 0.424277
3929.298584 0.000000 4516.004883 0.000000 0.958724 0.000000 -0.284337 0.555784 0.555784 0.555784
3959.264160 0.000000 4491.989258 0.000000 0.548121 0.000000 0.836399 0.313886 0.313886 0.313886
3961.415283 0.000000 4498.351074 0.000000 0.435339 0.000000 -0.900266 0.715376 0.715376 0.715376
3960.325195 0.000000 4496.702637 0.000000 0.964379 0.000000 0.264524 0.444360 0.444360 0.444360
3946.085449 0.000000 4541.227539 0.000000 0.209650 0.000000 -0.977776 0.722324 0.722324 0.722324
3953.437988 0.000000 4564.678223 0.000000 0.999934 0.000000 0.011510 0.497658 0.497658 0.497658
3954.335205 0.000000 4569.952148 0.000000 0.969207 0.000000 -0.246249 0.543792 0.543792 0.543792
3945.681885 0.000000 4544.572754 0.000000 0.496008 0.000000 -0.868318 0.686437 0.686437 0.686437
3955.988281 0.000000 4567.248535 0.000000 0.869272 0.000000 -0.494335 0.585844 0.585844 0.585844
3950.137451 0.000000 4565.294922 0.000000 0.510610 0.000000 0.859813 0.318496 0.318496 0.318496
3953.071777 0.000000 4567.453613 0.000000 0.475779 0.000000 0.879565 0.308789 0.308789 0.308789
3957.660889 0.000000 4568.806641 0.000000 0.994990 0.000000 0.099977 0.482936 0.482936 0.482936
3946.822754 0.000000 4543.016113 0.000000 0.597865 0.000000 0.801596 0.332838 0.332838 0.332838
3944.603516 0.000000 4545.885742 0.000000 0.756646 0.000000 -0.653825 0.626317 0.626317 0.626317
3945.355957 0.000000 4542.903320 0.000000 0.861834 0.000000 0.507191 0.397082 0.397082 0.397082
3944.549316 0.000000 4543.929199 0.000000 0.682747 0.000000 -0.730655 0.658516 0.658516 0.658516
3972.659668 0.000000 4523.785156 0.000000 0.796553 0.000000 0.604569 0.374386 0.374386 0.374386
3981.506348 0.000000 4504.136719 0.000000 0.680972 0.000000 0.732309 0.366657 0.366657 0.366657
3967.637939 0.000000 4517.916016 0.000000 0.926199 0.000000 0.377035 0.431957 0.431957 0.431957
3975.627441 0.000000 4508.146484 0.000000 0.944754 0.000000 -0.327781 0.569200 0.569200 0.569200
3982.925293 0.000000 4528.942871 0.000000 0.668031 0.000000 -0.744134 0.644569 0.644569 0.644569
3976.981445 0.000000 4528.296387 0.000000 0.103417 0.000000 0.994638 0.244511 0.244511 0.244511
3974.634033 0.000000 4519.509766 0.000000 0.067644 0.000000 -0.997710 0.757989 0.757989 0.757989
3972.989990 0.000000 4527.706055 0.000000 0.715004 0.000000 -0.699121 0.649305 0.649305 0.649305
3969.929199 0.000000 4521.020020 0.000000 0.984835 0.000000 0.173491 0.464847 0.464847 0.464847
3979.485840 0.000000 4507.620117 0.000000 0.881196 0.000000 0.472750 0.409952 0.409952 0.409952
3979.822998 0.000000 4529.959961 0.000000 0.132580 0.000000 0.991172 0.256805 0.256805 0.256805
3970.779541 0.000000 4509.704102 0.000000 0.464702 0.000000 0.885467 0.312666 0.312666 0.312666
3976.499756 0.000000 4517.388184 0.000000 0.736529 0.000000 0.676405 0.367859 0.367859 0.367859
3974.651123 0.000000 4530.072266 0.000000 0.963889 0.000000 0.266304 0.455248 0.455248 0.455248
3968.310059 0.000000 4492.471680 0.000000 0.754631 0.000000 -0.656149 0.625075 0.625075 0.625075
3973.114746 0.000000 4508.530273 0.000000 0.522435 0.000000 0.852679 0.298613 0.298613 0.298613
3977.842285 0.000000 4515.217285 0.000000 0.734096 0.000000 -0.679046 0.628587 0.628587 0.628587
3977.590820 0.000000 4525.361328 0.000000 0.973525 0.000000 -0.228581 0.542318 0.542318 0.542318
3981.796875 0.000000 4506.712402 0.000000 0.999880 0.000000 0.015489 0.497042 0.497042 0.497042
3976.997070 0.000000 4519.884277 0.000000 0.515790 0.000000 0.856715 0.324692 0.324692 0.324692
3970.033447 0.000000 4523.875000 0.000000 0.821832 0.000000 -0.569730 0.608583 0.608583 0.608583
3974.757812 0.000000 4521.959473 0.000000 0.614210 0.000000 0.789143 0.334261 0.334261 0.334261
3977.545898 0.000000 4506.561523 0.000000 0.412708 0.000000 0.910864 0.300552 0.300552 0.300552
3969.804932 0.000000 4518.803223 0.000000 0.999380 0.000000 0.035201 0.493034 0.493034 0.493034
3979.515625 0.000000 4505.154785 0.000000 0.992396 0.000000 -0.123087 0.521488 0.521488 0.521488
3967.610352 0.000000 4520.665527 0.000000 0.871658 0.000000 -0.490114 0.591113 0.591113 0.591113
3979.542969 0.000000 4512.373535 0.000000 0.934609 0.000000 -0.355676 0.564457 0.564457 0.564457
3981.265137 0.000000 4508.769531 0.000000 0.318422 0.000000 0.947949 0.280567 0.280567 0.280567
3977.284180 0.000000 4530.362305 0.000000 0.940866 0.000000 0.338779 0.440894 0.440894 0.440894
3971.214111 0.000000 4511.710449 0.000000 0.582245 0.000000 -0.813014 0.670047 0.670047 0.670047
3969.153320 0.000000 4510.773926 0.000000 0.722438 0.000000 0.691436 0.365623 0.365623 0.365623
3968.621582 0.000000 4522.560059 0.000000 0.597572 0.000000 -0.801815 0.666066 0.666066 0.666066
3981.038818 0.000000 4528.333008 0.000000 0.998770 0.000000 0.049575 0.490899 0.490899 0.490899
3971.205566 0.000000 4522.456055 0.000000 0.832415 0.000000 0.554152 0.394791 0.394791 0.394791
3973.388428 0.000000 4525.964355 0.000000 0.952286 0.000000 0.305206 0.444249 0.444249 0.444249
3975.248779 0.000000 4523.707031 0.000000 0.602845 0.000000 0.797858 0.336840 0.336840 0.336840
3976.488037 0.000000 4526.658691 0.000000 0.941246 0.000000 0.337723 0.437646 0.437646 0.437646
3967.518799 0.000000 4493.877441 0.000000 0.602943 0.000000 0.797784 0.331097 0.331097 0.331097
3973.927490 0.000000 4509.880371 0.000000 0.714767 0.000000 -0.699362 0.652754 0.652754 0.652754
3968.388916 0.000000 4519.336426 0.000000 0.790302 0.000000 -0.612718 0.630482 0.630482 0.630482
3973.311768 0.000000 4522.396973 0.000000 0.965073 0.000000 0.261981 0.448713 0.448713 0.448713
3980.434082 0.000000 4506.261719 0.000000 0.543905 0.000000 -0.839147 0.690167 0.690167 0.690167
3974.320312 0.000000 4508.098633 0.000000 0.699702 0.000000 -0.714435 0.664904 0.664904 0.664904
3974.957031 0.000000 4509.180664 0.000000 0.308509 0.000000 0.951221 0.239497 0.239497 0.239497
3968.763672 0.000000 4521.364746 0.000000 0.974947 0.000000 0.222438 0.454779 0.454779 0.454779
3969.352051 0.000000 4519.989258 0.000000 0.001909 0.000000 -0.999998 0.810407 0.810407 0.810407
3981.506348 0.000000 4548.128906 0.000000 0.958573 0.000000 0.284847 0.452046 0.452046 0.452046
3984.348633 0.000000 4560.154297 0.000000 0.375842 0.000000 -0.926684 0.724932 0.724932 0.724932
3977.605225 0.000000 4531.409180 0.000000 0.976483 0.000000 0.215595 0.462839 0.462839 0.462839
3980.841064 0.000000 4567.505371 0.000000 0.901433 0.000000 0.432918 0.418682 0.418682 0.418682
4013.208740 0.000000 4572.291504 0.000000 0.988282 0.000000 -0.152640 0.529266 0.529266 0.529266
3982.925293 0.000000 4572.935059 0.000000 0.987753 0.000000 -0.156023 0.526107 0.526107 0.526107
3981.171875 0.000000 4534.881348 0.000000 0.367957 0.000000 -0.929843 0.707914 0.707914 0.707914
3978.038086 0.000000 4544.571289 0.000000 0.726111 0.000000 -0.687577 0.635805 0.635805 0.635805
3977.474854 0.000000 4555.440430 0.000000 0.965864 0.000000 0.259049 0.455352 0.455352 0.455352
3979.485840 0.000000 4551.612305 0.000000 0.743943 0.000000 0.668243 0.375758 0.375758 0.375758
3980.296631 0.000000 4558.451660 0.000000 0.378817 0.000000 -0.925472 0.713992 0.713992 0.713992
3984.811523 0.000000 4555.454102 0.000000 0.586147 0.000000 0.810205 0.322561 0.322561 0.322561
3979.946289 0.000000 4542.513184 0.000000 0.766815 0.000000 -0.641868 0.619620 0.619620 0.619620
3979.055420 0.000000 4565.191895 0.000000 0.364562 0.000000 -0.931179 0.702569 0.702569 0.702569
3981.789062 0.000000 4561.132324 0.000000 0.357934 0.000000 -0.933747 0.724073 0.724073 0.724073
3985.924316 0.000000 4562.179199 0.000000 0.553955 0.000000 -0.832547 0.674978 0.674978 0.674978
3981.796875 0.000000 4550.704590 0.000000 0.849466 0.000000 0.527643 0.392458 0.392458 0.392458
3985.274170 0.000000 4557.847168 0.000000 0.671678 0.000000 0.740844 0.339614 0.339614 0.339614
3979.542969 0.000000 4556.365723 0.000000 0.633480 0.000000 0.773759 0.342069 0.342069 0.342069
3986.985840 0.000000 4555.177734 0.000000 0.639105 0.000000 -0.769119 0.649510 0.649510 0.649510
3981.265137 0.000000 4552.761719 0.000000 0.738013 0.000000 0.674787 0.372872 0.372872 0.372872
3983.622070 0.000000 4562.041992 0.000000 0.746281 0.000000 -0.665631 0.642285 0.642285 0.642285
3978.831055 0.000000 4567.661133 0.000000 0.816990 0.000000 -0.576652 0.606644 0.606644 0.606644
4013.571777 0.000000 4570.249023 0.000000 0.191322 0.000000 0.981527 0.246229 0.246229 0.246229
3980.001465 0.000000 4560.365723 0.000000 0.387258 0.000000 -0.921971 0.718196 0.718196 0.718196
3979.315918 0.000000 4535.006836 0.000000 0.654650 0.000000 0.755932 0.344869 0.344869 0.344869
3983.702881 0.000000 4571.203613 0.000000 0.955426 0.000000 -0.295232 0.554245 0.554245 0.554245
3981.845703 0.000000 4574.632324 0.000000 0.988454 0.000000 -0.151524 0.526772 0.526772 0.526772
4012.893066 0.000000 4573.898438 0.000000 0.999981 0.000000 0.006147 0.498826 0.498826 0.498826
3978.840332 0.000000 4532.856445 0.000000 0.808463 0.000000 -0.588546 0.631177 0.631177 0.631177
3984.191406 0.000000 4556.846680 0.000000 0.068670 0.000000 0.997639 0.211250 0.211250 0.211250
3982.222168 0.000000 4562.547852 0.000000 0.596080 0.000000 -0.802925 0.682107 0.682107 0.682107
3979.069336 0.000000 4531.305664 0.000000 0.271960 0.000000 -0.962309 0.753865 0.753865 0.753865
3980.434082 0.000000 4550.253906 0.000000 0.948355 0.000000 -0.317211 0.562454 0.562454 0.562454
3985.665039 0.000000 4560.750488 0.000000 0.989210 0.000000 -0.146506 0.527898 0.527898 0.527898
3984.734619 0.000000 4554.041504 0.000000 0.942151 0.000000 0.335190 0.435786 0.435786 0.435786
3980.770508 0.000000 4551.494629 0.000000 0.617855 0.000000 -0.786292 0.675060 0.675060 0.675060
3978.887451 0.000000 4533.988770 0.000000 0.574579 0.000000 -0.818449 0.699854 0.699854 0.699854
3576.644287 0.000000 4623.656250 0.000000 0.858056 0.000000 -0.513556 0.589875 0.589875 0.589875
3576.242432 0.000000 4625.529297 0.000000 0.923551 0.000000 0.383475 0.424591 0.424591 0.424591
3619.048584 0.000000 4597.429688 0.000000 0.709512 0.000000 0.704694 0.364805 0.364805 0.364805
3602.559082 0.000000 4588.267578 0.000000 0.993841 0.000000 0.110811 0.481565 0.481565 0.481565
3595.869873 0.000000 4617.944336 0.000000 0.779328 0.000000 -0.626616 0.622574 0.622574 0.622574
3618.305176 0.000000 4599.120605 0.000000 0.258376 0.000000 -0.966044 0.731290 0.731290 0.731290
3602.759277 0.000000 4586.318848 0.000000 0.289912 0.000000 0.957053 0.276893 0.276893 0.276893
3594.894531 0.000000 4616.274414 0.000000 0.972753 0.000000 -0.231844 0.542349 0.542349 0.542349
3677.627197 0.000000 4617.950195 0.000000 0.117901 0.000000 0.993025 0.261555 0.261555 0.261555
3679.674561 0.000000 4618.461914 0.000000 0.725268 0.000000 0.688466 0.362080 0.362080 0.362080
3677.857422 0.000000 4603.612305 0.000000 0.898744 0.000000 -0.438473 0.582722 0.582722 0.582722
3633.477051 0.000000 4652.662598 0.000000 0.707180 0.000000 0.707033 0.365704 0.365704 0.365704
3647.144775 0.000000 4625.891113 0.000000 0.115379 0.000000 0.993322 0.249332 0.249332 0.249332
3630.176514 0.000000 4653.279297 0.000000 0.098130 0.000000 -0.995174 0.759171 0.759171 0.759171
3677.869873 0.000000 4619.527344 0.000000 0.897976 0.000000 0.440044 0.425775 0.425775 0.425775
3667.829102 0.000000 4645.217285 0.000000 0.740737 0.000000 0.671795 0.373567 0.373567 0.373567
3663.103516 0.000000 4619.231445 0.000000 0.999797 0.000000 -0.020172 0.503412 0.503412 0.503412
3664.850586 0.000000 4643.438477 0.000000 0.706611 0.000000 -0.707602 0.633452 0.633452 0.633452
3660.381592 0.000000 4620.124512 0.000000 0.925719 0.000000 0.378212 0.435607 0.435607 0.435607
3648.349121 0.000000 4624.448242 0.000000 0.254783 0.000000 -0.966998 0.736864 0.736864 0.736864
3663.752686 0.000000 4621.836426 0.000000 0.999974 0.000000 -0.007204 0.501322 0.501322 0.501322
3667.024902 0.000000 4643.162109 0.000000 0.975126 0.000000 -0.221652 0.539478 0.539478 0.539478
3662.042236 0.000000 4620.945312 0.000000 0.865822 0.000000 0.500352 0.403847 0.403847 0.403847
3649.228271 0.000000 4625.962402 0.000000 0.957669 0.000000 0.287873 0.447329 0.447329 0.447329
3960.354248 0.000000 4594.824219 0.000000 0.691868 0.000000 0.722024 0.366067 0.366067 0.366067
3960.547852 0.000000 4599.278320 0.000000 0.673882 0.000000 -0.738839 0.650473 0.650473 0.650473
3963.096924 0.000000 4595.501953 0.000000 0.793717 0.000000 -0.608288 0.613459 0.613459 0.613459
3957.957764 0.000000 4590.037109 0.000000 0.831214 0.000000 0.555952 0.398818 0.398818 0.398818
3962.294434 0.000000 4592.959961 0.000000 0.433446 0.000000 -0.901179 0.706672 0.706672 0.706672
3939.439941 0.000000 4619.049316 0.000000 0.773929 0.000000 -0.633272 0.630117 0.630117 0.630117
3959.425537 0.000000 4604.321777 0.000000 0.958065 0.000000 0.286551 0.449392 0.449392 0.449392
3961.299561 0.000000 4597.027344 0.000000 0.532314 0.000000 -0.846547 0.690273 0.690273 0.690273
3958.086182 0.000000 4606.131348 0.000000 0.618360 0.000000 -0.785895 0.663650 0.663650 0.663650
3958.738037 0.000000 4607.812988 0.000000 0.384757 0.000000 -0.923018 0.712829 0.712829 0.712829
3956.164795 0.000000 4597.699707 0.000000 0.253928 0.000000 -0.967223 0.757528 0.757528 0.757528
3959.929932 0.000000 4602.770508 0.000000 0.654697 0.000000 0.755892 0.332043 0.332043 0.332043
3958.025879 0.000000 4603.556641 0.000000 0.711865 0.000000 0.702317 0.347402 0.347402 0.347402
3959.369873 0.000000 4590.686035 0.000000 0.717167 0.000000 0.696902 0.355624 0.355624 0.355624
3963.451416 0.000000 4592.057617 0.000000 0.533363 0.000000 -0.845886 0.685635 0.685635 0.685635
3957.579590 0.000000 4597.977539 0.000000 0.912027 0.000000 0.410130 0.417180 0.417180 0.417180
3960.011230 0.000000 4596.412598 0.000000 0.876609 0.000000 -0.481204 0.594627 0.594627 0.594627
3957.809570 0.000000 4596.587891 0.000000 0.425590 0.000000 -0.904916 0.721688 0.721688 0.721688
3963.187744 0.000000 4584.893555 0.000000 0.327581 0.000000 0.944823 0.252931 0.252931 0.252931
3946.085449 0.000000 4629.211914 0.000000 0.990540 0.000000 -0.137227 0.523284 0.523284 0.523284
3953.229004 0.000000 4622.161621 0.000000 0.739675 0.000000 0.672964 0.379746 0.379746 0.379746
3933.838623 0.000000 4619.527344 0.000000 0.010792 0.000000 0.999942 0.234192 0.234192 0.234192
3952.583008 0.000000 4638.650879 0.000000 0.980523 0.000000 -0.196403 0.538126 0.538126 0.538126
3951.495361 0.000000 4627.643066 0.000000 0.836232 0.000000 -0.548376 0.611577 0.611577 0.611577
3938.031982 0.000000 4621.300293 0.000000 0.742002 0.000000 -0.670398 0.624276 0.624276 0.624276
3951.614502 0.000000 4631.767578 0.000000 0.758394 0.000000 0.651796 0.381248 0.381248 0.381248
3930.071289 0.000000 4619.479980 0.000000 0.364743 0.000000 -0.931108 0.698052 0.698052 0.698052
3950.241699 0.000000 4624.002441 0.000000 0.676663 0.000000 0.736293 0.363122 0.363122 0.363122
3947.881104 0.000000 4626.435547 0.000000 0.953464 0.000000 0.301508 0.441506 0.441506 0.441506
3949.114502 0.000000 4628.832520 0.000000 0.375471 0.000000 -0.926834 0.713166 0.713166 0.713166
3939.672607 0.000000 4619.243652 0.000000 1.000000 0.000000 0.000795 0.499849 0.499849 0.499849
3949.913574 0.000000 4626.080078 0.000000 0.360266 0.000000 0.932849 0.261384 0.261384 0.261384
3951.010742 0.000000 4629.576172 0.000000 0.904143 0.000000 -0.427230 0.578521 0.578521 0.578521
3954.626953 0.000000 4623.417969 0.000000 0.519357 0.000000 -0.854557 0.688028 0.688028 0.688028
3938.102295 0.000000 4619.611328 0.000000 0.792355 0.000000 0.610060 0.375506 0.375506 0.375506
3949.983887 0.000000 4627.597168 0.000000 0.518788 0.000000 -0.854903 0.703510 0.703510 0.703510
3953.932861 0.000000 4639.152832 0.000000 0.971954 0.000000 -0.235171 0.545783 0.545783 0.545783
3948.629150 0.000000 4627.545410 0.000000 0.930400 0.000000 -0.366547 0.574487 0.574487 0.574487
3946.492432 0.000000 4626.628906 0.000000 0.729349 0.000000 -0.684141 0.643894 0.643894 0.643894
3981.506348 0.000000 4592.121094 0.000000 0.993070 0.000000 -0.117528 0.520807 0.520807 0.520807
3997.041748 0.000000 4583.667480 0.000000 0.652259 0.000000 -0.757997 0.661072 0.661072 0.661072
3990.124023 0.000000 4588.978027 0.000000 0.700882 0.000000 0.713277 0.336926 0.336926 0.336926
3981.310059 0.000000 4598.920898 0.000000 0.997191 0.000000 -0.074898 0.513054 0.513054 0.513054
3995.473633 0.000000 4590.779785 0.000000 0.945067 0.000000 -0.326877 0.557155 0.557155 0.557155
3992.023926 0.000000 4593.920898 0.000000 0.836382 0.000000 0.548148 0.400063 0.400063 0.400063
3986.323730 0.000000 4591.754395 0.000000 0.994744 0.000000 0.102388 0.477978 0.477978 0.477978
4012.931396 0.000000 4575.251953 0.000000 0.570542 0.000000 -0.821268 0.682235 0.682235 0.682235
4000.874512 0.000000 4586.029785 0.000000 0.103898 0.000000 0.994588 0.247342 0.247342 0.247342
3999.710205 0.000000 4593.632812 0.000000 0.899426 0.000000 -0.437073 0.574816 0.574816 0.574816
3993.749756 0.000000 4586.763672 0.000000 0.739278 0.000000 0.673401 0.339533 0.339533 0.339533
4001.642334 0.000000 4617.105957 0.000000 0.914764 0.000000 0.403990 0.429659 0.429659 0.429659
3984.006104 0.000000 4595.778320 0.000000 0.888014 0.000000 -0.459816 0.584094 0.584094 0.584094
4007.589355 0.000000 4582.076660 0.000000 0.345891 0.000000 0.938275 0.286453 0.286453 0.286453
3979.485840 0.000000 4595.604492 0.000000 0.003535 0.000000 0.999994 0.242737 0.242737 0.242737
3986.512207 0.000000 4588.267578 0.000000 0.459190 0.000000 0.888338 0.270637 0.270637 0.270637
4000.375732 0.000000 4582.540039 0.000000 0.542467 0.000000 0.840077 0.328182 0.328182 0.328182
3998.870605 0.000000 4590.507324 0.000000 0.393410 0.000000 0.919363 0.287415 0.287415 0.287415
3989.179199 0.000000 4592.737305 0.000000 0.173811 0.000000 -0.984779 0.770120 0.770120 0.770120
3992.443848 0.000000 4590.699707 0.000000 0.441643 0.000000 0.897191 0.298481 0.298481 0.298481
3996.561035 0.000000 4593.439453 0.000000 0.249276 0.000000 -0.968433 0.746946 0.746946 0.746946
3983.861084 0.000000 4590.437500 0.000000 0.990821 0.000000 0.135183 0.474441 0.474441 0.474441
3980.342529 0.000000 4576.132324 0.000000 0.471434 0.000000 0.881901 0.310608 0.310608 0.310608
4003.046875 0.000000 4584.392578 0.000000 0.999998 0.000000 -0.002195 0.500404 0.500404 0.500404
4003.033691 0.000000 4587.603516 0.000000 0.708471 0.000000 0.705740 0.362594 0.362594 0.362594
3993.478271 0.000000 4596.193848 0.000000 0.638661 0.000000 0.769489 0.343267 0.343267 0.343267
3990.766602 0.000000 4596.236816 0.000000 0.369148 0.000000 0.929371 0.287843 0.287843 0.287843
3991.118408 0.000000 4586.599609 0.000000 0.895487 0.000000 -0.445088 0.580611 0.580611 0.580611
3986.479980 0.000000 4594.315430 0.000000 0.861449 0.000000 0.507845 0.400593 0.400593 0.400593
3994.675781 0.000000 4584.442383 0.000000 0.864549 0.000000 -0.502548 0.602863 0.602863 0.602863
4000.615723 0.000000 4588.731934 0.000000 0.989932 0.000000 -0.141541 0.525794 0.525794 0.525794
4005.538330 0.000000 4583.612793 0.000000 0.365838 0.000000 -0.930679 0.768041 0.768041 0.768041
3981.796875 0.000000 4594.696777 0.000000 0.922294 0.000000 0.386490 0.425946 0.425946 0.425946
3993.964600 0.000000 4592.590820 0.000000 0.170719 0.000000 -0.985320 0.741035 0.741035 0.741035
4012.053223 0.000000 4577.430664 0.000000 0.630913 0.000000 -0.775854 0.660186 0.660186 0.660186
3988.018555 0.000000 4590.083984 0.000000 0.876799 0.000000 -0.480857 0.606450 0.606450 0.606450
3995.295898 0.000000 4588.472656 0.000000 0.538509 0.000000 0.842620 0.310484 0.310484 0.310484
3998.594727 0.000000 4585.564941 0.000000 0.855193 0.000000 0.518309 0.399338 0.399338 0.399338
3985.854980 0.000000 4597.049805 0.000000 0.986001 0.000000 0.166740 0.471038 0.471038 0.471038
4005.745605 0.000000 4580.886719 0.000000 0.540373 0.000000 0.841426 0.309654 0.309654 0.309654
3992.342285 0.000000 4588.496094 0.000000 0.388943 0.000000 0.921262 0.258750 0.258750 0.258750
3981.265137 0.000000 4596.753906 0.000000 0.172939 0.000000 0.984933 0.261097 0.261097 0.261097
3992.547852 0.000000 4585.007324 0.000000 0.917822 0.000000 0.396993 0.427638 0.427638 0.427638
3996.384521 0.000000 4585.743164 0.000000 0.631813 0.000000 0.775120 0.342238 0.342238 0.342238
3989.237549 0.000000 4594.799316 0.000000 0.141880 0.000000 0.989884 0.236104 0.236104 0.236104
3994.808594 0.000000 4594.566406 0.000000 0.569732 0.000000 0.821831 0.329619 0.329619 0.329619
3999.380859 0.000000 4587.287598 0.000000 0.382242 0.000000 0.924062 0.295505 0.295505 0.295505
3997.250977 0.000000 4591.615234 0.000000 0.474899 0.000000 -0.880040 0.706162 0.706162 0.706162
3988.357666 0.000000 4587.873535 0.000000 0.250206 0.000000 0.968193 0.248299 0.248299 0.248299
4000.619629 0.000000 4614.824219 0.000000 0.617569 0.000000 -0.786517 0.663832 0.663832 0.663832
3983.026611 0.000000 4599.699707 0.000000 0.789700 0.000000 0.613493 0.376744 0.376744 0.376744
3994.007812 0.000000 4589.748535 0.000000 0.998603 0.000000 -0.052833 0.509996 0.509996 0.509996
3982.080078 0.000000 4590.446777 0.000000 0.824857 0.000000 -0.565341 0.613253 0.613253 0.613253
3981.297852 0.000000 4600.703613 0.000000 0.054135 0.000000 -0.998534 0.778297 0.778297 0.778297
4000.017578 0.000000 4584.272949 0.000000 0.254239 0.000000 0.967141 0.257295 0.257295 0.257295
4013.035400 0.000000 4578.830078 0.000000 0.933466 0.000000 -0.358665 0.568000 0.568000 0.568000
4003.669678 0.000000 4585.980469 0.000000 0.375569 0.000000 0.926794 0.281673 0.281673 0.281673
3987.499268 0.000000 4593.001953 0.000000 0.718754 0.000000 0.695264 0.350293 0.350293 0.350293
3993.697021 0.000000 4597.797852 0.000000 0.839599 0.000000 -0.543206 0.602506 0.602506 0.602506
3983.095459 0.000000 4591.963379 0.000000 0.418628 0.000000 0.908158 0.285337 0.285337 0.285337
3989.785400 0.000000 4587.306152 0.000000 0.119602 0.000000 0.992822 0.222897 0.222897 0.222897
3988.016357 0.000000 4591.600586 0.000000 0.402483 0.000000 0.915428 0.254568 0.254568 0.254568
3992.169434 0.000000 4595.433105 0.000000 0.998315 0.000000 0.058032 0.488947 0.488947 0.488947
4004.085205 0.000000 4583.183105 0.000000 0.490513 0.000000 0.871434 0.262913 0.262913 0.262913
3995.472412 0.000000 4592.412109 0.000000 0.180696 0.000000 0.983539 0.230366 0.230366 0.230366
4001.575684 0.000000 4584.252441 0.000000 0.985442 0.000000 0.170012 0.468438 0.468438 0.468438
4004.390381 0.000000 4580.419922 0.000000 0.427144 0.000000 0.904184 0.284993 0.284993 0.284993
3980.434082 0.000000 4594.246094 0.000000 0.139272 0.000000 0.990254 0.232938 0.232938 0.232938
3986.667969 0.000000 4595.726562 0.000000 0.211281 0.000000 -0.977425 0.753409 0.753409 0.753409
4005.157715 0.000000 4582.183594 0.000000 0.831595 0.000000 -0.555382 0.631935 0.631935 0.631935
3991.369141 0.000000 4589.698242 0.000000 0.803286 0.000000 0.595594 0.368991 0.368991 0.368991
3993.521240 0.000000 4594.021973 0.000000 0.453674 0.000000 -0.891167 0.709381 0.709381 0.709381
3994.992432 0.000000 4585.914062 0.000000 0.478101 0.000000 0.878305 0.290520 0.290520 0.290520
3987.827881 0.000000 4594.653320 0.000000 0.003228 0.000000 -0.999995 0.792535 0.792535 0.792535
3993.699463 0.000000 4588.328125 0.000000 0.039447 0.000000 0.999222 0.184597 0.184597 0.184597
3989.359619 0.000000 4590.223633 0.000000 0.934442 0.000000 0.356116 0.422734 0.422734 0.422734
3992.422607 0.000000 4586.955078 0.000000 0.983516 0.000000 0.180823 0.460508 0.460508 0.460508
3986.826172 0.000000 4590.561523 0.000000 0.237887 0.000000 0.971293 0.214315 0.214315 0.214315
3995.952393 0.000000 4584.495605 0.000000 0.529321 0.000000 0.848422 0.302106 0.302106 0.302106
3987.585205 0.000000 4588.932617 0.000000 0.712050 0.000000 -0.702129 0.663235 0.663235 0.663235
3988.847412 0.000000 4589.059082 0.000000 0.116180 0.000000 -0.993228 0.853101 0.853101 0.853101
3989.253906 0.000000 4591.427246 0.000000 0.818676 0.000000 -0.574255 0.629806 0.629806 0.629806
3992.840332 0.000000 4589.587402 0.000000 0.163427 0.000000 0.986555 0.210283 0.210283 0.210283
3986.674316 0.000000 4589.500000 0.000000 0.984353 0.000000 -0.176206 0.537146 0.537146 0.537146
3989.288086 0.000000 4588.150879 0.000000 0.870615 0.000000 -0.491966 0.624878 0.624878 0.624878
3993.190430 0.000000 4587.525391 0.000000 0.683004 0.000000 0.730415 0.322129 0.322129 0.322129
3972.659668 0.000000 4655.761719 0.000000 0.972578 0.000000 0.232576 0.462056 0.462056 0.462056
3980.841064 0.000000 4655.489746 0.000000 0.822013 0.000000 -0.569469 0.614576 0.614576 0.614576
3988.004883 0.000000 4640.469727 0.000000 0.707671 0.000000 0.706542 0.356029 0.356029 0.356029
3992.023926 0.000000 4637.913086 0.000000 0.486468 0.000000 -0.873698 0.692358 0.692358 0.692358
3974.634033 0.000000 4651.486328 0.000000 0.941503 0.000000 -0.337003 0.557710 0.557710 0.557710
3987.790039 0.000000 4645.217285 0.000000 0.980615 0.000000 -0.195946 0.532866 0.532866 0.532866
3998.601562 0.000000 4623.692871 0.000000 0.999940 0.000000 0.010992 0.498141 0.498141 0.498141
3984.006104 0.000000 4639.770508 0.000000 0.960406 0.000000 0.278604 0.445372 0.445372 0.445372
3980.296631 0.000000 4646.436035 0.000000 0.420614 0.000000 0.907240 0.298519 0.298519 0.298519
3992.443848 0.000000 4634.691895 0.000000 0.881605 0.000000 0.471988 0.412871 0.412871 0.412871
3974.651123 0.000000 4662.048828 0.000000 0.410513 0.000000 0.911855 0.308729 0.308729 0.308729
3993.478271 0.000000 4640.186035 0.000000 0.281512 0.000000 0.959558 0.272954 0.272954 0.272954
3990.766602 0.000000 4640.229004 0.000000 0.446928 0.000000 0.894570 0.307843 0.307843 0.307843
3986.479980 0.000000 4638.307617 0.000000 0.997574 0.000000 -0.069608 0.511957 0.511957 0.511957
3989.163086 0.000000 4642.702148 0.000000 0.313195 0.000000 -0.949689 0.714932 0.714932 0.714932
3976.997070 0.000000 4651.860840 0.000000 0.859192 0.000000 0.511654 0.399096 0.399096 0.399096
3974.757812 0.000000 4653.936035 0.000000 0.565283 0.000000 0.824897 0.323216 0.323216 0.323216
3985.274170 0.000000 4645.831543 0.000000 0.289005 0.000000 0.957327 0.280714 0.280714 0.280714
3993.964600 0.000000 4636.583008 0.000000 0.824135 0.000000 -0.566394 0.608984 0.608984 0.608984
3999.810791 0.000000 4624.892090 0.000000 0.182597 0.000000 -0.983188 0.746748 0.746748 0.746748
3978.076416 0.000000 4648.826660 0.000000 0.824694 0.000000 -0.565579 0.606929 0.606929 0.606929
3984.950928 0.000000 4638.485840 0.000000 0.110682 0.000000 -0.993856 0.782462 0.782462 0.782462
3977.601074 0.000000 4650.391602 0.000000 0.822309 0.000000 -0.569042 0.613722 0.613722 0.613722
3989.427734 0.000000 4640.909180 0.000000 0.990999 0.000000 0.133872 0.475361 0.475361 0.475361
3985.414551 0.000000 4647.241699 0.000000 0.943928 0.000000 -0.330150 0.565730 0.565730 0.565730
3985.361572 0.000000 4639.755371 0.000000 0.398042 0.000000 -0.917367 0.724713 0.724713 0.724713
3948.292725 0.000000 4678.754883 0.000000 0.999641 0.000000 0.026779 0.495487 0.495487 0.495487
3951.614502 0.000000 4675.759766 0.000000 0.618335 0.000000 0.785915 0.347067 0.347067 0.347067
3948.577148 0.000000 4675.503418 0.000000 0.649195 0.000000 0.760622 0.330082 0.330082 0.330082
3949.114502 0.000000 4672.824707 0.000000 0.725373 0.000000 -0.688356 0.633628 0.633628 0.633628
3950.480225 0.000000 4665.410156 0.000000 0.908656 0.000000 0.417546 0.419616 0.419616 0.419616
3946.256836 0.000000 4678.500000 0.000000 0.450131 0.000000 0.892962 0.296752 0.296752 0.296752
3951.010742 0.000000 4673.568359 0.000000 0.647408 0.000000 -0.762144 0.655776 0.655776 0.655776
3947.864502 0.000000 4680.601074 0.000000 0.746725 0.000000 -0.665133 0.632617 0.632617 0.632617
3947.479736 0.000000 4677.016113 0.000000 0.591820 0.000000 0.806070 0.329731 0.329731 0.329731
3949.102295 0.000000 4677.182129 0.000000 0.662051 0.000000 0.749459 0.336602 0.336602 0.336602
3949.034424 0.000000 4674.210449 0.000000 0.404405 0.000000 -0.914580 0.726972 0.726972 0.726972
3960.354248 0.000000 4726.800781 0.000000 0.843426 0.000000 0.537246 0.390617 0.390617 0.390617
3967.105713 0.000000 4713.875488 0.000000 0.943351 0.000000 -0.331795 0.557627 0.557627 0.557627
3960.547852 0.000000 4731.254883 0.000000 0.985984 0.000000 -0.166842 0.528562 0.528562 0.528562
3966.237061 0.000000 4716.958008 0.000000 0.399609 0.000000 -0.916686 0.691811 0.691811 0.691811
3963.519531 0.000000 4722.591309 0.000000 0.760322 0.000000 -0.649546 0.637672 0.637672 0.637672
3962.294434 0.000000 4724.936523 0.000000 0.947222 0.000000 -0.320579 0.554994 0.554994 0.554994
3958.916260 0.000000 4729.344238 0.000000 0.004975 0.000000 0.999988 0.228314 0.228314 0.228314
3961.299561 0.000000 4729.003906 0.000000 0.943484 0.000000 -0.331418 0.561354 0.561354 0.561354
3961.854736 0.000000 4726.437988 0.000000 0.976347 0.000000 -0.216209 0.542030 0.542030 0.542030
3964.730713 0.000000 4718.725586 0.000000 0.756593 0.000000 -0.653886 0.634338 0.634338 0.634338
3966.864990 0.000000 4715.513184 0.000000 0.570364 0.000000 0.821392 0.313512 0.313512 0.313512
3964.239502 0.000000 4719.936523 0.000000 0.999468 0.000000 0.032629 0.493849 0.493849 0.493849
3961.807129 0.000000 4727.777832 0.000000 0.702512 0.000000 0.711672 0.347280 0.347280 0.347280
3973.407227 0.000000 4677.626465 0.000000 0.944415 0.000000 -0.328756 0.564396 0.564396 0.564396
3976.981445 0.000000 4704.265137 0.000000 0.726747 0.000000 0.686905 0.375231 0.375231 0.375231
3975.670898 0.000000 4668.010254 0.000000 0.781842 0.000000 0.623477 0.383196 0.383196 0.383196
3968.585205 0.000000 4679.585938 0.000000 0.672409 0.000000 0.740180 0.350206 0.350206 0.350206
3970.141357 0.000000 4689.430664 0.000000 0.634816 0.000000 -0.772663 0.651009 0.651009 0.651009
3974.707275 0.000000 4673.048828 0.000000 0.147464 0.000000 0.989067 0.266451 0.266451 0.266451
3973.422852 0.000000 4687.305176 0.000000 0.333003 0.000000 -0.942926 0.712876 0.712876 0.712876
3970.200928 0.000000 4676.500977 0.000000 0.775066 0.000000 0.631880 0.363820 0.363820 0.363820
3974.884277 0.000000 4664.961914 0.000000 0.993264 0.000000 -0.115873 0.521310 0.521310 0.521310
3979.822998 0.000000 4705.928711 0.000000 0.821031 0.000000 -0.570884 0.600492 0.600492 0.600492
3972.370850 0.000000 4666.879883 0.000000 0.812363 0.000000 -0.583152 0.608805 0.608805 0.608805
3973.726074 0.000000 4670.205078 0.000000 0.867545 0.000000 -0.497358 0.589996 0.589996 0.589996
3970.779541 0.000000 4685.672852 0.000000 0.926017 0.000000 0.377482 0.435013 0.435013 0.435013
3971.338379 0.000000 4679.566406 0.000000 0.057739 0.000000 -0.998332 0.759692 0.759692 0.759692
3973.114746 0.000000 4684.499023 0.000000 0.994670 0.000000 -0.103106 0.518566 0.518566 0.518566
3977.284180 0.000000 4706.331055 0.000000 0.152915 0.000000 -0.988239 0.756527 0.756527 0.756527
3971.214111 0.000000 4687.679199 0.000000 0.765486 0.000000 0.643453 0.370864 0.370864 0.370864
3972.201172 0.000000 4671.437012 0.000000 0.358183 0.000000 -0.933651 0.708237 0.708237 0.708237
3973.763428 0.000000 4689.326172 0.000000 0.013062 0.000000 -0.999915 0.804311 0.804311 0.804311
3974.315186 0.000000 4666.710449 0.000000 0.969301 0.000000 0.245876 0.455656 0.455656 0.455656
3973.492920 0.000000 4668.358398 0.000000 0.121822 0.000000 -0.992552 0.758592 0.758592 0.758592
3969.930664 0.000000 4678.373535 0.000000 0.471105 0.000000 0.882077 0.305823 0.305823 0.305823
3971.522949 0.000000 4677.666504 0.000000 0.521289 0.000000 0.853380 0.296433 0.296433 0.296433
3972.930420 0.000000 4679.224609 0.000000 0.665234 0.000000 -0.746635 0.654685 0.654685 0.654685
3972.190918 0.000000 4676.319824 0.000000 0.802843 0.000000 -0.596191 0.622789 0.622789 0.622789
3972.934814 0.000000 4688.388672 0.000000 0.061234 0.000000 -0.998123 0.794893 0.794893 0.794893
3970.843018 0.000000 4713.450684 0.000000 0.351294 0.000000 -0.936265 0.756405 0.756405 0.756405
3977.605225 0.000000 4707.377930 0.000000 0.980718 0.000000 0.195429 0.464398 0.464398 0.464398
3967.560791 0.000000 4718.409180 0.000000 0.999972 0.000000 0.007513 0.498734 0.498734 0.498734
3972.370850 0.000000 4710.872070 0.000000 0.154538 0.000000 0.987987 0.225215 0.225215 0.225215
3968.413574 0.000000 4715.410156 0.000000 0.904301 0.000000 0.426896 0.418792 0.418792 0.418792
3968.310059 0.000000 4712.432617 0.000000 0.823553 0.000000 -0.567239 0.620087 0.620087 0.620087
3969.189209 0.000000 4713.946777 0.000000 0.872406 0.000000 0.488781 0.398321 0.398321 0.398321
3976.550049 0.000000 4708.664551 0.000000 0.978617 0.000000 0.205690 0.461468 0.461468 0.461468
3969.755859 0.000000 4712.670898 0.000000 0.206060 0.000000 -0.978539 0.771423 0.771423 0.771423
3971.980469 0.000000 4712.237305 0.000000 0.253949 0.000000 -0.967218 0.778027 0.778027 0.778027
"}
