object={
	name="tree_jungle_01_d_generator_1_0"
	clamp_to_water_level=no
	render_under_water=no
	generated_content=yes
	layer="tree_high_layer"
	pdxmesh="tree_jungle_01_d_mesh"
	count=204
	transform="3668.520752 0.000000 2554.437012 0.000000 0.173259 0.000000 -0.984876 0.765691 0.765691 0.765691
3653.116211 0.000000 2553.946533 0.000000 0.299987 0.000000 0.953943 0.723922 0.723922 0.723922
3656.115723 0.000000 2545.258789 0.000000 0.897838 0.000000 0.440325 0.744878 0.744878 0.744878
3676.058838 0.000000 2558.364014 0.000000 0.756852 0.000000 0.653587 0.741998 0.741998 0.741998
3663.927246 0.000000 2557.531982 0.000000 0.956423 0.000000 -0.291984 0.759432 0.759432 0.759432
3652.466064 0.000000 2548.811523 0.000000 0.998966 0.000000 -0.045457 0.751958 0.751958 0.751958
3670.037842 0.000000 2558.098145 0.000000 0.621582 0.000000 0.783349 0.709554 0.709554 0.709554
3651.039795 0.000000 2556.692139 0.000000 0.613330 0.000000 -0.789827 0.777278 0.777278 0.777278
3663.013428 0.000000 2549.509277 0.000000 0.567829 0.000000 -0.823147 0.804315 0.804315 0.804315
3654.080566 0.000000 2551.270752 0.000000 0.493958 0.000000 -0.869486 0.801319 0.801319 0.801319
3732.512939 0.000000 2554.437012 0.000000 0.992689 0.000000 -0.120700 0.756117 0.756117 0.756117
3727.919434 0.000000 2557.531982 0.000000 0.817377 0.000000 -0.576103 0.760346 0.760346 0.760346
3726.915283 0.000000 2536.050537 0.000000 0.013912 0.000000 -0.999903 0.819963 0.819963 0.819963
3734.030029 0.000000 2558.098145 0.000000 0.993485 0.000000 0.113964 0.747220 0.747220 0.747220
3727.329102 0.000000 2532.289062 0.000000 0.572629 0.000000 -0.819815 0.816583 0.816583 0.816583
3728.808105 0.000000 2534.359863 0.000000 0.986001 0.000000 -0.166738 0.759410 0.759410 0.759410
3730.149902 0.000000 2554.786621 0.000000 0.659240 0.000000 0.751933 0.694231 0.694231 0.694231
3732.760986 0.000000 2556.386475 0.000000 0.649580 0.000000 0.760293 0.673986 0.673986 0.673986
3641.973145 0.000000 2572.900391 0.000000 0.994146 0.000000 -0.108049 0.751824 0.751824 0.751824
3642.832031 0.000000 2585.968018 0.000000 0.457522 0.000000 -0.889198 0.803336 0.803336 0.803336
3633.321289 0.000000 2572.856689 0.000000 0.572577 0.000000 0.819851 0.723005 0.723005 0.723005
3625.104004 0.000000 2575.787109 0.000000 0.832860 0.000000 -0.553484 0.756589 0.756589 0.756589
3629.700195 0.000000 2589.661377 0.000000 0.401038 0.000000 0.916061 0.741326 0.741326 0.741326
3638.934082 0.000000 2579.901367 0.000000 0.968543 0.000000 -0.248845 0.763185 0.763185 0.763185
3643.226807 0.000000 2565.752441 0.000000 0.732035 0.000000 0.681267 0.717723 0.717723 0.717723
3637.081787 0.000000 2589.597900 0.000000 0.451139 0.000000 -0.892454 0.791296 0.791296 0.791296
3628.778076 0.000000 2595.764648 0.000000 0.447178 0.000000 0.894445 0.731342 0.731342 0.731342
3644.992188 0.000000 2580.198730 0.000000 0.999529 0.000000 -0.030681 0.750977 0.750977 0.750977
3640.256592 0.000000 2598.971191 0.000000 0.986401 0.000000 -0.164359 0.755565 0.755565 0.755565
3636.013916 0.000000 2584.477539 0.000000 0.655564 0.000000 0.755140 0.729167 0.729167 0.729167
3646.921143 0.000000 2615.444824 0.000000 0.141755 0.000000 0.989902 0.720577 0.720577 0.720577
3631.415527 0.000000 2568.249268 0.000000 0.587423 0.000000 0.809280 0.734110 0.734110 0.734110
3619.851318 0.000000 2575.925049 0.000000 0.487962 0.000000 0.872865 0.722186 0.722186 0.722186
3628.196045 0.000000 2572.033447 0.000000 0.953101 0.000000 -0.302652 0.760363 0.760363 0.760363
3623.797363 0.000000 2571.409912 0.000000 0.356129 0.000000 0.934437 0.722887 0.722887 0.722887
3614.639648 0.000000 2570.787354 0.000000 0.232945 0.000000 0.972490 0.669969 0.669969 0.669969
3639.340088 0.000000 2594.666260 0.000000 0.808750 0.000000 -0.588152 0.772369 0.772369 0.772369
3633.261963 0.000000 2587.758545 0.000000 0.392027 0.000000 0.919954 0.719383 0.719383 0.719383
3641.665283 0.000000 2577.166504 0.000000 0.789742 0.000000 0.613439 0.727742 0.727742 0.727742
3616.224854 0.000000 2574.778564 0.000000 0.953087 0.000000 -0.302696 0.760365 0.760365 0.760365
3639.180176 0.000000 2586.533691 0.000000 0.999454 0.000000 -0.033038 0.751423 0.751423 0.751423
3646.221436 0.000000 2583.690674 0.000000 0.223718 0.000000 0.974654 0.709701 0.709701 0.709701
3640.069580 0.000000 2567.568359 0.000000 0.978778 0.000000 0.204925 0.741885 0.741885 0.741885
3632.619141 0.000000 2565.126953 0.000000 0.951291 0.000000 -0.308296 0.765844 0.765844 0.765844
3635.775635 0.000000 2581.104248 0.000000 0.971103 0.000000 0.238661 0.741427 0.741427 0.741427
3632.102783 0.000000 2584.531494 0.000000 0.999997 0.000000 0.002437 0.749927 0.749927 0.749927
3621.151855 0.000000 2573.107422 0.000000 0.576952 0.000000 -0.816778 0.780424 0.780424 0.780424
3631.032471 0.000000 2571.149902 0.000000 0.407036 0.000000 0.913412 0.698250 0.698250 0.698250
3639.087891 0.000000 2591.780518 0.000000 0.883269 0.000000 -0.468867 0.770103 0.770103 0.770103
3630.755615 0.000000 2592.492188 0.000000 0.902004 0.000000 0.431727 0.729939 0.729939 0.729939
3625.825195 0.000000 2573.094727 0.000000 0.591228 0.000000 0.806505 0.700812 0.700812 0.700812
3668.520752 0.000000 2618.421387 0.000000 0.999221 0.000000 0.039469 0.749556 0.749556 0.749556
3653.116211 0.000000 2617.930908 0.000000 0.490096 0.000000 0.871668 0.726214 0.726214 0.726214
3687.876221 0.000000 2621.315674 0.000000 0.221579 0.000000 0.975142 0.737386 0.737386 0.737386
3708.105713 0.000000 2620.095703 0.000000 0.049466 0.000000 0.998776 0.690181 0.690181 0.690181
3656.115723 0.000000 2609.243164 0.000000 0.813339 0.000000 0.581790 0.738374 0.738374 0.738374
3647.785156 0.000000 2584.253662 0.000000 0.998564 0.000000 0.053564 0.748394 0.748394 0.748394
3672.569824 0.000000 2581.707275 0.000000 0.958933 0.000000 0.283633 0.747846 0.747846 0.747846
3656.355957 0.000000 2579.703125 0.000000 0.294139 0.000000 -0.955763 0.783350 0.783350 0.783350
3648.055664 0.000000 2610.491699 0.000000 0.017962 0.000000 -0.999839 0.805243 0.805243 0.805243
3655.811523 0.000000 2602.867432 0.000000 0.133117 0.000000 0.991100 0.731162 0.731162 0.731162
3670.282227 0.000000 2573.694824 0.000000 0.969993 0.000000 0.243132 0.746321 0.746321 0.746321
3708.984375 0.000000 2580.198730 0.000000 0.810417 0.000000 -0.585854 0.764064 0.764064 0.764064
3647.656738 0.000000 2620.446533 0.000000 0.949004 0.000000 0.315265 0.746997 0.746997 0.746997
3659.412354 0.000000 2574.803711 0.000000 0.953539 0.000000 0.301269 0.738540 0.738540 0.738540
3652.915771 0.000000 2583.701416 0.000000 0.451244 0.000000 -0.892401 0.764452 0.764452 0.764452
3654.379150 0.000000 2574.278564 0.000000 0.277207 0.000000 0.960810 0.706526 0.706526 0.706526
3710.913330 0.000000 2615.444824 0.000000 0.139607 0.000000 0.990207 0.707137 0.707137 0.707137
3661.538330 0.000000 2609.034424 0.000000 0.943969 0.000000 -0.330035 0.765114 0.765114 0.765114
3695.797363 0.000000 2607.573975 0.000000 0.012581 0.000000 0.999921 0.714989 0.714989 0.714989
3677.124512 0.000000 2583.008301 0.000000 0.499732 0.000000 0.866180 0.724502 0.724502 0.724502
3648.854736 0.000000 2615.920898 0.000000 0.336906 0.000000 0.941538 0.717831 0.717831 0.717831
3667.328369 0.000000 2607.712891 0.000000 0.820373 0.000000 -0.571828 0.767097 0.767097 0.767097
3711.143799 0.000000 2606.225342 0.000000 0.983700 0.000000 0.179816 0.745261 0.745261 0.745261
3672.839844 0.000000 2577.327393 0.000000 0.698361 0.000000 -0.715746 0.788834 0.788834 0.788834
3659.613037 0.000000 2605.029053 0.000000 0.393017 0.000000 -0.919531 0.787143 0.787143 0.787143
3680.641113 0.000000 2591.634277 0.000000 0.409950 0.000000 0.912108 0.711295 0.711295 0.711295
3677.180420 0.000000 2578.789062 0.000000 0.804546 0.000000 -0.593890 0.786910 0.786910 0.786910
3683.568359 0.000000 2596.515625 0.000000 0.249161 0.000000 -0.968462 0.856196 0.856196 0.856196
3669.325195 0.000000 2613.721191 0.000000 0.947754 0.000000 0.319003 0.709269 0.709269 0.709269
3664.931152 0.000000 2616.691162 0.000000 0.069875 0.000000 -0.997556 0.817446 0.817446 0.817446
3653.042969 0.000000 2577.697266 0.000000 0.928998 0.000000 0.370085 0.740062 0.740062 0.740062
3660.062988 0.000000 2612.264404 0.000000 0.433306 0.000000 -0.901247 0.783633 0.783633 0.783633
3681.299561 0.000000 2606.328125 0.000000 0.721744 0.000000 0.692160 0.722803 0.722803 0.722803
3698.407715 0.000000 2623.350098 0.000000 0.924118 0.000000 0.382108 0.739722 0.739722 0.739722
3696.829834 0.000000 2610.931641 0.000000 0.701371 0.000000 -0.712796 0.781200 0.781200 0.781200
3655.137451 0.000000 2606.023438 0.000000 0.344082 0.000000 0.938940 0.695197 0.695197 0.695197
3663.013428 0.000000 2613.493652 0.000000 0.784463 0.000000 -0.620175 0.783820 0.783820 0.783820
3699.921875 0.000000 2617.190674 0.000000 0.098314 0.000000 -0.995155 0.832704 0.832704 0.832704
3667.027588 0.000000 2621.220703 0.000000 0.753801 0.000000 0.657103 0.727178 0.727178 0.727178
3661.582275 0.000000 2602.756348 0.000000 0.347641 0.000000 -0.937628 0.800080 0.800080 0.800080
3680.499512 0.000000 2597.292725 0.000000 0.035464 0.000000 0.999371 0.612012 0.612012 0.612012
3647.604492 0.000000 2587.358643 0.000000 0.336275 0.000000 -0.941764 0.795980 0.795980 0.795980
3706.109131 0.000000 2617.803223 0.000000 0.754676 0.000000 -0.656097 0.783499 0.783499 0.783499
3649.188965 0.000000 2613.094727 0.000000 0.162082 0.000000 0.986777 0.684091 0.684091 0.684091
3654.080566 0.000000 2615.255127 0.000000 0.938097 0.000000 0.346372 0.731456 0.731456 0.731456
3675.285156 0.000000 2580.794189 0.000000 0.996775 0.000000 0.080251 0.745638 0.745638 0.745638
3667.679199 0.000000 2615.840820 0.000000 0.746231 0.000000 -0.665687 0.808647 0.808647 0.808647
3649.520508 0.000000 2608.272705 0.000000 0.810543 0.000000 -0.585679 0.781633 0.781633 0.781633
3681.104980 0.000000 2608.955322 0.000000 0.520141 0.000000 -0.854080 0.840096 0.840096 0.840096
3691.151611 0.000000 2590.022949 0.000000 0.099675 0.000000 -0.995020 0.879449 0.879449 0.879449
3711.186523 0.000000 2617.893555 0.000000 0.997348 0.000000 -0.072781 0.756001 0.756001 0.756001
3674.899902 0.000000 2620.272217 0.000000 0.811654 0.000000 -0.584138 0.799058 0.799058 0.799058
3674.050537 0.000000 2617.478027 0.000000 0.722648 0.000000 0.691216 0.699986 0.699986 0.699986
3710.661621 0.000000 2613.205811 0.000000 0.772203 0.000000 -0.635376 0.804144 0.804144 0.804144
3710.641113 0.000000 2608.381348 0.000000 0.314388 0.000000 -0.949294 0.841352 0.841352 0.841352
3710.225830 0.000000 2619.854248 0.000000 0.298762 0.000000 -0.954328 0.847297 0.847297 0.847297
3674.121826 0.000000 2575.693115 0.000000 0.601493 0.000000 0.798878 0.665094 0.665094 0.665094
3675.033936 0.000000 2578.834229 0.000000 0.782805 0.000000 0.622267 0.685864 0.685864 0.685864
3643.226807 0.000000 2629.736816 0.000000 0.930456 0.000000 0.366403 0.730332 0.730332 0.730332
3645.209717 0.000000 2624.166016 0.000000 0.953888 0.000000 -0.300164 0.753425 0.753425 0.753425
3645.441650 0.000000 2627.516357 0.000000 0.124597 0.000000 0.992207 0.695855 0.695855 0.695855
3675.921631 0.000000 2631.024170 0.000000 0.979386 0.000000 0.201995 0.746572 0.746572 0.746572
3690.539795 0.000000 2631.305908 0.000000 0.616481 0.000000 -0.787370 0.765277 0.765277 0.765277
3669.129150 0.000000 2623.713379 0.000000 0.536865 0.000000 -0.843668 0.780081 0.780081 0.780081
3697.313477 0.000000 2636.841064 0.000000 0.802794 0.000000 0.596256 0.729665 0.729665 0.729665
3700.438721 0.000000 2630.662598 0.000000 0.997524 0.000000 -0.070328 0.751450 0.751450 0.751450
3692.770264 0.000000 2659.749023 0.000000 0.066506 0.000000 -0.997786 0.783799 0.783799 0.783799
3677.059082 0.000000 2625.083008 0.000000 0.829905 0.000000 0.557905 0.725619 0.725619 0.725619
3671.036133 0.000000 2628.662354 0.000000 0.001500 0.000000 0.999999 0.697109 0.697109 0.697109
3683.843506 0.000000 2639.909424 0.000000 0.510356 0.000000 0.859963 0.699604 0.699604 0.699604
3680.249756 0.000000 2629.404541 0.000000 0.190432 0.000000 0.981700 0.713846 0.713846 0.713846
3687.789551 0.000000 2635.394287 0.000000 0.139049 0.000000 0.990285 0.688361 0.688361 0.688361
3698.608643 0.000000 2642.088867 0.000000 0.874436 0.000000 0.485142 0.727238 0.727238 0.727238
3697.254150 0.000000 2651.742920 0.000000 0.957326 0.000000 -0.289011 0.763176 0.763176 0.763176
3673.012695 0.000000 2625.021973 0.000000 0.036415 0.000000 0.999337 0.692540 0.692540 0.692540
3680.217041 0.000000 2638.762939 0.000000 0.530436 0.000000 -0.847725 0.787886 0.787886 0.787886
3710.740479 0.000000 2630.262207 0.000000 0.371022 0.000000 -0.928624 0.781212 0.781212 0.781212
3682.535156 0.000000 2627.065186 0.000000 0.584412 0.000000 -0.811457 0.790768 0.790768 0.790768
3699.767822 0.000000 2645.088623 0.000000 0.997089 0.000000 0.076245 0.747714 0.747714 0.747714
3696.094971 0.000000 2648.515869 0.000000 0.629958 0.000000 0.776629 0.703376 0.703376 0.703376
3685.144043 0.000000 2637.091797 0.000000 0.777662 0.000000 -0.628683 0.776733 0.776733 0.776733
3710.411377 0.000000 2636.750244 0.000000 0.956665 0.000000 0.291192 0.736169 0.736169 0.736169
3732.512939 0.000000 2618.421387 0.000000 0.604852 0.000000 -0.796338 0.789673 0.789673 0.789673
3734.520264 0.000000 2590.806885 0.000000 0.962466 0.000000 -0.271402 0.756690 0.756690 0.756690
3713.522705 0.000000 2602.386475 0.000000 0.996465 0.000000 -0.084004 0.750787 0.750787 0.750787
3748.751465 0.000000 2605.292725 0.000000 0.917148 0.000000 -0.398548 0.759211 0.759211 0.759211
3719.713867 0.000000 2588.699463 0.000000 0.660200 0.000000 0.751089 0.727726 0.727726 0.727726
3738.516357 0.000000 2601.180420 0.000000 0.527253 0.000000 -0.849708 0.856473 0.856473 0.856473
3733.121338 0.000000 2559.729004 0.000000 0.898305 0.000000 0.439371 0.741482 0.741482 0.741482
3736.562012 0.000000 2581.707275 0.000000 0.305354 0.000000 -0.952239 0.799563 0.799563 0.799563
3716.799561 0.000000 2597.407227 0.000000 0.796260 0.000000 0.604955 0.720803 0.720803 0.720803
3727.919434 0.000000 2621.516357 0.000000 0.365111 0.000000 0.930964 0.696207 0.696207 0.696207
3735.028320 0.000000 2564.677979 0.000000 0.998339 0.000000 0.057612 0.749137 0.749137 0.749137
3733.049316 0.000000 2585.639160 0.000000 0.390324 0.000000 0.920678 0.704002 0.704002 0.704002
3716.907959 0.000000 2583.701416 0.000000 0.963814 0.000000 0.266576 0.734843 0.734843 0.734843
3714.309326 0.000000 2588.917236 0.000000 0.444807 0.000000 -0.895626 0.774937 0.774937 0.774937
3713.891602 0.000000 2579.953369 0.000000 0.854806 0.000000 0.518947 0.737741 0.737741 0.737741
3737.736084 0.000000 2587.214355 0.000000 0.243005 0.000000 0.970025 0.687961 0.687961 0.687961
3741.116699 0.000000 2583.008301 0.000000 0.214166 0.000000 0.976797 0.701796 0.701796 0.701796
3736.742920 0.000000 2619.459717 0.000000 0.525785 0.000000 0.850617 0.711909 0.711909 0.711909
3741.172607 0.000000 2578.789062 0.000000 0.153561 0.000000 -0.988139 0.787135 0.787135 0.787135
3737.004883 0.000000 2561.037598 0.000000 0.962065 0.000000 0.272819 0.742757 0.742757 0.742757
3729.076660 0.000000 2559.380859 0.000000 0.755831 0.000000 -0.654766 0.786090 0.786090 0.786090
3734.030029 0.000000 2622.082520 0.000000 0.796764 0.000000 -0.604291 0.774299 0.774299 0.774299
3755.348633 0.000000 2599.453613 0.000000 0.911160 0.000000 0.412053 0.730915 0.730915 0.730915
3717.534668 0.000000 2570.547119 0.000000 0.045608 0.000000 0.998959 0.690029 0.690029 0.690029
3715.963623 0.000000 2592.392090 0.000000 0.465204 0.000000 0.885203 0.715402 0.715402 0.715402
3741.642334 0.000000 2598.947510 0.000000 0.904606 0.000000 0.426248 0.734335 0.734335 0.734335
3748.829102 0.000000 2601.654297 0.000000 0.508582 0.000000 -0.861013 0.802439 0.802439 0.802439
3719.984375 0.000000 2599.300537 0.000000 0.564101 0.000000 0.825706 0.715440 0.715440 0.715440
3725.167969 0.000000 2619.395020 0.000000 0.468334 0.000000 0.883552 0.715515 0.715515 0.715515
3738.572998 0.000000 2563.922119 0.000000 0.908778 0.000000 0.417281 0.729850 0.729850 0.729850
3714.892090 0.000000 2572.437744 0.000000 0.306418 0.000000 0.951897 0.695765 0.695765 0.695765
3714.511230 0.000000 2585.792969 0.000000 0.905003 0.000000 -0.425405 0.763164 0.763164 0.763164
3711.621582 0.000000 2590.450439 0.000000 0.617286 0.000000 -0.786739 0.800865 0.800865 0.800865
3719.549072 0.000000 2585.496826 0.000000 0.977807 0.000000 0.209506 0.741305 0.741305 0.741305
3731.019775 0.000000 2621.220703 0.000000 0.654929 0.000000 -0.755691 0.798123 0.798123 0.798123
3736.066162 0.000000 2584.688965 0.000000 0.362521 0.000000 -0.931976 0.812904 0.812904 0.812904
3711.618164 0.000000 2577.952393 0.000000 0.437321 0.000000 -0.899305 0.802342 0.802342 0.802342
3753.964111 0.000000 2596.708984 0.000000 0.012727 0.000000 0.999919 0.642058 0.642058 0.642058
3734.861328 0.000000 2587.909912 0.000000 0.924127 0.000000 -0.382085 0.769086 0.769086 0.769086
3741.939453 0.000000 2590.695557 0.000000 0.352266 0.000000 0.935900 0.681986 0.681986 0.681986
3719.561035 0.000000 2596.468262 0.000000 0.400871 0.000000 -0.916134 0.838924 0.838924 0.838924
3745.594482 0.000000 2594.393555 0.000000 0.925369 0.000000 0.379068 0.732529 0.732529 0.732529
3751.855713 0.000000 2605.488037 0.000000 0.899296 0.000000 -0.437341 0.772036 0.772036 0.772036
3739.277344 0.000000 2580.794189 0.000000 0.423976 0.000000 0.905673 0.699087 0.699087 0.699087
3737.072754 0.000000 2598.856201 0.000000 0.655185 0.000000 -0.755468 0.801311 0.801311 0.801311
3739.893311 0.000000 2588.903809 0.000000 0.939762 0.000000 -0.341829 0.774822 0.774822 0.774822
3738.497559 0.000000 2583.621826 0.000000 0.412481 0.000000 0.910966 0.696373 0.696373 0.696373
3734.607422 0.000000 2562.090088 0.000000 0.676696 0.000000 -0.736263 0.804232 0.804232 0.804232
3741.062500 0.000000 2601.297607 0.000000 0.598963 0.000000 -0.800777 0.829980 0.829980 0.829980
3734.523438 0.000000 2619.477539 0.000000 0.580072 0.000000 -0.814565 0.819517 0.819517 0.819517
3739.312012 0.000000 2598.837158 0.000000 0.570752 0.000000 0.821122 0.679650 0.679650 0.679650
3711.548340 0.000000 2617.763916 0.000000 0.763606 0.000000 0.645683 0.692172 0.692172 0.692172
3737.863525 0.000000 2594.351562 0.000000 0.730494 0.000000 -0.682919 0.814749 0.814749 0.814749
3735.510010 0.000000 2594.908447 0.000000 0.956178 0.000000 -0.292785 0.783938 0.783938 0.783938
3713.049072 0.000000 2639.215820 0.000000 0.998070 0.000000 -0.062098 0.752211 0.752211 0.752211
3711.919434 0.000000 2626.652588 0.000000 0.996899 0.000000 -0.078688 0.752360 0.752360 0.752360
3733.121338 0.000000 2623.713379 0.000000 0.428518 0.000000 0.903533 0.737328 0.737328 0.737328
3731.185547 0.000000 2632.383057 0.000000 0.279559 0.000000 -0.960129 0.817498 0.817498 0.817498
3713.864258 0.000000 2632.821289 0.000000 0.720609 0.000000 -0.693341 0.784428 0.784428 0.784428
3733.049316 0.000000 2649.623535 0.000000 0.950277 0.000000 0.311405 0.729247 0.729247 0.729247
3726.286377 0.000000 2634.524414 0.000000 0.229475 0.000000 0.973315 0.699847 0.699847 0.699847
3730.495850 0.000000 2653.202148 0.000000 0.487294 0.000000 -0.873238 0.775846 0.775846 0.775846
3737.004883 0.000000 2625.021973 0.000000 0.998726 0.000000 0.050453 0.748771 0.748771 0.748771
3729.076660 0.000000 2623.365234 0.000000 0.813376 0.000000 -0.581738 0.766275 0.766275 0.766275
3727.588867 0.000000 2630.915283 0.000000 0.409337 0.000000 0.912383 0.702666 0.702666 0.702666
3711.667725 0.000000 2635.846924 0.000000 0.408052 0.000000 0.912959 0.687529 0.687529 0.687529
3730.384033 0.000000 2648.250244 0.000000 0.863889 0.000000 0.503683 0.707500 0.707500 0.707500
3733.791992 0.000000 2646.561035 0.000000 0.026377 0.000000 0.999652 0.640112 0.640112 0.640112
3728.878662 0.000000 2633.648926 0.000000 0.822325 0.000000 -0.569018 0.781735 0.781735 0.781735
3730.859375 0.000000 2650.802734 0.000000 0.784391 0.000000 0.620267 0.698635 0.698635 0.698635
3713.472900 0.000000 2630.729980 0.000000 0.305082 0.000000 0.952326 0.622523 0.622523 0.622523
"}
