object={
	name="tree_jungle_01_c_generator_1_0"
	clamp_to_water_level=no
	render_under_water=no
	generated_content=yes
	layer="tree_high_layer"
	pdxmesh="tree_jungle_01_c_mesh"
	count=1010
	transform="3644.113525 0.000000 2556.111328 0.000000 0.023880 0.000000 0.999715 0.886097 0.886097 0.886097
3634.738037 0.000000 2549.956055 0.000000 0.994995 0.000000 0.099920 0.897301 0.897301 0.897301
3601.643799 0.000000 2547.834717 0.000000 0.975998 0.000000 0.217780 0.895067 0.895067 0.895067
3640.256592 0.000000 2534.986816 0.000000 0.924198 0.000000 0.381914 0.886793 0.886793 0.886793
3609.266846 0.000000 2551.182373 0.000000 0.103568 0.000000 0.994622 0.850556 0.850556 0.850556
3626.171143 0.000000 2543.225342 0.000000 0.152807 0.000000 0.988256 0.829936 0.829936 0.829936
3646.921143 0.000000 2551.460449 0.000000 0.622844 0.000000 -0.782346 1.013045 1.013045 1.013045
3588.473877 0.000000 2548.811523 0.000000 0.995330 0.000000 -0.096534 0.904128 0.904128 0.904128
3645.872803 0.000000 2535.535889 0.000000 0.632751 0.000000 -0.774355 0.947762 0.947762 0.947762
3637.551514 0.000000 2557.456787 0.000000 0.911737 0.000000 0.410775 0.839128 0.839128 0.839128
3612.272705 0.000000 2554.087402 0.000000 0.999828 0.000000 0.018553 0.899416 0.899416 0.899416
3634.415527 0.000000 2559.365723 0.000000 0.998964 0.000000 -0.045516 0.909821 0.909821 0.909821
3641.082275 0.000000 2557.725098 0.000000 0.023130 0.000000 0.999732 0.552256 0.552256 0.552256
3592.468262 0.000000 2554.037354 0.000000 0.979509 0.000000 0.201400 0.862182 0.862182 0.862182
3590.815430 0.000000 2556.687256 0.000000 0.314874 0.000000 0.949133 0.787613 0.787613 0.787613
3646.516846 0.000000 2558.045654 0.000000 0.249516 0.000000 0.968371 0.760749 0.760749 0.760749
3628.857422 0.000000 2544.829102 0.000000 0.424773 0.000000 -0.905300 0.945786 0.945786 0.945786
3642.116943 0.000000 2553.818848 0.000000 0.929357 0.000000 0.369183 0.758114 0.758114 0.758114
3597.261963 0.000000 2558.254639 0.000000 0.868726 0.000000 -0.495293 0.952392 0.952392 0.952392
3644.785400 0.000000 2553.179688 0.000000 0.942459 0.000000 -0.334321 0.988848 0.988848 0.988848
3644.440918 0.000000 2548.852783 0.000000 0.256937 0.000000 0.966428 0.826361 0.826361 0.826361
3639.552246 0.000000 2555.691650 0.000000 0.675819 0.000000 0.737067 0.710071 0.710071 0.710071
3643.360352 0.000000 2558.556152 0.000000 0.962530 0.000000 0.271175 0.848170 0.848170 0.848170
3647.194336 0.000000 2553.909180 0.000000 0.877572 0.000000 -0.479444 1.114587 1.114587 1.114587
3636.273438 0.000000 2555.472168 0.000000 0.957998 0.000000 0.286774 0.864056 0.864056 0.864056
3646.669434 0.000000 2549.221436 0.000000 0.561371 0.000000 0.827564 0.650321 0.650321 0.650321
3635.367676 0.000000 2557.423828 0.000000 0.752039 0.000000 -0.659118 0.984082 0.984082 0.984082
3646.233643 0.000000 2555.869873 0.000000 0.392308 0.000000 -0.919834 1.033804 1.033804 1.033804
3644.957275 0.000000 2550.919434 0.000000 0.675349 0.000000 0.737498 0.719242 0.719242 0.719242
3641.959473 0.000000 2555.892090 0.000000 0.599252 0.000000 0.800560 0.804061 0.804061 0.804061
3591.885742 0.000000 2552.127197 0.000000 0.327821 0.000000 -0.944740 1.052843 1.052843 1.052843
3641.159180 0.000000 2552.123535 0.000000 0.988113 0.000000 -0.153729 0.928783 0.928783 0.928783
3599.093994 0.000000 2559.364746 0.000000 0.999776 0.000000 -0.021163 0.905326 0.905326 0.905326
3637.845459 0.000000 2554.463135 0.000000 0.986219 0.000000 0.165446 0.879460 0.879460 0.879460
3592.495605 0.000000 2555.897705 0.000000 0.995430 0.000000 0.095494 0.882164 0.882164 0.882164
3590.788086 0.000000 2554.700928 0.000000 0.997817 0.000000 -0.066040 0.914107 0.914107 0.914107
3589.325684 0.000000 2557.572510 0.000000 0.914312 0.000000 0.405011 0.781946 0.781946 0.781946
3643.639404 0.000000 2554.547852 0.000000 0.913065 0.000000 0.407815 0.825438 0.825438 0.825438
3643.209961 0.000000 2552.594727 0.000000 0.959055 0.000000 -0.283221 1.007748 1.007748 1.007748
3642.739014 0.000000 2557.185059 0.000000 0.969983 0.000000 0.243174 0.855846 0.855846 0.855846
3646.208252 0.000000 2552.814453 0.000000 0.315566 0.000000 -0.948904 1.436336 1.436336 1.436336
3588.005615 0.000000 2557.603271 0.000000 0.080548 0.000000 0.996751 0.478123 0.478123 0.478123
3598.589844 0.000000 2558.135254 0.000000 0.212483 0.000000 -0.977165 1.241412 1.241412 1.241412
3640.660156 0.000000 2556.414795 0.000000 0.879089 0.000000 0.476658 0.788363 0.788363 0.788363
3639.166992 0.000000 2554.482422 0.000000 0.997155 0.000000 -0.075374 0.917291 0.917291 0.917291
3646.053223 0.000000 2553.982910 0.000000 0.590777 0.000000 -0.806835 1.302881 1.302881 1.302881
3642.137451 0.000000 2552.705322 0.000000 0.405489 0.000000 0.914100 0.467252 0.467252 0.467252
3643.799072 0.000000 2553.525391 0.000000 0.939009 0.000000 -0.343893 1.031729 1.031729 1.031729
3647.108887 0.000000 2552.419678 0.000000 0.910944 0.000000 0.412530 0.717510 0.717510 0.717510
3670.528076 0.000000 2526.822510 0.000000 0.367583 0.000000 0.929991 0.854378 0.854378 0.854378
3699.251465 0.000000 2532.225098 0.000000 0.641280 0.000000 0.767307 0.862661 0.862661 0.862661
3687.876221 0.000000 2557.331299 0.000000 0.037042 0.000000 -0.999314 0.937908 0.937908 0.937908
3663.995605 0.000000 2540.748779 0.000000 0.461399 0.000000 0.887193 0.747984 0.747984 0.747984
3678.869385 0.000000 2551.324463 0.000000 0.993610 0.000000 0.112864 0.870520 0.870520 0.870520
3693.197998 0.000000 2547.845947 0.000000 0.699099 0.000000 -0.715025 0.916110 0.916110 0.916110
3708.105713 0.000000 2556.111328 0.000000 0.999346 0.000000 -0.036172 0.900325 0.900325 0.900325
3697.916504 0.000000 2555.783203 0.000000 0.755872 0.000000 0.654719 0.858300 0.858300 0.858300
3648.055664 0.000000 2546.507324 0.000000 0.393205 0.000000 0.919451 0.800386 0.800386 0.800386
3678.253418 0.000000 2544.057861 0.000000 0.627338 0.000000 -0.778747 1.106590 1.106590 1.106590
3663.137939 0.000000 2528.339600 0.000000 0.530011 0.000000 0.847991 0.863612 0.863612 0.863612
3692.770264 0.000000 2531.780273 0.000000 0.786542 0.000000 0.617536 0.862611 0.862611 0.862611
3647.656738 0.000000 2556.462158 0.000000 0.985488 0.000000 -0.169748 0.936793 0.936793 0.936793
3698.730225 0.000000 2549.956055 0.000000 0.793355 0.000000 0.608760 0.586766 0.586766 0.586766
3665.635986 0.000000 2547.834717 0.000000 0.833107 0.000000 -0.553112 0.992182 0.992182 0.992182
3681.222168 0.000000 2536.259277 0.000000 0.624798 0.000000 -0.780786 0.940261 0.940261 0.940261
3709.721924 0.000000 2546.476807 0.000000 0.992935 0.000000 0.118659 0.883965 0.883965 0.883965
3681.805664 0.000000 2556.543701 0.000000 0.964115 0.000000 -0.265486 1.013507 1.013507 1.013507
3673.259033 0.000000 2551.182373 0.000000 0.367532 0.000000 0.930011 0.800700 0.800700 0.800700
3669.619385 0.000000 2540.013428 0.000000 0.281271 0.000000 0.959628 0.700674 0.700674 0.700674
3703.208740 0.000000 2553.141113 0.000000 0.921935 0.000000 0.387345 0.849059 0.849059 0.849059
3705.858154 0.000000 2527.379639 0.000000 0.535411 0.000000 -0.844592 0.933899 0.933899 0.933899
3710.913330 0.000000 2551.460449 0.000000 0.325269 0.000000 -0.945622 1.248128 1.248128 1.248128
3685.538574 0.000000 2552.815430 0.000000 0.526311 0.000000 0.850292 0.772093 0.772093 0.772093
3661.538330 0.000000 2545.050049 0.000000 0.959864 0.000000 0.280465 0.877005 0.877005 0.877005
3655.721191 0.000000 2529.573975 0.000000 0.729182 0.000000 0.684320 0.861051 0.861051 0.861051
3695.797363 0.000000 2543.589600 0.000000 0.963762 0.000000 -0.266764 0.904854 0.904854 0.904854
3705.224121 0.000000 2543.085449 0.000000 0.998312 0.000000 0.058082 0.885114 0.885114 0.885114
3681.987793 0.000000 2547.385498 0.000000 0.891727 0.000000 0.452575 0.794475 0.794475 0.794475
3648.854736 0.000000 2551.936523 0.000000 0.485740 0.000000 0.874104 0.735106 0.735106 0.735106
3656.815430 0.000000 2550.217285 0.000000 0.875332 0.000000 0.483523 0.828561 0.828561 0.828561
3667.328369 0.000000 2543.728516 0.000000 0.768673 0.000000 0.639643 0.859455 0.859455 0.859455
3711.143799 0.000000 2542.240967 0.000000 0.999803 0.000000 0.019867 0.896250 0.896250 0.896250
3676.222900 0.000000 2547.800293 0.000000 0.853158 0.000000 -0.521652 0.970285 0.970285 0.970285
3672.750732 0.000000 2555.475342 0.000000 0.257459 0.000000 0.966289 0.543735 0.543735 0.543735
3709.570312 0.000000 2525.291992 0.000000 0.467755 0.000000 0.883858 0.843978 0.843978 0.843978
3683.568359 0.000000 2532.531250 0.000000 0.893893 0.000000 -0.448281 0.919844 0.919844 0.919844
3700.063721 0.000000 2545.936279 0.000000 0.908456 0.000000 -0.417980 0.978481 0.978481 0.978481
3669.325195 0.000000 2549.736816 0.000000 0.253686 0.000000 -0.967287 1.115577 1.115577 1.115577
3692.095703 0.000000 2558.156006 0.000000 0.509517 0.000000 -0.860461 1.153771 1.153771 1.153771
3664.931152 0.000000 2552.706787 0.000000 0.872363 0.000000 0.488859 0.766870 0.766870 0.766870
3676.264893 0.000000 2554.087402 0.000000 0.764400 0.000000 0.644742 0.734691 0.734691 0.734691
3696.983398 0.000000 2539.896240 0.000000 0.997636 0.000000 -0.068725 0.902164 0.902164 0.902164
3695.186279 0.000000 2550.927002 0.000000 0.866055 0.000000 0.499948 0.762369 0.762369 0.762369
3660.062988 0.000000 2548.280029 0.000000 0.850632 0.000000 -0.525761 1.010707 1.010707 1.010707
3659.337891 0.000000 2528.558105 0.000000 0.445500 0.000000 0.895282 0.762943 0.762943 0.762943
3681.299561 0.000000 2542.343750 0.000000 0.990844 0.000000 -0.135013 0.927995 0.927995 0.927995
3682.462158 0.000000 2551.087402 0.000000 0.901021 0.000000 0.433776 0.810276 0.810276 0.810276
3661.175781 0.000000 2555.410645 0.000000 0.903830 0.000000 -0.427892 1.016238 1.016238 1.016238
3696.829834 0.000000 2546.947266 0.000000 0.984458 0.000000 0.175623 0.863110 0.863110 0.863110
3655.137451 0.000000 2542.039062 0.000000 0.759410 0.000000 -0.650612 0.987542 0.987542 0.987542
3700.470947 0.000000 2529.203613 0.000000 0.897405 0.000000 -0.441208 0.930801 0.930801 0.930801
3674.500488 0.000000 2544.891846 0.000000 0.461621 0.000000 0.887077 0.811753 0.811753 0.811753
3688.796631 0.000000 2554.322998 0.000000 0.394930 0.000000 0.918711 0.714179 0.714179 0.714179
3701.924561 0.000000 2550.165771 0.000000 0.790213 0.000000 0.612833 0.839232 0.839232 0.839232
3699.921875 0.000000 2553.206299 0.000000 0.703614 0.000000 -0.710582 1.072250 1.072250 1.072250
3683.706543 0.000000 2544.364990 0.000000 0.689643 0.000000 -0.724149 1.009172 1.009172 1.009172
3652.963379 0.000000 2545.683838 0.000000 0.933794 0.000000 0.357810 0.858891 0.858891 0.858891
3684.888428 0.000000 2556.820312 0.000000 0.262831 0.000000 0.964842 0.630271 0.630271 0.630271
3708.446289 0.000000 2543.714355 0.000000 0.162948 0.000000 -0.986635 1.171901 1.171901 1.171901
3701.189209 0.000000 2534.643311 0.000000 0.627896 0.000000 0.778297 0.819835 0.819835 0.819835
3664.565674 0.000000 2544.973145 0.000000 0.928412 0.000000 -0.371553 1.032579 1.032579 1.032579
3680.694336 0.000000 2553.796631 0.000000 0.994243 0.000000 0.107148 0.893005 0.893005 0.893005
3695.434326 0.000000 2554.015869 0.000000 0.613403 0.000000 -0.789770 1.030921 1.030921 1.030921
3706.701904 0.000000 2546.116943 0.000000 0.919080 0.000000 -0.394071 0.982821 0.982821 0.982821
3702.313477 0.000000 2543.915527 0.000000 0.558480 0.000000 0.829518 0.809882 0.809882 0.809882
3679.073730 0.000000 2548.355225 0.000000 0.948315 0.000000 -0.317330 0.971829 0.971829 0.971829
3672.384277 0.000000 2529.061768 0.000000 0.230887 0.000000 0.972981 0.758722 0.758722 0.758722
3658.700439 0.000000 2543.890625 0.000000 0.946469 0.000000 -0.322795 1.038840 1.038840 1.038840
3671.939697 0.000000 2538.399902 0.000000 0.764895 0.000000 -0.644156 0.955042 0.955042 0.955042
3649.188965 0.000000 2549.110352 0.000000 0.393892 0.000000 -0.919157 1.028367 1.028367 1.028367
3711.174316 0.000000 2539.100342 0.000000 0.069623 0.000000 0.997573 0.535732 0.535732 0.535732
3655.095459 0.000000 2547.999023 0.000000 0.606205 0.000000 0.795309 0.497119 0.497119 0.497119
3708.777588 0.000000 2553.179688 0.000000 0.495362 0.000000 -0.868687 1.183795 1.183795 1.183795
3667.679199 0.000000 2551.856445 0.000000 0.672176 0.000000 0.740392 0.795105 0.795105 0.795105
3708.433105 0.000000 2548.852783 0.000000 0.814739 0.000000 -0.579828 1.072328 1.072328 1.072328
3684.992920 0.000000 2550.169189 0.000000 0.786276 0.000000 -0.617875 1.046658 1.046658 1.046658
3698.423096 0.000000 2543.639404 0.000000 0.238290 0.000000 -0.971194 1.204857 1.204857 1.204857
3675.829346 0.000000 2550.410889 0.000000 0.860135 0.000000 -0.510066 1.039510 1.039510 1.039510
3649.504639 0.000000 2554.551270 0.000000 0.679074 0.000000 0.734070 0.718494 0.718494 0.718494
3651.400391 0.000000 2551.272705 0.000000 0.297045 0.000000 0.954863 0.341056 0.341056 0.341056
3661.843018 0.000000 2542.432373 0.000000 0.770936 0.000000 0.636913 0.761921 0.761921 0.761921
3676.731201 0.000000 2541.694092 0.000000 0.718146 0.000000 0.695893 0.829097 0.829097 0.829097
3683.532715 0.000000 2554.587646 0.000000 0.686713 0.000000 -0.726928 1.092004 1.092004 1.092004
3681.104980 0.000000 2544.970947 0.000000 0.776554 0.000000 -0.630051 1.099098 1.099098 1.099098
3663.770508 0.000000 2555.019287 0.000000 0.459270 0.000000 0.888297 0.565813 0.565813 0.565813
3697.379639 0.000000 2552.330078 0.000000 0.202544 0.000000 0.979273 0.724945 0.724945 0.724945
3650.521240 0.000000 2546.627441 0.000000 0.957298 0.000000 0.289103 0.853871 0.853871 0.853871
3700.798340 0.000000 2539.243896 0.000000 0.918011 0.000000 0.396555 0.823039 0.823039 0.823039
3669.599121 0.000000 2529.123535 0.000000 0.510276 0.000000 0.860011 0.786017 0.786017 0.786017
3657.811035 0.000000 2547.184814 0.000000 0.998118 0.000000 0.061329 0.894622 0.894622 0.894622
3702.698975 0.000000 2541.418457 0.000000 0.991899 0.000000 0.127026 0.869092 0.869092 0.869092
3707.281006 0.000000 2541.580566 0.000000 0.323007 0.000000 0.946397 0.721415 0.721415 0.721415
3693.454346 0.000000 2555.897461 0.000000 0.488805 0.000000 0.872393 0.721359 0.721359 0.721359
3663.218994 0.000000 2547.091309 0.000000 0.291985 0.000000 0.956423 0.318678 0.318678 0.318678
3704.415283 0.000000 2550.250977 0.000000 0.907334 0.000000 0.420410 0.842480 0.842480 0.842480
3711.186523 0.000000 2553.909180 0.000000 0.226792 0.000000 0.973943 0.571326 0.571326 0.571326
3684.308594 0.000000 2546.782471 0.000000 0.920364 0.000000 -0.391064 0.931597 0.931597 0.931597
3701.738037 0.000000 2547.737305 0.000000 0.468635 0.000000 -0.883392 1.143350 1.143350 1.143350
3665.500244 0.000000 2550.339844 0.000000 0.072012 0.000000 -0.997404 1.048169 1.048169 1.048169
3649.310791 0.000000 2558.451904 0.000000 0.551292 0.000000 0.834312 0.804651 0.804651 0.804651
3700.265625 0.000000 2555.472168 0.000000 0.851937 0.000000 -0.523644 0.945818 0.945818 0.945818
3665.178711 0.000000 2542.699951 0.000000 0.656741 0.000000 0.754116 0.633184 0.633184 0.633184
3704.257812 0.000000 2545.238770 0.000000 0.119158 0.000000 -0.992875 1.076096 1.076096 1.076096
3674.899902 0.000000 2556.287842 0.000000 0.488560 0.000000 0.872530 0.811847 0.811847 0.811847
3674.050537 0.000000 2553.493652 0.000000 0.962638 0.000000 -0.270791 0.978249 0.978249 0.978249
3677.999268 0.000000 2546.308105 0.000000 0.980291 0.000000 0.197557 0.874531 0.874531 0.874531
3710.661621 0.000000 2549.221436 0.000000 0.548064 0.000000 0.836437 0.808730 0.808730 0.808730
3659.126221 0.000000 2550.320312 0.000000 0.743926 0.000000 -0.668262 1.013466 1.013466 1.013466
3694.817139 0.000000 2545.853516 0.000000 0.414511 0.000000 0.910044 0.761270 0.761270 0.761270
3710.641113 0.000000 2544.396973 0.000000 0.823691 0.000000 0.567038 0.817365 0.817365 0.817365
3681.044678 0.000000 2549.359375 0.000000 0.844302 0.000000 0.535867 0.835194 0.835194 0.835194
3695.248535 0.000000 2548.621826 0.000000 0.761303 0.000000 0.648396 0.811233 0.811233 0.811233
3670.531250 0.000000 2555.493164 0.000000 0.795234 0.000000 -0.606303 0.999527 0.999527 0.999527
3671.642578 0.000000 2549.685303 0.000000 0.745690 0.000000 0.666293 0.791859 0.791859 0.791859
3709.431885 0.000000 2540.863281 0.000000 0.690807 0.000000 -0.723039 1.088856 1.088856 1.088856
3659.580566 0.000000 2545.957031 0.000000 0.725660 0.000000 0.688053 0.649372 0.649372 0.649372
3672.506592 0.000000 2544.083252 0.000000 0.949109 0.000000 0.314946 0.828729 0.828729 0.828729
3671.842529 0.000000 2540.776123 0.000000 0.800889 0.000000 0.598813 0.751418 0.751418 0.751418
3706.312500 0.000000 2548.311279 0.000000 0.795116 0.000000 0.606457 0.787267 0.787267 0.787267
3698.832764 0.000000 2547.736084 0.000000 0.999578 0.000000 -0.029047 0.907376 0.907376 0.907376
3678.337402 0.000000 2553.444092 0.000000 0.532106 0.000000 -0.846678 1.149558 1.149558 1.149558
3670.446777 0.000000 2547.848633 0.000000 0.687110 0.000000 0.726554 0.779393 0.779393 0.779393
3705.233887 0.000000 2540.920166 0.000000 0.696835 0.000000 -0.717232 1.009624 1.009624 1.009624
3699.359863 0.000000 2557.423828 0.000000 0.598570 0.000000 0.801070 0.758047 0.758047 0.758047
3662.759277 0.000000 2553.073242 0.000000 0.824381 0.000000 0.566035 0.787790 0.787790 0.787790
3653.855469 0.000000 2543.770020 0.000000 0.459972 0.000000 0.887933 0.789503 0.789503 0.789503
3710.225830 0.000000 2555.869873 0.000000 0.853368 0.000000 0.521309 0.813749 0.813749 0.813749
3668.713379 0.000000 2541.941406 0.000000 0.356500 0.000000 -0.934295 1.087016 1.087016 1.087016
3647.556152 0.000000 2553.779541 0.000000 0.009164 0.000000 -0.999958 1.570185 1.570185 1.570185
3683.221436 0.000000 2549.104004 0.000000 0.219879 0.000000 0.975527 0.648402 0.648402 0.648402
3698.183838 0.000000 2541.595703 0.000000 0.256654 0.000000 0.966503 0.755636 0.755636 0.755636
3708.949463 0.000000 2550.919434 0.000000 0.043245 0.000000 -0.999065 1.353052 1.353052 1.353052
3656.798584 0.000000 2543.193359 0.000000 0.980233 0.000000 -0.197848 0.923270 0.923270 0.923270
3673.644775 0.000000 2539.578613 0.000000 0.960154 0.000000 -0.279473 0.947095 0.947095 0.947095
3666.520508 0.000000 2545.757812 0.000000 0.603161 0.000000 -0.797620 1.080494 1.080494 1.080494
3654.275635 0.000000 2540.210449 0.000000 0.203841 0.000000 -0.979004 1.262044 1.262044 1.262044
3652.888428 0.000000 2555.918457 0.000000 0.555840 0.000000 0.831289 0.750050 0.750050 0.750050
3655.877930 0.000000 2552.127197 0.000000 0.945561 0.000000 -0.325444 0.953626 0.953626 0.953626
3698.803223 0.000000 2539.003174 0.000000 0.849619 0.000000 0.527398 0.810128 0.810128 0.810128
3693.937500 0.000000 2559.048096 0.000000 0.527847 0.000000 -0.849340 1.148520 1.148520 1.148520
3671.797363 0.000000 2557.208496 0.000000 0.975451 0.000000 -0.220218 0.966353 0.966353 0.966353
3677.028320 0.000000 2551.984375 0.000000 0.889031 0.000000 0.457848 0.769635 0.769635 0.769635
3651.183838 0.000000 2553.310303 0.000000 0.192225 0.000000 -0.981351 1.054740 1.054740 1.054740
3680.091553 0.000000 2546.679199 0.000000 0.967063 0.000000 0.254535 0.842172 0.842172 0.842172
3694.145020 0.000000 2552.560791 0.000000 0.998263 0.000000 0.058921 0.881852 0.881852 0.881852
3696.809814 0.000000 2549.890381 0.000000 0.649526 0.000000 0.760340 0.496283 0.496283 0.496283
3701.556152 0.000000 2552.069092 0.000000 0.882452 0.000000 -0.470402 1.014442 1.014442 1.014442
3697.170654 0.000000 2557.751953 0.000000 0.853222 0.000000 -0.521547 0.978898 0.978898 0.978898
3663.763184 0.000000 2551.226807 0.000000 0.944835 0.000000 -0.327546 0.974230 0.974230 0.974230
3683.185303 0.000000 2542.525635 0.000000 0.909334 0.000000 0.416067 0.805511 0.805511 0.805511
3661.323486 0.000000 2546.902832 0.000000 0.354447 0.000000 -0.935076 1.076495 1.076495 1.076495
3677.607178 0.000000 2549.681641 0.000000 0.297099 0.000000 0.954847 0.543546 0.543546 0.543546
3682.462891 0.000000 2553.020752 0.000000 0.813199 0.000000 -0.581985 1.032591 1.032591 1.032591
3697.189697 0.000000 2545.051270 0.000000 0.600828 0.000000 -0.799379 1.029035 1.029035 1.029035
3663.456299 0.000000 2543.466553 0.000000 0.712086 0.000000 -0.702092 1.083627 1.083627 1.083627
3702.502686 0.000000 2546.031982 0.000000 0.684326 0.000000 0.729177 0.747614 0.747614 0.747614
3680.714600 0.000000 2551.833496 0.000000 0.320461 0.000000 -0.947262 1.092954 1.092954 1.092954
3700.322510 0.000000 2548.938477 0.000000 0.753083 0.000000 0.657925 0.627335 0.627335 0.627335
3706.039551 0.000000 2539.125732 0.000000 0.943786 0.000000 -0.330556 0.952987 0.952987 0.952987
3673.019043 0.000000 2546.167725 0.000000 0.685655 0.000000 0.727927 0.804742 0.804742 0.804742
3700.270508 0.000000 2544.117920 0.000000 0.997702 0.000000 -0.067756 0.912341 0.912341 0.912341
3651.357178 0.000000 2558.811279 0.000000 0.970707 0.000000 -0.240267 0.928895 0.928895 0.928895
3693.757568 0.000000 2549.719238 0.000000 0.587608 0.000000 0.809145 0.724194 0.724194 0.724194
3651.308105 0.000000 2544.729492 0.000000 0.540732 0.000000 -0.841195 1.070677 1.070677 1.070677
3660.942383 0.000000 2549.963623 0.000000 0.027551 0.000000 -0.999620 1.208607 1.208607 1.208607
3672.127441 0.000000 2553.694092 0.000000 0.828579 0.000000 -0.559872 1.013490 1.013490 1.013490
3699.876709 0.000000 2551.372803 0.000000 0.999271 0.000000 0.038170 0.893395 0.893395 0.893395
3710.162842 0.000000 2537.592041 0.000000 0.489335 0.000000 -0.872096 1.145193 1.145193 1.145193
3698.237305 0.000000 2554.006592 0.000000 0.394535 0.000000 0.918881 0.554403 0.554403 0.554403
3654.780273 0.000000 2554.700928 0.000000 0.858642 0.000000 0.512575 0.810516 0.810516 0.810516
3674.789062 0.000000 2548.939453 0.000000 0.748962 0.000000 -0.662613 1.007410 1.007410 1.007410
3680.091309 0.000000 2555.475830 0.000000 0.996763 0.000000 0.080401 0.876851 0.876851 0.876851
3681.293701 0.000000 2558.282715 0.000000 0.501910 0.000000 0.864920 0.503191 0.503191 0.503191
3650.875488 0.000000 2549.578857 0.000000 0.911253 0.000000 0.411847 0.794132 0.794132 0.794132
3706.561035 0.000000 2544.241943 0.000000 0.214943 0.000000 -0.976627 1.280332 1.280332 1.280332
3675.229248 0.000000 2552.186035 0.000000 0.802870 0.000000 0.596154 0.717743 0.717743 0.717743
3658.097412 0.000000 2548.930176 0.000000 0.108828 0.000000 -0.994061 1.123339 1.123339 1.123339
3684.026367 0.000000 2551.874268 0.000000 0.346123 0.000000 0.938189 0.631943 0.631943 0.631943
3654.609619 0.000000 2546.290527 0.000000 0.581665 0.000000 -0.813428 1.316246 1.316246 1.316246
3682.645752 0.000000 2545.726562 0.000000 0.996473 0.000000 0.083910 0.888674 0.888674 0.888674
3660.239746 0.000000 2543.075195 0.000000 0.296780 0.000000 -0.954946 1.153862 1.153862 1.153862
3680.018799 0.000000 2543.561768 0.000000 0.340907 0.000000 -0.940097 1.152794 1.152794 1.152794
3676.608643 0.000000 2556.007568 0.000000 0.987567 0.000000 -0.157197 0.926601 0.926601 0.926601
3662.348633 0.000000 2540.349121 0.000000 0.985473 0.000000 0.169831 0.876226 0.876226 0.876226
3657.868896 0.000000 2545.447021 0.000000 0.576189 0.000000 0.817317 0.379775 0.379775 0.379775
3651.234619 0.000000 2554.994385 0.000000 0.648479 0.000000 0.761232 0.656995 0.656995 0.656995
3708.273438 0.000000 2545.399902 0.000000 0.999351 0.000000 -0.036023 0.907610 0.907610 0.907610
3653.317871 0.000000 2557.572510 0.000000 0.455431 0.000000 -0.890271 1.045550 1.045550 1.045550
3658.307861 0.000000 2542.252441 0.000000 0.995504 0.000000 -0.094723 0.940072 0.940072 0.940072
3708.116455 0.000000 2547.169678 0.000000 0.723207 0.000000 0.690632 0.797223 0.797223 0.797223
3703.151123 0.000000 2551.421387 0.000000 0.024159 0.000000 0.999708 0.615040 0.615040 0.615040
3689.049561 0.000000 2555.966309 0.000000 0.095288 0.000000 0.995450 0.664636 0.664636 0.664636
3647.593018 0.000000 2548.666992 0.000000 0.581530 0.000000 -0.813525 1.143387 1.143387 1.143387
3677.685303 0.000000 2557.859131 0.000000 0.998521 0.000000 -0.054369 0.909167 0.909167 0.909167
3703.033203 0.000000 2548.933838 0.000000 0.952614 0.000000 -0.304182 0.945835 0.945835 0.945835
3668.454346 0.000000 2558.416748 0.000000 0.881539 0.000000 -0.472112 1.004952 1.004952 1.004952
3684.920898 0.000000 2548.282227 0.000000 0.475222 0.000000 0.879866 0.578577 0.578577 0.578577
3661.669922 0.000000 2548.486572 0.000000 0.930065 0.000000 0.367394 0.824769 0.824769 0.824769
3679.271240 0.000000 2545.282715 0.000000 0.103905 0.000000 0.994587 0.560561 0.560561 0.560561
3654.373291 0.000000 2552.883301 0.000000 0.263475 0.000000 -0.964666 1.110984 1.110984 1.110984
3674.627441 0.000000 2543.216309 0.000000 0.343684 0.000000 -0.939085 1.261828 1.261828 1.261828
3675.223877 0.000000 2540.957275 0.000000 0.597033 0.000000 0.802217 0.734743 0.734743 0.734743
3709.583252 0.000000 2542.568848 0.000000 0.804178 0.000000 -0.594388 1.022994 1.022994 1.022994
3682.149170 0.000000 2543.730469 0.000000 0.523738 0.000000 -0.851879 1.124503 1.124503 1.124503
3683.350586 0.000000 2556.256104 0.000000 0.300798 0.000000 -0.953688 1.170077 1.170077 1.170077
3679.569336 0.000000 2549.868896 0.000000 0.960739 0.000000 0.277455 0.837462 0.837462 0.837462
3698.488281 0.000000 2546.130859 0.000000 0.972472 0.000000 0.233019 0.840288 0.840288 0.840288
3664.519531 0.000000 2549.039795 0.000000 0.765994 0.000000 -0.642848 1.019229 1.019229 1.019229
3681.910645 0.000000 2554.811279 0.000000 0.987395 0.000000 -0.158276 0.945713 0.945713 0.945713
3697.148682 0.000000 2542.753906 0.000000 0.362142 0.000000 0.932123 0.662682 0.662682 0.662682
3664.683350 0.000000 2546.518311 0.000000 0.872847 0.000000 0.487995 0.819819 0.819819 0.819819
3677.755127 0.000000 2554.851074 0.000000 0.224890 0.000000 0.974384 0.582926 0.582926 0.582926
3684.680176 0.000000 2558.339111 0.000000 0.752945 0.000000 -0.658083 1.093665 1.093665 1.093665
3663.052979 0.000000 2545.237305 0.000000 0.345673 0.000000 -0.938355 1.228363 1.228363 1.228363
3692.246338 0.000000 2549.111328 0.000000 0.870154 0.000000 0.492780 0.803904 0.803904 0.803904
3693.519287 0.000000 2557.478271 0.000000 0.695627 0.000000 0.718403 0.743322 0.743322 0.743322
3662.235107 0.000000 2550.884766 0.000000 0.954618 0.000000 -0.297832 0.967271 0.967271 0.967271
3709.582520 0.000000 2539.002686 0.000000 0.385199 0.000000 -0.922834 1.137684 1.137684 1.137684
3693.889404 0.000000 2554.244629 0.000000 0.789885 0.000000 0.613256 0.788749 0.788749 0.788749
3670.431885 0.000000 2541.308350 0.000000 0.040874 0.000000 0.999164 0.545933 0.545933 0.545933
3697.343506 0.000000 2548.379395 0.000000 0.264667 0.000000 -0.964340 1.508933 1.508933 1.508933
3685.266357 0.000000 2544.653076 0.000000 0.963538 0.000000 0.267572 0.837921 0.837921 0.837921
3695.779785 0.000000 2552.312012 0.000000 0.322100 0.000000 -0.946706 1.282579 1.282579 1.282579
3665.978760 0.000000 2544.330566 0.000000 0.742792 0.000000 -0.669522 1.155477 1.155477 1.155477
3667.889893 0.000000 2545.108643 0.000000 0.235249 0.000000 -0.971935 1.160637 1.160637 1.160637
3710.200439 0.000000 2552.814453 0.000000 0.727236 0.000000 -0.686387 1.085278 1.085278 1.085278
3661.591553 0.000000 2554.011475 0.000000 0.493182 0.000000 0.869926 0.622641 0.622641 0.622641
3710.980469 0.000000 2540.726074 0.000000 0.965485 0.000000 -0.260459 0.962165 0.962165 0.962165
3710.925781 0.000000 2547.596680 0.000000 0.349925 0.000000 0.936778 0.660097 0.660097 0.660097
3692.163086 0.000000 2556.650879 0.000000 0.280030 0.000000 0.959991 0.648423 0.648423 0.648423
3665.361572 0.000000 2541.236572 0.000000 0.978034 0.000000 -0.208443 0.939632 0.939632 0.939632
3655.725342 0.000000 2540.401611 0.000000 0.999076 0.000000 -0.042970 0.911396 0.911396 0.911396
3651.079102 0.000000 2548.023193 0.000000 0.989932 0.000000 0.141543 0.864579 0.864579 0.864579
3679.645508 0.000000 2552.793213 0.000000 0.663858 0.000000 -0.747859 1.108807 1.108807 1.108807
3705.833252 0.000000 2549.693604 0.000000 0.713866 0.000000 -0.700283 1.088257 1.088257 1.088257
3694.569092 0.000000 2547.312012 0.000000 0.942696 0.000000 0.333652 0.818980 0.818980 0.818980
3663.420166 0.000000 2542.039795 0.000000 0.147801 0.000000 -0.989017 1.235590 1.235590 1.235590
3703.858154 0.000000 2540.555664 0.000000 0.891250 0.000000 -0.453512 1.014223 1.014223 1.014223
3648.203369 0.000000 2555.098877 0.000000 0.913747 0.000000 0.406283 0.807874 0.807874 0.807874
3683.354736 0.000000 2547.765137 0.000000 0.880572 0.000000 -0.473913 1.007607 1.007607 1.007607
3699.127686 0.000000 2544.930664 0.000000 0.936306 0.000000 0.351185 0.810504 0.810504 0.810504
3674.597168 0.000000 2550.989502 0.000000 0.083416 0.000000 -0.996515 1.287645 1.287645 1.287645
3685.671631 0.000000 2551.454102 0.000000 0.740330 0.000000 0.672243 0.737664 0.737664 0.737664
3698.676514 0.000000 2552.616455 0.000000 0.759738 0.000000 -0.650229 1.054283 1.054283 1.054283
3699.615723 0.000000 2542.958496 0.000000 0.878727 0.000000 0.477325 0.785957 0.785957 0.785957
3704.719727 0.000000 2548.959717 0.000000 0.116889 0.000000 -0.993145 1.252747 1.252747 1.252747
3679.231201 0.000000 2554.446777 0.000000 0.952988 0.000000 0.303008 0.832905 0.832905 0.832905
3676.390625 0.000000 2549.114258 0.000000 0.575812 0.000000 0.817582 0.631159 0.631159 0.631159
3662.175049 0.000000 2543.880371 0.000000 0.965801 0.000000 -0.259284 0.961878 0.961878 0.961878
3662.503906 0.000000 2555.418457 0.000000 0.620036 0.000000 -0.784573 1.175633 1.175633 1.175633
3670.181641 0.000000 2556.749268 0.000000 0.007865 0.000000 -0.999969 1.367061 1.367061 1.367061
3701.277344 0.000000 2546.458496 0.000000 0.064748 0.000000 -0.997902 1.238383 1.238383 1.238383
3711.030762 0.000000 2536.242920 0.000000 0.971483 0.000000 0.237109 0.844598 0.844598 0.844598
3696.578125 0.000000 2551.223145 0.000000 0.692659 0.000000 0.721265 0.642958 0.642958 0.642958
3647.618408 0.000000 2552.415039 0.000000 0.763939 0.000000 0.645288 0.598989 0.598989 0.598989
3700.149414 0.000000 2547.393066 0.000000 0.619137 0.000000 -0.785283 1.102929 1.102929 1.102929
3650.169678 0.000000 2555.733887 0.000000 0.254372 0.000000 -0.967106 1.268939 1.268939 1.268939
3699.492676 0.000000 2554.467773 0.000000 0.523077 0.000000 0.852285 0.597378 0.597378 0.597378
3675.522217 0.000000 2542.296143 0.000000 0.868812 0.000000 0.495142 0.746367 0.746367 0.746367
3710.144531 0.000000 2550.438721 0.000000 0.612825 0.000000 -0.790219 1.155911 1.155911 1.155911
3708.477051 0.000000 2559.164307 0.000000 0.911802 0.000000 -0.410630 1.000781 1.000781 1.000781
3708.200195 0.000000 2540.699219 0.000000 0.139501 0.000000 -0.990222 1.234354 1.234354 1.234354
3708.294434 0.000000 2551.989746 0.000000 0.417497 0.000000 0.908678 0.561855 0.561855 0.561855
3705.915283 0.000000 2542.002930 0.000000 0.699917 0.000000 0.714224 0.696232 0.696232 0.696232
3674.748535 0.000000 2538.580322 0.000000 0.878947 0.000000 0.476920 0.780477 0.780477 0.780477
3657.502686 0.000000 2544.265869 0.000000 0.899491 0.000000 -0.436939 1.145879 1.145879 1.145879
3662.220215 0.000000 2546.117188 0.000000 0.610209 0.000000 -0.792241 1.317109 1.317109 1.317109
3673.604980 0.000000 2554.602783 0.000000 0.999019 0.000000 -0.044285 0.912044 0.912044 0.912044
3701.572266 0.000000 2548.920654 0.000000 0.761675 0.000000 -0.647959 1.167669 1.167669 1.167669
3677.736816 0.000000 2550.873047 0.000000 0.374204 0.000000 0.927346 0.574548 0.574548 0.574548
3653.849121 0.000000 2548.760010 0.000000 0.054085 0.000000 0.998536 0.426312 0.426312 0.426312
3685.808350 0.000000 2558.996094 0.000000 0.725450 0.000000 -0.688274 1.104676 1.104676 1.104676
3709.498291 0.000000 2549.409912 0.000000 0.012854 0.000000 -0.999917 1.334066 1.334066 1.334066
3675.281250 0.000000 2553.420166 0.000000 0.794313 0.000000 0.607509 0.713686 0.713686 0.713686
3685.746826 0.000000 2549.225586 0.000000 0.557717 0.000000 -0.830031 1.192610 1.192610 1.192610
3664.843750 0.000000 2543.821533 0.000000 0.755705 0.000000 -0.654913 1.123016 1.123016 1.123016
3674.079346 0.000000 2552.060791 0.000000 0.795591 0.000000 -0.605833 1.085713 1.085713 1.085713
3658.979980 0.000000 2545.005371 0.000000 0.902878 0.000000 -0.429898 1.046776 1.046776 1.046776
3698.383789 0.000000 2548.879883 0.000000 0.724862 0.000000 -0.688895 1.263709 1.263709 1.263709
3709.789062 0.000000 2551.729492 0.000000 0.698551 0.000000 -0.715560 1.136508 1.136508 1.136508
3680.689697 0.000000 2556.512939 0.000000 0.991029 0.000000 0.133644 0.843377 0.843377 0.843377
3671.526611 0.000000 2556.102783 0.000000 0.258615 0.000000 0.965981 0.508760 0.508760 0.508760
3681.998535 0.000000 2559.148926 0.000000 0.889089 0.000000 0.457734 0.719462 0.719462 0.719462
3662.709473 0.000000 2554.281738 0.000000 0.903049 0.000000 -0.429537 1.035670 1.035670 1.035670
3696.320068 0.000000 2548.812988 0.000000 0.309908 0.000000 -0.950766 1.486856 1.486856 1.486856
3665.452393 0.000000 2545.557129 0.000000 0.381621 0.000000 -0.924319 1.310694 1.310694 1.310694
3662.287842 0.000000 2547.615234 0.000000 0.213037 0.000000 0.977044 0.281450 0.281450 0.281450
3659.365234 0.000000 2542.199951 0.000000 0.996156 0.000000 0.087596 0.862951 0.862951 0.862951
3663.687500 0.000000 2546.120117 0.000000 0.845226 0.000000 -0.534409 1.157164 1.157164 1.157164
3656.445801 0.000000 2544.175293 0.000000 0.437427 0.000000 -0.899254 1.507944 1.507944 1.507944
3651.763428 0.000000 2550.092529 0.000000 0.734507 0.000000 0.678602 0.571531 0.571531 0.571531
3655.553711 0.000000 2546.064453 0.000000 0.861210 0.000000 0.508250 0.666403 0.666403 0.666403
3655.218018 0.000000 2547.039307 0.000000 0.797838 0.000000 0.602872 0.616479 0.616479 0.616479
3699.374512 0.000000 2549.237061 0.000000 0.364206 0.000000 -0.931318 1.473356 1.473356 1.473356
3650.443604 0.000000 2551.258301 0.000000 0.895279 0.000000 0.445506 0.696654 0.696654 0.696654
3699.659668 0.000000 2548.275635 0.000000 0.815285 0.000000 -0.579060 1.195564 1.195564 1.195564
3681.194824 0.000000 2557.341797 0.000000 0.611361 0.000000 0.791352 0.514327 0.514327 0.514327
3697.633301 0.000000 2549.449219 0.000000 0.435461 0.000000 0.900208 0.376448 0.376448 0.376448
3657.029541 0.000000 2545.026855 0.000000 0.887144 0.000000 -0.461492 1.160823 1.160823 1.160823
3713.522705 0.000000 2538.402100 0.000000 0.997449 0.000000 -0.071388 0.919265 0.919265 0.919265
3712.047852 0.000000 2546.507324 0.000000 0.830027 0.000000 0.557723 0.776370 0.776370 0.776370
3711.648926 0.000000 2556.462158 0.000000 0.999957 0.000000 -0.009281 0.902273 0.902273 0.902273
3717.124512 0.000000 2559.328369 0.000000 0.603390 0.000000 0.797446 0.796300 0.796300 0.796300
3715.804199 0.000000 2542.751709 0.000000 0.920519 0.000000 -0.390698 0.978463 0.978463 0.978463
3711.580811 0.000000 2534.191895 0.000000 0.600510 0.000000 -0.799618 1.033255 1.033255 1.033255
3712.846924 0.000000 2551.936523 0.000000 0.604504 0.000000 -0.796602 1.011826 1.011826 1.011826
3715.963623 0.000000 2528.407715 0.000000 0.939051 0.000000 0.343778 0.798281 0.798281 0.798281
3711.754395 0.000000 2541.825928 0.000000 0.999302 0.000000 0.037367 0.891182 0.891182 0.891182
3715.031982 0.000000 2556.692139 0.000000 0.817306 0.000000 -0.576203 0.952431 0.952431 0.952431
3719.129639 0.000000 2542.039062 0.000000 0.443026 0.000000 0.896509 0.782587 0.782587 0.782587
3716.955566 0.000000 2545.683838 0.000000 0.726412 0.000000 0.687260 0.680378 0.680378 0.680378
3714.009033 0.000000 2532.087646 0.000000 0.822942 0.000000 -0.568125 0.974670 0.974670 0.974670
3714.354980 0.000000 2535.332764 0.000000 0.399432 0.000000 0.916763 0.691506 0.691506 0.691506
3716.231201 0.000000 2539.911621 0.000000 0.751687 0.000000 0.659520 0.770547 0.770547 0.770547
3713.181152 0.000000 2549.110352 0.000000 0.945459 0.000000 0.325741 0.838123 0.838123 0.838123
3713.496826 0.000000 2554.551270 0.000000 0.132801 0.000000 -0.991143 1.213323 1.213323 1.213323
3715.392578 0.000000 2551.272705 0.000000 0.777060 0.000000 -0.629427 1.043794 1.043794 1.043794
3713.512695 0.000000 2544.288330 0.000000 0.377127 0.000000 -0.926161 1.096881 1.096881 1.096881
3711.755615 0.000000 2536.664307 0.000000 0.601078 0.000000 -0.799191 1.114292 1.114292 1.114292
3714.513428 0.000000 2546.627441 0.000000 0.998526 0.000000 -0.054272 0.912810 0.912810 0.912810
3714.038818 0.000000 2540.857666 0.000000 0.920033 0.000000 -0.391840 0.971469 0.971469 0.971469
3720.125488 0.000000 2558.489014 0.000000 0.584776 0.000000 0.811195 0.814960 0.814960 0.814960
3711.655273 0.000000 2539.384277 0.000000 0.056787 0.000000 0.998386 0.532611 0.532611 0.532611
3714.576172 0.000000 2530.064697 0.000000 0.717458 0.000000 0.696602 0.723380 0.723380 0.723380
3717.847656 0.000000 2543.770020 0.000000 0.442695 0.000000 -0.896672 1.132405 1.132405 1.132405
3711.548340 0.000000 2553.779541 0.000000 0.680066 0.000000 -0.733151 1.101548 1.101548 1.101548
3715.349365 0.000000 2558.811279 0.000000 0.364050 0.000000 0.931379 0.695394 0.695394 0.695394
3715.300293 0.000000 2544.729492 0.000000 0.132189 0.000000 0.991225 0.644709 0.644709 0.644709
3717.294434 0.000000 2541.720947 0.000000 0.902765 0.000000 -0.430135 0.956947 0.956947 0.956947
3715.838135 0.000000 2531.878418 0.000000 0.134592 0.000000 -0.990901 1.229060 1.229060 1.229060
3714.867676 0.000000 2549.578857 0.000000 0.755946 0.000000 0.654634 0.694739 0.694739 0.694739
3713.277100 0.000000 2533.696289 0.000000 0.999996 0.000000 0.002696 0.899515 0.899515 0.899515
3717.930908 0.000000 2538.428955 0.000000 0.777415 0.000000 -0.628988 1.022276 1.022276 1.022276
3713.727539 0.000000 2542.549316 0.000000 0.875752 0.000000 -0.482761 0.966788 0.966788 0.966788
3711.885254 0.000000 2544.607910 0.000000 0.679239 0.000000 -0.733917 1.012947 1.012947 1.012947
3713.385742 0.000000 2556.740479 0.000000 0.787752 0.000000 0.615993 0.792638 0.792638 0.792638
3711.862793 0.000000 2550.311035 0.000000 0.999235 0.000000 0.039116 0.889011 0.889011 0.889011
3713.637207 0.000000 2536.787354 0.000000 0.991389 0.000000 -0.130949 0.937770 0.937770 0.937770
3716.265869 0.000000 2547.131836 0.000000 0.659327 0.000000 -0.751856 1.075888 1.075888 1.075888
3712.773682 0.000000 2535.437744 0.000000 0.999731 0.000000 -0.023213 0.903964 0.903964 0.903964
3712.797363 0.000000 2531.001953 0.000000 0.592881 0.000000 -0.805290 1.076691 1.076691 1.076691
3713.298584 0.000000 2547.561279 0.000000 0.020818 0.000000 0.999783 0.576115 0.576115 0.576115
3717.700684 0.000000 2547.528564 0.000000 0.211827 0.000000 -0.977307 1.180584 1.180584 1.180584
3715.071289 0.000000 2548.023193 0.000000 0.051101 0.000000 0.998694 0.462938 0.462938 0.462938
3712.195557 0.000000 2555.098877 0.000000 0.267429 0.000000 -0.963577 1.183349 1.183349 1.183349
3713.342529 0.000000 2553.211914 0.000000 0.584750 0.000000 -0.811213 1.116859 1.116859 1.116859
3716.458740 0.000000 2543.985107 0.000000 0.497512 0.000000 0.867457 0.680577 0.680577 0.680577
3712.185303 0.000000 2537.923340 0.000000 0.215072 0.000000 0.976598 0.510578 0.510578 0.510578
3711.610596 0.000000 2552.415039 0.000000 0.393538 0.000000 -0.919308 1.185645 1.185645 1.185645
3714.763672 0.000000 2528.206787 0.000000 0.979131 0.000000 0.203232 0.840680 0.840680 0.840680
3712.936768 0.000000 2539.431152 0.000000 0.739476 0.000000 0.673183 0.700879 0.700879 0.700879
3611.929443 0.000000 2567.039795 0.000000 0.287533 0.000000 -0.957771 0.922993 0.922993 0.922993
3617.351562 0.000000 2580.286865 0.000000 0.128856 0.000000 -0.991663 1.142931 1.142931 1.142931
3608.577637 0.000000 2581.707275 0.000000 0.374826 0.000000 0.927095 0.436093 0.436093 0.436093
3603.201172 0.000000 2568.398682 0.000000 0.931195 0.000000 0.364521 0.802751 0.802751 0.802751
3631.112549 0.000000 2560.803223 0.000000 0.866511 0.000000 -0.499157 0.970457 0.970457 0.970457
3636.446533 0.000000 2566.678223 0.000000 0.410818 0.000000 -0.911717 0.925782 0.925782 0.925782
3623.409668 0.000000 2598.814209 0.000000 0.716994 0.000000 -0.697080 0.939861 0.939861 0.939861
3607.043945 0.000000 2564.677979 0.000000 0.378783 0.000000 0.925486 0.737951 0.737951 0.737951
3641.865967 0.000000 2591.364014 0.000000 0.977035 0.000000 -0.213078 0.921228 0.921228 0.921228
3630.135254 0.000000 2576.705811 0.000000 0.837131 0.000000 0.547003 0.823273 0.823273 0.823273
3637.675049 0.000000 2575.156006 0.000000 0.996564 0.000000 0.082828 0.883418 0.883418 0.883418
3635.433105 0.000000 2601.081543 0.000000 0.825441 0.000000 0.564488 0.794878 0.794878 0.794878
3616.257568 0.000000 2565.420166 0.000000 0.998074 0.000000 -0.062038 0.902232 0.902232 0.902232
3645.576660 0.000000 2569.642822 0.000000 0.790635 0.000000 -0.612288 1.034734 1.034734 1.034734
3645.343750 0.000000 2575.841064 0.000000 0.273922 0.000000 -0.961752 1.001709 1.001709 1.001709
3634.616455 0.000000 2578.104492 0.000000 0.119468 0.000000 0.992838 0.834793 0.834793 0.834793
3613.188232 0.000000 2578.789062 0.000000 0.991955 0.000000 -0.126588 0.919678 0.919678 0.919678
3631.736572 0.000000 2598.823730 0.000000 0.195375 0.000000 0.980729 0.764146 0.764146 0.764146
3629.086182 0.000000 2564.301025 0.000000 0.954331 0.000000 0.298752 0.865916 0.865916 0.865916
3639.467285 0.000000 2563.929199 0.000000 0.948589 0.000000 0.316511 0.876844 0.876844 0.876844
3601.092285 0.000000 2559.380859 0.000000 0.733683 0.000000 0.679492 0.836214 0.836214 0.836214
3627.364258 0.000000 2599.453613 0.000000 0.966645 0.000000 0.256121 0.839476 0.839476 0.839476
3641.920166 0.000000 2582.315674 0.000000 0.860742 0.000000 -0.509042 1.068000 1.068000 1.068000
3610.891113 0.000000 2571.267578 0.000000 0.789952 0.000000 0.613169 0.738342 0.738342 0.738342
3622.436523 0.000000 2568.235352 0.000000 0.811454 0.000000 0.584416 0.601284 0.601284 0.601284
3624.230957 0.000000 2564.664307 0.000000 0.999865 0.000000 0.016415 0.894762 0.894762 0.894762
3636.478760 0.000000 2593.187988 0.000000 0.382941 0.000000 -0.923773 0.952929 0.952929 0.952929
3618.760498 0.000000 2567.261230 0.000000 0.918264 0.000000 -0.395970 0.983243 0.983243 0.983243
3646.419189 0.000000 2572.765869 0.000000 0.801568 0.000000 -0.597903 1.006560 1.006560 1.006560
3638.792969 0.000000 2583.156250 0.000000 0.319801 0.000000 -0.947485 1.095860 1.095860 1.095860
3635.503174 0.000000 2559.811768 0.000000 0.386981 0.000000 0.922088 0.646887 0.646887 0.646887
3642.542725 0.000000 2569.928223 0.000000 0.048551 0.000000 -0.998821 0.978666 0.978666 0.978666
3625.979736 0.000000 2596.708984 0.000000 0.414317 0.000000 0.910133 0.727840 0.727840 0.727840
3622.992920 0.000000 2595.931885 0.000000 0.995277 0.000000 0.097072 0.885364 0.885364 0.885364
3613.706787 0.000000 2564.029053 0.000000 0.937310 0.000000 0.348497 0.866408 0.866408 0.866408
3636.167236 0.000000 2572.654541 0.000000 0.930090 0.000000 -0.367332 0.957470 0.957470 0.957470
3615.063965 0.000000 2567.967041 0.000000 0.819834 0.000000 0.572601 0.805479 0.805479 0.805479
3633.168701 0.000000 2575.672607 0.000000 0.951165 0.000000 -0.308682 0.919743 0.919743 0.919743
3617.445557 0.000000 2577.409668 0.000000 0.715844 0.000000 -0.698261 0.960787 0.960787 0.960787
3622.534424 0.000000 2577.223877 0.000000 0.783680 0.000000 0.621165 0.808138 0.808138 0.808138
3605.890625 0.000000 2567.298828 0.000000 0.714526 0.000000 0.699609 0.776389 0.776389 0.776389
3611.292969 0.000000 2580.794189 0.000000 0.539741 0.000000 0.841831 0.472805 0.472805 0.472805
3647.541992 0.000000 2581.244385 0.000000 0.641354 0.000000 -0.767245 0.974669 0.974669 0.974669
3600.894287 0.000000 2569.664551 0.000000 0.548443 0.000000 -0.836188 1.073557 1.073557 1.073557
3619.714111 0.000000 2578.732666 0.000000 0.082022 0.000000 -0.996631 1.254561 1.254561 1.254561
3632.182129 0.000000 2601.391602 0.000000 0.145391 0.000000 0.989374 0.615060 0.615060 0.615060
3627.505127 0.000000 2562.085205 0.000000 0.700808 0.000000 -0.713350 0.987447 0.987447 0.987447
3642.426025 0.000000 2579.719238 0.000000 0.284276 0.000000 0.958742 0.721332 0.721332 0.721332
3637.236328 0.000000 2577.784424 0.000000 0.933640 0.000000 0.358214 0.834970 0.834970 0.834970
3614.679688 0.000000 2580.837158 0.000000 0.694862 0.000000 0.719143 0.844098 0.844098 0.844098
3608.013184 0.000000 2571.844971 0.000000 0.899627 0.000000 0.436659 0.869540 0.869540 0.869540
3612.530273 0.000000 2569.478516 0.000000 0.913610 0.000000 -0.406592 1.010076 1.010076 1.010076
3643.288818 0.000000 2605.564941 0.000000 0.784538 0.000000 0.620081 0.814339 0.814339 0.814339
3614.273926 0.000000 2573.196289 0.000000 0.956283 0.000000 -0.292443 0.949346 0.949346 0.949346
3640.774902 0.000000 2584.639893 0.000000 0.421388 0.000000 -0.906880 1.139894 1.139894 1.139894
3617.120361 0.000000 2569.185303 0.000000 0.405076 0.000000 0.914283 0.772976 0.772976 0.772976
3629.632812 0.000000 2600.261963 0.000000 0.038321 0.000000 -0.999265 1.013628 1.013628 1.013628
3646.443604 0.000000 2577.967529 0.000000 0.505969 0.000000 0.862552 0.614834 0.614834 0.614834
3623.535889 0.000000 2573.861084 0.000000 0.601661 0.000000 -0.798752 0.966524 0.966524 0.966524
3644.176270 0.000000 2571.819092 0.000000 0.432463 0.000000 -0.901652 1.051473 1.051473 1.051473
3642.951904 0.000000 2575.113525 0.000000 0.877829 0.000000 0.478973 0.764203 0.764203 0.764203
3644.089600 0.000000 2578.016602 0.000000 0.745882 0.000000 -0.666078 1.035941 1.035941 1.035941
3641.985352 0.000000 2563.672119 0.000000 0.154558 0.000000 0.987984 0.766409 0.766409 0.766409
3640.271240 0.000000 2575.279785 0.000000 0.690082 0.000000 -0.723731 1.185453 1.185453 1.185453
3601.969727 0.000000 2561.536865 0.000000 0.973740 0.000000 -0.227662 0.944897 0.944897 0.944897
3621.556396 0.000000 2570.511963 0.000000 0.712921 0.000000 0.701245 0.814438 0.814438 0.814438
3604.768066 0.000000 2565.242432 0.000000 0.445478 0.000000 -0.895293 1.009648 1.009648 1.009648
3644.216553 0.000000 2582.593994 0.000000 0.648601 0.000000 -0.761128 1.020508 1.020508 1.020508
3631.264893 0.000000 2563.280029 0.000000 0.632745 0.000000 0.774360 0.806466 0.806466 0.806466
3615.498047 0.000000 2578.637695 0.000000 0.736678 0.000000 -0.676244 1.025149 1.025149 1.025149
3635.465088 0.000000 2575.903809 0.000000 0.697469 0.000000 0.716615 0.704331 0.704331 0.704331
3637.895752 0.000000 2568.397217 0.000000 0.970621 0.000000 0.240614 0.848131 0.848131 0.848131
3629.150879 0.000000 2598.064697 0.000000 0.045147 0.000000 -0.998980 1.198230 1.198230 1.198230
3633.250488 0.000000 2560.034424 0.000000 0.969867 0.000000 0.243635 0.875116 0.875116 0.875116
3626.754150 0.000000 2564.284912 0.000000 0.113281 0.000000 0.993563 0.572567 0.572567 0.572567
3643.648193 0.000000 2588.084717 0.000000 0.257937 0.000000 0.966162 0.543869 0.543869 0.543869
3639.541260 0.000000 2577.791016 0.000000 0.264612 0.000000 0.964355 0.469630 0.469630 0.469630
3609.282227 0.000000 2579.614014 0.000000 0.198734 0.000000 -0.980053 1.078633 1.078633 1.078633
3639.288574 0.000000 2589.502197 0.000000 0.857527 0.000000 -0.514439 1.108828 1.108828 1.108828
3627.007568 0.000000 2594.551758 0.000000 0.938757 0.000000 -0.344581 0.956121 0.956121 0.956121
3643.150391 0.000000 2559.491943 0.000000 0.955641 0.000000 0.294535 0.843573 0.843573 0.843573
3624.225830 0.000000 2566.984131 0.000000 0.520250 0.000000 -0.854014 1.245006 1.245006 1.245006
3643.884766 0.000000 2590.689209 0.000000 0.880968 0.000000 -0.473176 0.973093 0.973093 0.973093
3641.089600 0.000000 2565.701172 0.000000 0.795649 0.000000 0.605758 0.844440 0.844440 0.844440
3647.392090 0.000000 2574.735352 0.000000 0.155490 0.000000 0.987837 0.594853 0.594853 0.594853
3620.300781 0.000000 2568.725586 0.000000 0.677926 0.000000 -0.735130 1.243289 1.243289 1.243289
3614.018799 0.000000 2566.076660 0.000000 0.808073 0.000000 -0.589082 0.997660 0.997660 0.997660
3646.848389 0.000000 2561.925293 0.000000 0.691113 0.000000 -0.722747 1.083312 1.083312 1.083312
3640.748779 0.000000 2593.120117 0.000000 0.632340 0.000000 0.774691 0.682953 0.682953 0.682953
3632.790039 0.000000 2561.980957 0.000000 0.043886 0.000000 0.999037 0.745615 0.745615 0.745615
3630.270752 0.000000 2594.425293 0.000000 0.890597 0.000000 0.454793 0.773759 0.773759 0.773759
3612.343506 0.000000 2572.629150 0.000000 0.465545 0.000000 0.885024 0.755960 0.755960 0.755960
3644.461914 0.000000 2584.791260 0.000000 0.943124 0.000000 0.332442 0.840607 0.840607 0.840607
3638.431641 0.000000 2566.438965 0.000000 0.604470 0.000000 -0.796628 0.989051 0.989051 0.989051
3636.378174 0.000000 2570.302734 0.000000 0.995312 0.000000 -0.096714 0.919806 0.919806 0.919806
3635.988525 0.000000 2591.331299 0.000000 0.964036 0.000000 -0.265772 0.932639 0.932639 0.932639
3600.071045 0.000000 2561.214111 0.000000 0.501592 0.000000 -0.865105 1.104346 1.104346 1.104346
3611.041748 0.000000 2578.834229 0.000000 0.261752 0.000000 -0.965135 1.152354 1.152354 1.152354
3637.677246 0.000000 2581.421875 0.000000 0.947491 0.000000 0.319781 0.865626 0.865626 0.865626
3636.997559 0.000000 2579.661377 0.000000 0.946258 0.000000 -0.323414 0.942179 0.942179 0.942179
3634.672119 0.000000 2574.165283 0.000000 0.982992 0.000000 -0.183648 0.945234 0.945234 0.945234
3642.047363 0.000000 2603.110107 0.000000 0.324008 0.000000 0.946054 0.643502 0.643502 0.643502
3616.729248 0.000000 2567.190430 0.000000 0.988459 0.000000 0.151486 0.875740 0.875740 0.875740
3633.742676 0.000000 2600.359619 0.000000 0.444853 0.000000 0.895604 0.678072 0.678072 0.678072
3625.644287 0.000000 2565.774902 0.000000 0.335066 0.000000 -0.942195 1.292162 1.292162 1.292162
3624.359619 0.000000 2577.467773 0.000000 0.313697 0.000000 -0.949523 1.099685 1.099685 1.099685
3621.126709 0.000000 2567.020996 0.000000 0.468609 0.000000 0.883406 0.746685 0.746685 0.746685
3642.845215 0.000000 2583.985107 0.000000 0.194223 0.000000 0.980957 0.665143 0.665143 0.665143
3645.819336 0.000000 2581.851318 0.000000 0.602074 0.000000 -0.798440 1.049595 1.049595 1.049595
3627.678223 0.000000 2565.772461 0.000000 0.909456 0.000000 0.415800 0.803648 0.803648 0.803648
3627.487549 0.000000 2597.625488 0.000000 0.726570 0.000000 -0.687093 1.121257 1.121257 1.121257
3636.175781 0.000000 2568.376465 0.000000 0.268063 0.000000 0.963401 0.622634 0.622634 0.622634
3606.987793 0.000000 2581.071289 0.000000 0.620025 0.000000 -0.784582 1.078354 1.078354 1.078354
3628.259277 0.000000 2576.561279 0.000000 0.999995 0.000000 -0.003086 0.900458 0.900458 0.900458
3612.962158 0.000000 2581.052002 0.000000 0.814527 0.000000 -0.580125 1.090507 1.090507 1.090507
3613.411865 0.000000 2567.774414 0.000000 0.681069 0.000000 0.732219 0.776319 0.776319 0.776319
3624.048828 0.000000 2597.205322 0.000000 0.495532 0.000000 -0.868590 1.058423 1.058423 1.058423
3646.980957 0.000000 2570.770508 0.000000 0.141883 0.000000 -0.989883 1.278725 1.278725 1.278725
3642.455078 0.000000 2589.734131 0.000000 0.849010 0.000000 -0.528377 1.051349 1.051349 1.051349
3630.649658 0.000000 2585.424072 0.000000 0.980444 0.000000 -0.196799 0.928486 0.928486 0.928486
3616.108154 0.000000 2581.597900 0.000000 0.790571 0.000000 0.612370 0.788938 0.788938 0.788938
3638.904297 0.000000 2576.245117 0.000000 0.857414 0.000000 0.514627 0.721452 0.721452 0.721452
3622.621826 0.000000 2594.358643 0.000000 0.004624 0.000000 -0.999989 1.135774 1.135774 1.135774
3637.777832 0.000000 2572.842041 0.000000 0.631327 0.000000 0.775517 0.764395 0.764395 0.764395
3628.678711 0.000000 2594.103027 0.000000 0.570195 0.000000 0.821509 0.750537 0.750537 0.750537
3643.294434 0.000000 2581.128906 0.000000 0.887935 0.000000 0.459969 0.781868 0.781868 0.781868
3626.725342 0.000000 2576.103516 0.000000 0.374450 0.000000 0.927247 0.707973 0.707973 0.707973
3610.143555 0.000000 2581.947510 0.000000 0.832175 0.000000 0.554514 0.649072 0.649072 0.649072
3622.276367 0.000000 2571.962646 0.000000 0.696210 0.000000 -0.717838 1.070912 1.070912 1.070912
3640.472656 0.000000 2583.092285 0.000000 0.917129 0.000000 0.398590 0.771035 0.771035 0.771035
3614.078125 0.000000 2569.231934 0.000000 0.999585 0.000000 -0.028817 0.904598 0.904598 0.904598
3637.564697 0.000000 2591.334473 0.000000 0.904369 0.000000 0.426752 0.769234 0.769234 0.769234
3632.301758 0.000000 2582.812256 0.000000 0.997706 0.000000 -0.067703 0.913397 0.913397 0.913397
3599.255615 0.000000 2559.842773 0.000000 0.968680 0.000000 -0.248313 0.963149 0.963149 0.963149
3636.277344 0.000000 2574.303223 0.000000 0.219693 0.000000 -0.975569 1.169824 1.169824 1.169824
3644.040771 0.000000 2569.664551 0.000000 0.001928 0.000000 -0.999998 1.220782 1.220782 1.220782
3618.631836 0.000000 2569.020264 0.000000 0.813672 0.000000 -0.581324 1.022661 1.022661 1.022661
3641.538818 0.000000 2574.403809 0.000000 0.720328 0.000000 -0.693633 1.170400 1.170400 1.170400
3639.807861 0.000000 2587.920898 0.000000 0.954064 0.000000 0.299603 0.808387 0.808387 0.808387
3618.152832 0.000000 2578.818359 0.000000 0.263813 0.000000 0.964574 0.589467 0.589467 0.589467
3642.590576 0.000000 2571.507080 0.000000 0.667740 0.000000 -0.744395 1.054697 1.054697 1.054697
3645.590332 0.000000 2602.987061 0.000000 0.504637 0.000000 0.863331 0.705706 0.705706 0.705706
3600.066162 0.000000 2568.395752 0.000000 0.724792 0.000000 0.688968 0.766793 0.766793 0.766793
3639.638184 0.000000 2565.422363 0.000000 0.258512 0.000000 -0.966008 1.170654 1.170654 1.170654
3627.290283 0.000000 2596.015381 0.000000 0.902508 0.000000 -0.430673 1.030052 1.030052 1.030052
3646.675049 0.000000 2576.519775 0.000000 0.807220 0.000000 0.590250 0.726929 0.726929 0.726929
3619.888916 0.000000 2566.262451 0.000000 0.960304 0.000000 0.278954 0.842196 0.842196 0.842196
3642.412598 0.000000 2587.352051 0.000000 0.168613 0.000000 -0.985682 1.583276 1.583276 1.583276
3637.152100 0.000000 2571.550049 0.000000 0.127888 0.000000 0.991789 0.605044 0.605044 0.605044
3639.034180 0.000000 2574.456299 0.000000 0.395538 0.000000 -0.918450 1.135413 1.135413 1.135413
3622.834473 0.000000 2569.877441 0.000000 0.087076 0.000000 -0.996202 1.610038 1.610038 1.610038
3603.806396 0.000000 2569.727295 0.000000 0.996645 0.000000 -0.081849 0.921357 0.921357 0.921357
3616.808594 0.000000 2579.018066 0.000000 0.668365 0.000000 -0.743833 1.086582 1.086582 1.086582
3630.271484 0.000000 2595.800537 0.000000 0.178615 0.000000 -0.983919 1.271984 1.271984 1.271984
3602.217041 0.000000 2569.362061 0.000000 0.538818 0.000000 0.842422 0.638901 0.638901 0.638901
3621.563721 0.000000 2569.241211 0.000000 0.955460 0.000000 0.295122 0.775471 0.775471 0.775471
3634.707520 0.000000 2581.785645 0.000000 0.615004 0.000000 -0.788524 1.130643 1.130643 1.130643
3641.926025 0.000000 2575.925537 0.000000 0.732776 0.000000 -0.680470 1.164008 1.164008 1.164008
3610.051758 0.000000 2580.691650 0.000000 0.996802 0.000000 0.079911 0.865849 0.865849 0.865849
3638.130615 0.000000 2588.834229 0.000000 0.485758 0.000000 0.874094 0.488968 0.488968 0.488968
3623.686035 0.000000 2568.206787 0.000000 0.894944 0.000000 -0.446177 1.121342 1.121342 1.121342
3622.491455 0.000000 2567.018799 0.000000 0.047856 0.000000 0.998854 0.431207 0.431207 0.431207
3641.661621 0.000000 2583.542480 0.000000 0.565684 0.000000 -0.824622 1.204981 1.204981 1.204981
3638.385254 0.000000 2577.384277 0.000000 0.986314 0.000000 0.164881 0.845291 0.845291 0.845291
3615.827393 0.000000 2570.681152 0.000000 0.706536 0.000000 0.707677 0.695084 0.695084 0.695084
3625.423096 0.000000 2564.417725 0.000000 0.334691 0.000000 -0.942328 1.292289 1.292289 1.292289
3631.439941 0.000000 2594.143799 0.000000 0.499590 0.000000 0.866262 0.619874 0.619874 0.619874
3642.557373 0.000000 2588.568115 0.000000 0.473665 0.000000 -0.880705 1.192903 1.192903 1.192903
3613.730713 0.000000 2581.992432 0.000000 0.998829 0.000000 0.048378 0.885102 0.885102 0.885102
3638.125977 0.000000 2586.089600 0.000000 0.798669 0.000000 0.601771 0.705585 0.705585 0.705585
3638.712402 0.000000 2587.635498 0.000000 0.742601 0.000000 -0.669734 1.120950 1.120950 1.120950
3625.312012 0.000000 2567.235596 0.000000 0.758793 0.000000 0.651331 0.660929 0.660929 0.660929
3608.850342 0.000000 2580.631104 0.000000 0.478542 0.000000 -0.878065 1.319031 1.319031 1.319031
3621.312012 0.000000 2568.165527 0.000000 0.936972 0.000000 0.349405 0.751631 0.751631 0.751631
3643.458008 0.000000 2587.003418 0.000000 0.646547 0.000000 0.762874 0.476908 0.476908 0.476908
3623.072510 0.000000 2568.954102 0.000000 0.224458 0.000000 0.974484 0.256582 0.256582 0.256582
3649.530518 0.000000 2602.386475 0.000000 0.951147 0.000000 -0.308739 0.905642 0.905642 0.905642
3664.621094 0.000000 2576.792480 0.000000 0.751753 0.000000 -0.659444 1.066648 1.066648 1.066648
3655.721680 0.000000 2588.699463 0.000000 0.312116 0.000000 -0.950044 0.925346 0.925346 0.925346
3678.869385 0.000000 2615.308838 0.000000 0.609036 0.000000 -0.793142 0.920580 0.920580 0.920580
3669.129150 0.000000 2559.729004 0.000000 0.233494 0.000000 -0.972358 1.184989 1.184989 1.184989
3671.225586 0.000000 2609.790527 0.000000 0.385711 0.000000 0.922620 0.868324 0.868324 0.868324
3697.313477 0.000000 2572.856689 0.000000 0.716569 0.000000 0.697516 0.762980 0.762980 0.762980
3689.096191 0.000000 2575.787109 0.000000 0.890842 0.000000 -0.454312 0.909537 0.909537 0.909537
3663.760498 0.000000 2585.962646 0.000000 0.375316 0.000000 0.926897 0.588201 0.588201 0.588201
3687.482422 0.000000 2584.958740 0.000000 0.011910 0.000000 -0.999929 1.334329 1.334329 1.334329
3708.824707 0.000000 2595.526855 0.000000 0.595979 0.000000 -0.803000 1.004740 1.004740 1.004740
3695.104736 0.000000 2560.803223 0.000000 0.306144 0.000000 -0.951985 1.327377 1.327377 1.327377
3663.137939 0.000000 2592.323975 0.000000 0.371955 0.000000 0.928251 0.549825 0.549825 0.549825
3704.248779 0.000000 2598.971191 0.000000 0.415911 0.000000 0.909405 0.730669 0.730669 0.730669
3686.041016 0.000000 2580.048584 0.000000 0.674133 0.000000 0.738610 0.599384 0.599384 0.599384
3660.160645 0.000000 2589.008789 0.000000 0.775294 0.000000 0.631600 0.884640 0.884640 0.884640
3693.078369 0.000000 2564.301025 0.000000 0.690674 0.000000 0.723166 0.832796 0.832796 0.832796
3647.762207 0.000000 2605.810303 0.000000 0.999794 0.000000 0.020316 0.899224 0.899224 0.899224
3647.675537 0.000000 2571.862549 0.000000 0.399883 0.000000 0.916566 0.592602 0.592602 0.592602
3664.163086 0.000000 2582.395264 0.000000 0.791586 0.000000 -0.611058 1.040325 1.040325 1.040325
3682.462158 0.000000 2615.071777 0.000000 0.994691 0.000000 -0.102911 0.903243 0.903243 0.903243
3691.870605 0.000000 2559.527832 0.000000 0.990525 0.000000 0.137333 0.892880 0.892880 0.892880
3685.728516 0.000000 2561.888916 0.000000 0.998991 0.000000 -0.044918 0.908178 0.908178 0.908178
3648.086426 0.000000 2559.524902 0.000000 0.749664 0.000000 0.661819 0.830123 0.830123 0.830123
3691.919189 0.000000 2592.447266 0.000000 0.821352 0.000000 0.570421 0.861811 0.861811 0.861811
3656.701904 0.000000 2576.572998 0.000000 0.318813 0.000000 -0.947818 1.222040 1.222040 1.222040
3691.263916 0.000000 2578.052002 0.000000 0.222362 0.000000 -0.974964 1.045228 1.045228 1.045228
3709.141846 0.000000 2592.457275 0.000000 0.992599 0.000000 -0.121437 0.915865 0.915865 0.915865
3660.040527 0.000000 2568.242432 0.000000 0.602592 0.000000 -0.798049 1.016270 1.016270 1.016270
3680.130127 0.000000 2561.180420 0.000000 0.133733 0.000000 0.991017 0.561057 0.561057 0.561057
3647.625977 0.000000 2577.952393 0.000000 0.369404 0.000000 -0.929269 1.226870 1.226870 1.226870
3659.433594 0.000000 2571.659424 0.000000 0.892864 0.000000 0.450327 0.817082 0.817082 0.817082
3685.175049 0.000000 2582.973389 0.000000 0.607594 0.000000 0.794248 0.856695 0.856695 0.856695
3706.995361 0.000000 2597.995605 0.000000 0.325769 0.000000 -0.945450 1.222925 1.222925 1.222925
3666.295166 0.000000 2565.417969 0.000000 0.893846 0.000000 -0.448375 0.960592 0.960592 0.960592
3663.525879 0.000000 2589.504639 0.000000 0.024792 0.000000 0.999693 0.382418 0.382418 0.382418
3656.162109 0.000000 2582.683350 0.000000 0.206126 0.000000 0.978525 0.357862 0.357862 0.357862
3695.024658 0.000000 2571.149902 0.000000 0.872161 0.000000 -0.489219 0.939052 0.939052 0.939052
3697.160889 0.000000 2575.672607 0.000000 0.973147 0.000000 0.230186 0.857206 0.857206 0.857206
3688.030518 0.000000 2582.056396 0.000000 0.174430 0.000000 0.984670 0.774581 0.774581 0.774581
3664.596191 0.000000 2579.612305 0.000000 0.956275 0.000000 -0.292469 0.964689 0.964689 0.964689
3686.526611 0.000000 2577.223877 0.000000 0.441383 0.000000 0.897319 0.784896 0.784896 0.784896
3706.176270 0.000000 2594.568604 0.000000 0.466919 0.000000 -0.884300 1.034082 1.034082 1.034082
3658.951172 0.000000 2578.170410 0.000000 0.359220 0.000000 -0.933253 0.989226 0.989226 0.989226
3688.732178 0.000000 2579.317139 0.000000 0.288229 0.000000 0.957561 0.627115 0.627115 0.627115
3705.970703 0.000000 2601.260986 0.000000 0.604631 0.000000 -0.796505 1.009736 1.009736 1.009736
3657.354004 0.000000 2590.789062 0.000000 0.857183 0.000000 0.515012 0.796672 0.796672 0.796672
3664.886475 0.000000 2569.664551 0.000000 0.476187 0.000000 0.879344 0.805844 0.805844 0.805844
3699.755127 0.000000 2587.072266 0.000000 0.999767 0.000000 -0.021572 0.901454 0.901454 0.901454
3691.497314 0.000000 2562.085205 0.000000 0.991017 0.000000 0.133734 0.882519 0.882519 0.882519
3695.257080 0.000000 2563.280029 0.000000 0.125014 0.000000 0.992155 0.659664 0.659664 0.659664
3699.457275 0.000000 2575.903809 0.000000 0.554408 0.000000 -0.832245 1.045795 1.045795 1.045795
3671.403809 0.000000 2559.531494 0.000000 0.613893 0.000000 -0.789390 1.012434 1.012434 1.012434
3710.869873 0.000000 2593.639648 0.000000 0.001459 0.000000 0.999999 0.335819 0.335819 0.335819
3664.860352 0.000000 2587.844727 0.000000 0.643244 0.000000 -0.765661 1.058715 1.058715 1.058715
3662.059326 0.000000 2588.013672 0.000000 0.118450 0.000000 0.992960 0.413867 0.413867 0.413867
3657.302979 0.000000 2574.464111 0.000000 0.798976 0.000000 -0.601363 1.005829 1.005829 1.005829
3710.784424 0.000000 2590.970947 0.000000 0.116795 0.000000 -0.993156 1.239704 1.239704 1.239704
3664.789307 0.000000 2574.421387 0.000000 0.106800 0.000000 0.994281 0.673060 0.673060 0.673060
3685.031738 0.000000 2560.015869 0.000000 0.417957 0.000000 0.908467 0.692595 0.692595 0.692595
3655.545654 0.000000 2570.821045 0.000000 0.815706 0.000000 0.578466 0.748927 0.748927 0.748927
3662.248291 0.000000 2581.968018 0.000000 0.974567 0.000000 -0.224096 0.941134 0.941134 0.941134
3693.419189 0.000000 2562.383789 0.000000 0.163495 0.000000 0.986544 0.688253 0.688253 0.688253
3665.444824 0.000000 2567.549072 0.000000 0.999523 0.000000 0.030893 0.891738 0.891738 0.891738
3686.588379 0.000000 2563.617676 0.000000 0.788843 0.000000 0.614595 0.751284 0.751284 0.751284
3661.208008 0.000000 2592.974854 0.000000 0.602891 0.000000 0.797824 0.785853 0.785853 0.785853
3664.452148 0.000000 2564.968506 0.000000 0.281176 0.000000 0.959656 0.553320 0.553320 0.553320
3694.736084 0.000000 2565.258545 0.000000 0.811022 0.000000 -0.585016 1.128866 1.128866 1.128866
3698.664307 0.000000 2574.165283 0.000000 0.978949 0.000000 0.204103 0.869518 0.869518 0.869518
3665.977051 0.000000 2582.064941 0.000000 0.779456 0.000000 -0.626457 1.044509 1.044509 1.044509
3681.937988 0.000000 2561.397461 0.000000 0.842738 0.000000 0.538324 0.765890 0.765890 0.765890
3688.351807 0.000000 2577.467773 0.000000 0.629436 0.000000 -0.777052 1.097967 1.097967 1.097967
3664.482666 0.000000 2584.170410 0.000000 0.462313 0.000000 0.886717 0.708935 0.708935 0.708935
3660.285645 0.000000 2570.067871 0.000000 0.981383 0.000000 0.192059 0.874814 0.874814 0.874814
3704.228027 0.000000 2600.877686 0.000000 0.455952 0.000000 0.890004 0.769321 0.769321 0.769321
3693.273926 0.000000 2560.604980 0.000000 0.569972 0.000000 0.821664 0.631325 0.631325 0.631325
3707.149902 0.000000 2596.140625 0.000000 0.651540 0.000000 -0.758615 1.124459 1.124459 1.124459
3668.204590 0.000000 2561.229736 0.000000 0.449931 0.000000 0.893063 0.706497 0.706497 0.706497
3656.848877 0.000000 2584.305420 0.000000 0.208548 0.000000 0.978012 0.582034 0.582034 0.582034
3689.302979 0.000000 2563.190186 0.000000 0.859237 0.000000 -0.511578 0.996530 0.996530 0.996530
3654.855469 0.000000 2572.462402 0.000000 0.545542 0.000000 -0.838083 1.078630 1.078630 1.078630
3665.461182 0.000000 2585.739014 0.000000 0.567905 0.000000 -0.823094 1.069446 1.069446 1.069446
3686.861328 0.000000 2583.359375 0.000000 0.757256 0.000000 0.653118 0.626554 0.626554 0.626554
3705.957275 0.000000 2599.486816 0.000000 0.338387 0.000000 0.941007 0.718251 0.718251 0.718251
3659.824951 0.000000 2576.475830 0.000000 0.206705 0.000000 0.978403 0.673442 0.673442 0.673442
3658.447266 0.000000 2573.143799 0.000000 0.890150 0.000000 0.455667 0.782001 0.782001 0.782001
3663.046387 0.000000 2580.494873 0.000000 0.693596 0.000000 -0.720365 1.046386 1.046386 1.046386
3657.238037 0.000000 2578.214844 0.000000 0.409371 0.000000 -0.912368 1.292426 1.292426 1.292426
3647.800537 0.000000 2576.298828 0.000000 0.941493 0.000000 -0.337033 0.994233 0.994233 0.994233
3681.163818 0.000000 2559.896729 0.000000 0.772313 0.000000 -0.635243 1.161373 1.161373 1.161373
3657.139404 0.000000 2581.283691 0.000000 0.534150 0.000000 0.845390 0.445080 0.445080 0.445080
3656.343750 0.000000 2586.967773 0.000000 0.912436 0.000000 -0.409219 0.995676 0.995676 0.995676
3687.144043 0.000000 2578.725342 0.000000 0.964592 0.000000 -0.263745 0.962969 0.962969 0.962969
3647.621338 0.000000 2574.377197 0.000000 0.306357 0.000000 0.951917 0.628338 0.628338 0.628338
3686.420166 0.000000 2581.763916 0.000000 0.105570 0.000000 0.994412 0.370026 0.370026 0.370026
3657.897705 0.000000 2583.001953 0.000000 0.570548 0.000000 0.821264 0.516767 0.516767 0.516767
3658.826660 0.000000 2569.348633 0.000000 0.643454 0.000000 -0.765485 1.046912 1.046912 1.046912
3662.134277 0.000000 2585.671875 0.000000 0.986632 0.000000 0.162962 0.856968 0.856968 0.856968
3658.212402 0.000000 2576.019287 0.000000 0.380918 0.000000 -0.924609 1.096200 1.096200 1.096200
3687.835938 0.000000 2562.656250 0.000000 0.549841 0.000000 -0.835270 1.122133 1.122133 1.122133
3657.536377 0.000000 2585.712646 0.000000 0.845812 0.000000 -0.533481 1.031493 1.031493 1.031493
3665.931396 0.000000 2580.443604 0.000000 0.327202 0.000000 0.944954 0.685907 0.685907 0.685907
3687.588867 0.000000 2580.431152 0.000000 0.519021 0.000000 -0.854761 1.270826 1.270826 1.270826
3660.417725 0.000000 2584.919434 0.000000 0.772215 0.000000 0.635362 0.753041 0.753041 0.753041
3663.104492 0.000000 2583.507812 0.000000 0.785618 0.000000 0.618712 0.661674 0.661674 0.661674
3663.922119 0.000000 2591.028320 0.000000 0.161909 0.000000 -0.986806 1.422062 1.422062 1.422062
3689.846680 0.000000 2577.399658 0.000000 0.027164 0.000000 -0.999631 1.243369 1.243369 1.243369
3665.270508 0.000000 2578.172607 0.000000 0.901966 0.000000 0.431807 0.802687 0.802687 0.802687
3696.624756 0.000000 2574.174072 0.000000 0.723158 0.000000 -0.690683 1.040475 1.040475 1.040475
3663.354980 0.000000 2587.334473 0.000000 0.800449 0.000000 -0.599401 1.086301 1.086301 1.086301
3704.908447 0.000000 2602.197266 0.000000 0.923544 0.000000 -0.383492 0.992854 0.992854 0.992854
3664.947754 0.000000 2566.224854 0.000000 0.475069 0.000000 -0.879948 1.187635 1.187635 1.187635
3710.562500 0.000000 2592.308105 0.000000 0.288802 0.000000 0.957389 0.440620 0.440620 0.440620
3662.691406 0.000000 2590.545410 0.000000 0.920524 0.000000 -0.390686 1.048805 1.048805 1.048805
3663.066406 0.000000 2584.784424 0.000000 0.985230 0.000000 -0.171234 0.945238 0.945238 0.945238
3663.715576 0.000000 2593.462402 0.000000 0.032502 0.000000 0.999472 0.447216 0.447216 0.447216
3654.633789 0.000000 2570.001465 0.000000 0.946232 0.000000 -0.323488 0.980677 0.980677 0.980677
3657.813232 0.000000 2577.154541 0.000000 0.103139 0.000000 0.994667 0.520815 0.520815 0.520815
3692.234375 0.000000 2561.141846 0.000000 0.723656 0.000000 0.690160 0.687776 0.687776 0.687776
3706.331055 0.000000 2596.977539 0.000000 0.555426 0.000000 0.831566 0.644073 0.644073 0.644073
3662.015381 0.000000 2591.875977 0.000000 0.938969 0.000000 0.344003 0.769806 0.769806 0.769806
3662.368896 0.000000 2593.211914 0.000000 0.761159 0.000000 -0.648566 1.107717 1.107717 1.107717
3663.781250 0.000000 2588.385498 0.000000 0.963822 0.000000 -0.266548 0.990329 0.990329 0.990329
3695.688477 0.000000 2561.726318 0.000000 0.474794 0.000000 0.880097 0.534911 0.534911 0.534911
3662.756592 0.000000 2588.790283 0.000000 0.955123 0.000000 -0.296211 1.000678 1.000678 1.000678
3695.631592 0.000000 2565.746582 0.000000 0.430902 0.000000 -0.902399 1.312136 1.312136 1.312136
3687.767090 0.000000 2583.963867 0.000000 0.760794 0.000000 0.648993 0.628641 0.628641 0.628641
3663.150879 0.000000 2582.486572 0.000000 0.999219 0.000000 0.039518 0.885878 0.885878 0.885878
3694.910156 0.000000 2564.247559 0.000000 0.765068 0.000000 0.643950 0.643758 0.643758 0.643758
3657.217529 0.000000 2580.292236 0.000000 0.720778 0.000000 -0.693166 1.245887 1.245887 1.245887
3656.946777 0.000000 2583.314697 0.000000 0.772066 0.000000 -0.635543 1.173901 1.173901 1.173901
3657.171875 0.000000 2582.298584 0.000000 0.539274 0.000000 0.842131 0.501814 0.501814 0.501814
3656.345215 0.000000 2580.703857 0.000000 0.990214 0.000000 0.139558 0.836766 0.836766 0.836766
3656.272461 0.000000 2581.692871 0.000000 0.984676 0.000000 -0.174397 0.979167 0.979167 0.979167
3638.615723 0.000000 2624.111572 0.000000 0.291830 0.000000 -0.956470 1.283778 1.283778 1.283778
3634.781982 0.000000 2626.808594 0.000000 0.999047 0.000000 0.043656 0.890188 0.890188 0.890188
3639.467285 0.000000 2627.913574 0.000000 0.584215 0.000000 0.811599 0.672352 0.672352 0.672352
3641.939941 0.000000 2625.327637 0.000000 0.883470 0.000000 -0.468489 0.993121 0.993121 0.993121
3632.619141 0.000000 2629.111328 0.000000 0.901963 0.000000 -0.431814 0.948156 0.948156 0.948156
3637.284424 0.000000 2626.402344 0.000000 0.415220 0.000000 0.909721 0.417342 0.417342 0.417342
3641.985352 0.000000 2627.656494 0.000000 0.686228 0.000000 -0.727387 1.222099 1.222099 1.222099
3643.898193 0.000000 2626.118164 0.000000 0.930250 0.000000 0.366926 0.757337 0.757337 0.757337
3639.608887 0.000000 2625.919922 0.000000 0.828703 0.000000 0.559688 0.721153 0.721153 0.721153
3636.969482 0.000000 2624.689453 0.000000 0.219475 0.000000 -0.975618 1.151675 1.151675 1.151675
3635.969727 0.000000 2627.898682 0.000000 0.661679 0.000000 -0.749787 1.090478 1.090478 1.090478
3641.040039 0.000000 2626.498779 0.000000 0.589031 0.000000 0.808110 0.527904 0.527904 0.527904
3638.285645 0.000000 2625.445068 0.000000 0.836193 0.000000 0.548435 0.725224 0.725224 0.725224
3638.188721 0.000000 2627.486572 0.000000 0.970971 0.000000 -0.239196 0.958070 0.958070 0.958070
3642.639648 0.000000 2626.489014 0.000000 0.938562 0.000000 0.345111 0.766201 0.766201 0.766201
3637.052002 0.000000 2627.538818 0.000000 0.514663 0.000000 -0.857392 1.335165 1.335165 1.335165
3640.022217 0.000000 2626.961914 0.000000 0.993640 0.000000 -0.112606 0.944625 0.944625 0.944625
3636.235840 0.000000 2626.864502 0.000000 0.987446 0.000000 -0.157954 0.967003 0.967003 0.967003
3643.405029 0.000000 2627.117432 0.000000 0.891248 0.000000 0.453516 0.721261 0.721261 0.721261
3670.528076 0.000000 2654.791260 0.000000 0.651222 0.000000 -0.758887 0.905808 0.905808 0.905808
3664.621094 0.000000 2640.776855 0.000000 0.973658 0.000000 0.228012 0.864336 0.864336 0.864336
3681.343750 0.000000 2644.271240 0.000000 0.955108 0.000000 0.296258 0.891215 0.891215 0.891215
3708.824707 0.000000 2659.511230 0.000000 0.795262 0.000000 -0.606266 0.913172 0.913172 0.913172
3678.270508 0.000000 2659.168213 0.000000 0.652525 0.000000 -0.757767 1.060362 1.060362 1.060362
3704.248779 0.000000 2662.955566 0.000000 0.118758 0.000000 0.992923 0.642306 0.642306 0.642306
3659.412354 0.000000 2638.788086 0.000000 0.857595 0.000000 -0.514326 0.909711 0.909711 0.909711
3690.163330 0.000000 2671.194092 0.000000 0.066350 0.000000 0.997796 0.656624 0.656624 0.656624
3672.961670 0.000000 2660.090088 0.000000 0.198531 0.000000 -0.980095 1.044776 1.044776 1.044776
3654.379150 0.000000 2638.262939 0.000000 0.996374 0.000000 0.085078 0.888516 0.888516 0.888516
3682.649414 0.000000 2648.968506 0.000000 0.850004 0.000000 -0.526776 1.057069 1.057069 1.057069
3673.743896 0.000000 2651.198730 0.000000 0.800987 0.000000 0.598682 0.675020 0.675020 0.675020
3677.124512 0.000000 2646.992676 0.000000 0.675891 0.000000 -0.737002 0.952131 0.952131 0.952131
3688.713379 0.000000 2653.514160 0.000000 0.961245 0.000000 0.275696 0.820296 0.820296 0.820296
3699.425293 0.000000 2665.065918 0.000000 0.836232 0.000000 -0.548375 0.969120 0.969120 0.969120
3697.455811 0.000000 2656.045410 0.000000 0.662231 0.000000 -0.749299 1.292044 1.292044 1.292044
3695.728760 0.000000 2662.808105 0.000000 0.959932 0.000000 0.280234 0.831074 0.831074 0.831074
3703.332275 0.000000 2658.650635 0.000000 0.791549 0.000000 -0.611106 0.947272 0.947272 0.947272
3703.842773 0.000000 2667.117432 0.000000 0.620452 0.000000 0.784245 0.679218 0.679218 0.679218
3651.971436 0.000000 2656.376465 0.000000 0.665419 0.000000 -0.746470 0.939764 0.939764 0.939764
3696.983398 0.000000 2667.864990 0.000000 0.082130 0.000000 0.996622 0.836451 0.836451 0.836451
3653.042969 0.000000 2641.681641 0.000000 0.975655 0.000000 0.219311 0.882612 0.882612 0.882612
3689.911621 0.000000 2674.884033 0.000000 0.285653 0.000000 0.958333 0.589120 0.589120 0.589120
3696.075928 0.000000 2659.199707 0.000000 0.107706 0.000000 -0.994183 0.985460 0.985460 0.985460
3688.223145 0.000000 2628.648682 0.000000 0.972379 0.000000 -0.233408 0.914821 0.914821 0.914821
3662.710449 0.000000 2637.988770 0.000000 0.485965 0.000000 -0.873978 1.095913 1.095913 1.095913
3650.899902 0.000000 2636.422119 0.000000 0.664432 0.000000 -0.747349 1.080169 1.080169 1.080169
3700.470947 0.000000 2657.172363 0.000000 0.345265 0.000000 -0.938505 1.184683 1.184683 1.184683
3656.701904 0.000000 2640.557373 0.000000 0.975443 0.000000 0.220253 0.868564 0.868564 0.868564
3692.941650 0.000000 2669.753418 0.000000 0.981690 0.000000 0.190484 0.864258 0.864258 0.864258
3709.141846 0.000000 2656.441650 0.000000 0.996356 0.000000 0.085294 0.889255 0.889255 0.889255
3690.131836 0.000000 2650.795654 0.000000 0.471924 0.000000 0.881639 0.798145 0.798145 0.798145
3672.073975 0.000000 2648.673340 0.000000 0.888127 0.000000 -0.459597 0.931117 0.931117 0.931117
3685.175049 0.000000 2646.957764 0.000000 0.322361 0.000000 0.946617 0.740860 0.740860 0.740860
3680.146240 0.000000 2647.239990 0.000000 0.126487 0.000000 -0.991968 1.279600 1.279600 1.279600
3706.995361 0.000000 2661.979980 0.000000 0.538387 0.000000 -0.842698 1.001340 1.001340 1.001340
3670.869141 0.000000 2651.894287 0.000000 0.982546 0.000000 0.186020 0.844085 0.844085 0.844085
3675.848633 0.000000 2660.690674 0.000000 0.045279 0.000000 -0.998974 0.992546 0.992546 0.992546
3656.695557 0.000000 2636.451416 0.000000 0.385177 0.000000 -0.922843 1.079587 1.079587 1.079587
3681.602295 0.000000 2658.377930 0.000000 0.628396 0.000000 0.777894 0.807877 0.807877 0.807877
3676.262207 0.000000 2649.660400 0.000000 0.908263 0.000000 0.418400 0.814645 0.814645 0.814645
3703.080078 0.000000 2655.764893 0.000000 0.978879 0.000000 -0.204440 0.930070 0.930070 0.930070
3706.176270 0.000000 2658.552979 0.000000 0.512434 0.000000 -0.858726 1.194709 1.194709 1.194709
3651.788086 0.000000 2639.253418 0.000000 0.154217 0.000000 0.988037 0.798192 0.798192 0.798192
3675.901123 0.000000 2652.888184 0.000000 0.028894 0.000000 0.999582 0.709454 0.709454 0.709454
3673.065186 0.000000 2653.828369 0.000000 0.876574 0.000000 -0.481267 1.002663 1.002663 1.002663
3705.970703 0.000000 2665.245361 0.000000 0.996606 0.000000 -0.082320 0.916110 0.916110 0.916110
3653.483887 0.000000 2654.096436 0.000000 0.786695 0.000000 -0.617342 0.943355 0.943355 0.943355
3702.145264 0.000000 2665.119385 0.000000 0.986016 0.000000 -0.166653 0.921820 0.921820 0.921820
3666.752930 0.000000 2639.112549 0.000000 0.995861 0.000000 0.090888 0.890593 0.890593 0.890593
3696.174316 0.000000 2665.375977 0.000000 0.448312 0.000000 -0.893877 1.064002 1.064002 1.064002
3694.651611 0.000000 2651.181885 0.000000 0.964428 0.000000 -0.264347 0.960712 0.960712 0.960712
3710.046143 0.000000 2650.415771 0.000000 0.978308 0.000000 -0.207158 0.914535 0.914535 0.914535
3690.932617 0.000000 2668.312988 0.000000 0.108077 0.000000 -0.994143 0.998583 0.998583 0.998583
3650.327393 0.000000 2641.497070 0.000000 0.992496 0.000000 -0.122276 0.914322 0.914322 0.914322
3682.767090 0.000000 2646.375244 0.000000 0.985721 0.000000 -0.168386 0.929652 0.929652 0.929652
3700.798340 0.000000 2667.212646 0.000000 0.061506 0.000000 0.998107 0.567670 0.567670 0.567670
3693.625000 0.000000 2664.246338 0.000000 0.892481 0.000000 -0.451084 1.029335 1.029335 1.029335
3689.199707 0.000000 2664.423584 0.000000 0.822843 0.000000 -0.568268 1.048024 1.048024 1.048024
3691.201172 0.000000 2665.957520 0.000000 0.243196 0.000000 0.969977 0.515910 0.515910 0.515910
3711.454590 0.000000 2659.717529 0.000000 0.997694 0.000000 0.067876 0.894200 0.894200 0.894200
3692.195557 0.000000 2651.767822 0.000000 0.835626 0.000000 -0.549299 0.970558 0.970558 0.970558
3678.552979 0.000000 2656.908936 0.000000 0.312580 0.000000 0.949892 0.773320 0.773320 0.773320
3688.558350 0.000000 2676.672119 0.000000 0.355480 0.000000 -0.934684 1.426289 1.426289 1.426289
3687.043701 0.000000 2665.144287 0.000000 0.816041 0.000000 -0.577994 1.062009 1.062009 1.062009
3678.408447 0.000000 2648.916748 0.000000 0.621036 0.000000 0.783782 0.819046 0.819046 0.819046
3690.724854 0.000000 2676.975342 0.000000 0.631961 0.000000 0.775000 0.637009 0.637009 0.637009
3687.096924 0.000000 2679.214355 0.000000 0.804296 0.000000 -0.594229 1.031534 1.031534 1.031534
3653.028809 0.000000 2636.645508 0.000000 0.123258 0.000000 0.992375 0.584579 0.584579 0.584579
3710.040283 0.000000 2661.380615 0.000000 0.982217 0.000000 0.187749 0.868597 0.868597 0.868597
3683.099365 0.000000 2651.019043 0.000000 0.999980 0.000000 0.006290 0.899180 0.899180 0.899180
3657.302979 0.000000 2638.448486 0.000000 0.568195 0.000000 -0.822894 1.036810 1.036810 1.036810
3661.413574 0.000000 2636.391113 0.000000 0.999858 0.000000 0.016857 0.897576 0.897576 0.897576
3664.789307 0.000000 2638.405762 0.000000 0.008283 0.000000 0.999966 0.713927 0.713927 0.713927
3682.473633 0.000000 2656.530273 0.000000 0.957121 0.000000 -0.289690 0.966037 0.966037 0.966037
3694.262939 0.000000 2658.409668 0.000000 0.885987 0.000000 0.463710 0.828495 0.828495 0.828495
3707.197510 0.000000 2656.824707 0.000000 0.875635 0.000000 0.482974 0.827517 0.827517 0.827517
3655.047852 0.000000 2641.954590 0.000000 0.749265 0.000000 -0.662271 1.007343 1.007343 1.007343
3690.848877 0.000000 2673.155762 0.000000 0.962091 0.000000 -0.272729 0.953376 0.953376 0.953376
3699.980713 0.000000 2655.315674 0.000000 0.356369 0.000000 -0.934345 1.133119 1.133119 1.133119
3649.000244 0.000000 2637.252686 0.000000 0.296766 0.000000 0.954950 0.728855 0.728855 0.728855
3654.650635 0.000000 2640.106934 0.000000 0.762902 0.000000 -0.646514 1.004252 1.004252 1.004252
3697.734863 0.000000 2664.343994 0.000000 0.279323 0.000000 0.960197 0.709039 0.709039 0.709039
3688.014648 0.000000 2674.624023 0.000000 0.229422 0.000000 0.973327 0.574996 0.574996 0.574996
3663.048584 0.000000 2639.929199 0.000000 0.793476 0.000000 -0.608601 1.013200 1.013200 1.013200
3691.702637 0.000000 2674.732422 0.000000 0.374479 0.000000 -0.927235 1.196034 1.196034 1.196034
3693.893066 0.000000 2671.322510 0.000000 0.851020 0.000000 0.525133 0.818012 0.818012 0.818012
3661.210693 0.000000 2638.964600 0.000000 0.663776 0.000000 0.747931 0.696862 0.696862 0.696862
3704.228027 0.000000 2664.862061 0.000000 0.251147 0.000000 -0.967949 1.157433 1.157433 1.157433
3691.912354 0.000000 2671.317383 0.000000 0.513163 0.000000 -0.858291 1.066942 1.066942 1.066942
3672.108154 0.000000 2650.488281 0.000000 0.192881 0.000000 -0.981222 1.382554 1.382554 1.382554
3654.855469 0.000000 2636.446777 0.000000 0.674388 0.000000 0.738377 0.782416 0.782416 0.782416
3683.580811 0.000000 2657.971680 0.000000 0.684597 0.000000 -0.728921 1.083514 1.083514 1.083514
3696.203857 0.000000 2650.228516 0.000000 0.460762 0.000000 -0.887523 1.084011 1.084011 1.084011
3705.957275 0.000000 2663.471191 0.000000 0.669019 0.000000 -0.743245 1.048732 1.048732 1.048732
3696.442627 0.000000 2657.430176 0.000000 0.561862 0.000000 0.827231 0.449100 0.449100 0.449100
3701.581787 0.000000 2658.581299 0.000000 0.508825 0.000000 -0.860870 1.077078 1.077078 1.077078
3693.865723 0.000000 2668.307617 0.000000 0.591163 0.000000 0.806552 0.725015 0.725015 0.725015
3658.447266 0.000000 2637.128174 0.000000 0.716999 0.000000 0.697074 0.770021 0.770021 0.770021
3680.205078 0.000000 2657.405273 0.000000 0.854306 0.000000 -0.519770 0.994564 0.994564 0.994564
3676.770020 0.000000 2651.338379 0.000000 0.624581 0.000000 -0.780960 1.155736 1.155736 1.155736
3710.926758 0.000000 2652.199951 0.000000 0.632381 0.000000 -0.774658 1.113052 1.113052 1.113052
3666.496094 0.000000 2640.744629 0.000000 0.780295 0.000000 0.625411 0.795249 0.795249 0.795249
3671.485352 0.000000 2653.386719 0.000000 0.942864 0.000000 -0.333178 0.968689 0.968689 0.968689
3698.944824 0.000000 2656.624512 0.000000 0.170287 0.000000 0.985395 0.544624 0.544624 0.544624
3678.687744 0.000000 2646.618408 0.000000 0.479364 0.000000 0.877616 0.741196 0.741196 0.741196
3702.363037 0.000000 2667.740234 0.000000 0.820467 0.000000 -0.571693 1.049045 1.049045 1.049045
3708.515625 0.000000 2661.093262 0.000000 0.819227 0.000000 0.573470 0.744935 0.744935 0.744935
3672.568359 0.000000 2652.274414 0.000000 0.279859 0.000000 0.960041 0.636820 0.636820 0.636820
3705.456787 0.000000 2662.006592 0.000000 0.457864 0.000000 0.889022 0.705596 0.705596 0.705596
3675.219482 0.000000 2651.481445 0.000000 0.885083 0.000000 -0.465434 1.041411 1.041411 1.041411
3692.617676 0.000000 2665.342529 0.000000 0.474981 0.000000 0.879996 0.602669 0.602669 0.602669
3651.908691 0.000000 2637.651123 0.000000 0.337370 0.000000 -0.941372 1.161840 1.161840 1.161840
3676.823730 0.000000 2659.536377 0.000000 0.332547 0.000000 0.943087 0.559572 0.559572 0.559572
3677.656982 0.000000 2650.217041 0.000000 0.545281 0.000000 0.838253 0.616336 0.616336 0.616336
3681.303955 0.000000 2646.394043 0.000000 0.843074 0.000000 -0.537798 1.049273 1.049273 1.049273
3709.249023 0.000000 2655.006836 0.000000 0.997908 0.000000 0.064649 0.880522 0.880522 0.880522
3694.241943 0.000000 2662.949951 0.000000 0.605920 0.000000 -0.795525 1.123221 1.123221 1.123221
3689.803955 0.000000 2665.794922 0.000000 0.612857 0.000000 -0.790194 1.123145 1.123145 1.123145
3690.616699 0.000000 2664.618896 0.000000 0.698496 0.000000 -0.715614 1.131156 1.131156 1.131156
3687.917236 0.000000 2664.059570 0.000000 0.932506 0.000000 0.361154 0.802862 0.802862 0.802862
3688.466064 0.000000 2665.500488 0.000000 0.856198 0.000000 -0.516648 1.032970 1.032970 1.032970
3689.476318 0.000000 2677.636719 0.000000 0.113460 0.000000 -0.993543 1.535142 1.535142 1.535142
3674.947510 0.000000 2650.169922 0.000000 0.555240 0.000000 -0.831690 1.186880 1.186880 1.186880
3683.666748 0.000000 2649.730957 0.000000 0.879768 0.000000 0.475403 0.759742 0.759742 0.759742
3702.089844 0.000000 2666.418213 0.000000 0.816988 0.000000 0.576655 0.749470 0.749470 0.749470
3689.793457 0.000000 2676.145020 0.000000 0.299037 0.000000 -0.954241 1.452331 1.452331 1.452331
3707.413574 0.000000 2658.933594 0.000000 0.980355 0.000000 -0.197243 0.956656 0.956656 0.956656
3691.614014 0.000000 2676.017578 0.000000 0.996527 0.000000 -0.083268 0.924725 0.924725 0.924725
3691.751221 0.000000 2664.530029 0.000000 0.855933 0.000000 -0.517087 1.057517 1.057517 1.057517
3697.852783 0.000000 2657.123779 0.000000 0.820484 0.000000 0.571669 0.618332 0.618332 0.618332
3727.987793 0.000000 2604.733154 0.000000 0.242542 0.000000 -0.970141 1.287264 1.287264 1.287264
3712.260742 0.000000 2593.540771 0.000000 0.736569 0.000000 0.676363 0.597907 0.597907 0.597907
3720.348145 0.000000 2579.703125 0.000000 0.959940 0.000000 -0.280204 0.915315 0.915315 0.915315
3723.404541 0.000000 2574.803711 0.000000 0.988182 0.000000 -0.153283 0.918672 0.918672 0.918672
3736.953857 0.000000 2596.105713 0.000000 0.313771 0.000000 -0.949499 0.947809 0.947809 0.947809
3726.286377 0.000000 2570.540039 0.000000 0.609485 0.000000 -0.792797 0.920568 0.920568 0.920568
3718.371338 0.000000 2574.278564 0.000000 0.023663 0.000000 0.999720 0.583662 0.583662 0.583662
3719.713379 0.000000 2593.558350 0.000000 0.974533 0.000000 -0.224245 0.905590 0.905590 0.905590
3723.650146 0.000000 2564.981201 0.000000 0.111543 0.000000 0.993760 0.742643 0.742643 0.742643
3726.915283 0.000000 2600.034912 0.000000 0.909214 0.000000 -0.416330 0.967538 0.967538 0.967538
3712.846924 0.000000 2615.920898 0.000000 0.999277 0.000000 -0.038016 0.906750 0.906750 0.906750
3724.152832 0.000000 2589.008789 0.000000 0.557851 0.000000 0.829941 0.880203 0.880203 0.880203
3729.921631 0.000000 2572.683105 0.000000 0.992124 0.000000 -0.125263 0.913263 0.913263 0.913263
3715.715576 0.000000 2560.628662 0.000000 0.872250 0.000000 -0.489060 1.108971 1.108971 1.108971
3727.588867 0.000000 2566.930908 0.000000 0.707163 0.000000 0.707050 0.785306 0.785306 0.785306
3727.329102 0.000000 2596.273438 0.000000 0.965151 0.000000 -0.261695 0.975556 0.975556 0.975556
3714.827637 0.000000 2565.246338 0.000000 0.851232 0.000000 -0.524789 0.921103 0.921103 0.921103
3723.330078 0.000000 2592.542480 0.000000 0.553112 0.000000 -0.833107 1.103552 1.103552 1.103552
3715.031982 0.000000 2620.676514 0.000000 0.579957 0.000000 -0.814647 0.944926 0.944926 0.944926
3719.630615 0.000000 2560.712891 0.000000 0.944555 0.000000 -0.328353 0.922552 0.922552 0.922552
3712.078613 0.000000 2559.524902 0.000000 0.785947 0.000000 0.618294 0.864055 0.864055 0.864055
3720.694092 0.000000 2576.572998 0.000000 0.981630 0.000000 0.190794 0.879727 0.879727 0.879727
3718.799805 0.000000 2620.671631 0.000000 0.216504 0.000000 -0.976282 1.121852 1.121852 1.121852
3724.032715 0.000000 2568.242432 0.000000 0.867166 0.000000 0.498019 0.880087 0.880087 0.880087
3714.009033 0.000000 2596.072021 0.000000 0.024139 0.000000 -0.999709 1.066808 1.066808 1.066808
3716.992920 0.000000 2587.479980 0.000000 0.618925 0.000000 0.785450 0.784296 0.784296 0.784296
3725.464844 0.000000 2576.959717 0.000000 0.704743 0.000000 -0.709463 1.008104 1.008104 1.008104
3721.208496 0.000000 2563.355469 0.000000 0.521593 0.000000 -0.853195 0.978081 0.978081 0.978081
3720.154297 0.000000 2582.683350 0.000000 0.784200 0.000000 0.620508 0.790205 0.790205 0.790205
3720.687744 0.000000 2572.467041 0.000000 0.840371 0.000000 0.542012 0.862674 0.862674 0.862674
3724.716309 0.000000 2594.978027 0.000000 0.334141 0.000000 -0.942523 1.093474 1.093474 1.093474
3722.764160 0.000000 2581.632324 0.000000 0.586933 0.000000 -0.809635 1.020841 1.020841 1.020841
3722.943359 0.000000 2578.170410 0.000000 0.397776 0.000000 -0.917482 1.158412 1.158412 1.158412
3722.063965 0.000000 2587.211670 0.000000 0.899635 0.000000 0.436643 0.816746 0.816746 0.816746
3719.087646 0.000000 2611.983398 0.000000 0.014280 0.000000 0.999898 0.644695 0.644695 0.644695
3717.291992 0.000000 2594.755615 0.000000 0.959984 0.000000 -0.280055 0.938267 0.938267 0.938267
3717.476074 0.000000 2590.112061 0.000000 0.911180 0.000000 0.412008 0.795042 0.795042 0.795042
3713.496826 0.000000 2618.535645 0.000000 0.073608 0.000000 0.997287 0.812539 0.812539 0.812539
3715.392578 0.000000 2615.257080 0.000000 0.746530 0.000000 -0.665352 1.053752 1.053752 1.053752
3728.878662 0.000000 2569.664551 0.000000 0.574771 0.000000 -0.818314 1.018447 1.018447 1.018447
3721.942139 0.000000 2594.838867 0.000000 0.325380 0.000000 0.945583 0.705067 0.705067 0.705067
3728.808105 0.000000 2598.344238 0.000000 0.087378 0.000000 -0.996175 1.213286 1.213286 1.213286
3723.826172 0.000000 2562.416748 0.000000 0.943072 0.000000 -0.332590 0.959421 0.959421 0.959421
3713.302979 0.000000 2622.436279 0.000000 0.701776 0.000000 -0.712397 0.989079 0.989079 0.989079
3713.836670 0.000000 2591.302002 0.000000 0.374658 0.000000 0.927163 0.625346 0.625346 0.625346
3727.984619 0.000000 2602.282227 0.000000 0.989325 0.000000 -0.145728 0.917745 0.917745 0.917745
3714.112061 0.000000 2562.293945 0.000000 0.085463 0.000000 0.996341 0.205873 0.205873 0.205873
3714.576172 0.000000 2594.049072 0.000000 0.150112 0.000000 0.988669 0.781939 0.781939 0.781939
3717.550049 0.000000 2561.607910 0.000000 0.269858 0.000000 -0.962900 1.048688 1.048688 1.048688
3721.295166 0.000000 2574.464111 0.000000 0.710235 0.000000 0.703965 0.759620 0.759620 0.759620
3728.781494 0.000000 2574.421387 0.000000 0.268014 0.000000 0.963415 0.681018 0.681018 0.681018
3713.472900 0.000000 2566.745605 0.000000 0.621651 0.000000 0.783295 0.819116 0.819116 0.819116
3717.880127 0.000000 2599.228027 0.000000 0.405235 0.000000 -0.914213 1.011453 1.011453 1.011453
3726.311768 0.000000 2568.444336 0.000000 0.496210 0.000000 0.868202 0.642459 0.642459 0.642459
3726.671387 0.000000 2594.348389 0.000000 0.677396 0.000000 0.735619 0.788566 0.788566 0.788566
3715.617432 0.000000 2590.508301 0.000000 0.901095 0.000000 -0.433621 1.045116 1.045116 1.045116
3725.200195 0.000000 2592.974854 0.000000 0.758803 0.000000 0.651321 0.737435 0.737435 0.737435
3729.825439 0.000000 2599.928711 0.000000 0.254229 0.000000 -0.967144 1.177474 1.177474 1.177474
3717.842041 0.000000 2592.939941 0.000000 0.998282 0.000000 0.058599 0.883928 0.883928 0.883928
3715.413818 0.000000 2567.040527 0.000000 0.989177 0.000000 -0.146730 0.924154 0.924154 0.924154
3727.448486 0.000000 2607.450928 0.000000 0.930233 0.000000 0.366970 0.854409 0.854409 0.854409
3721.420410 0.000000 2561.379395 0.000000 0.808665 0.000000 -0.588269 1.070986 1.070986 1.070986
3715.349365 0.000000 2622.795654 0.000000 0.361607 0.000000 0.932331 0.646380 0.646380 0.646380
3721.302002 0.000000 2592.651611 0.000000 0.061864 0.000000 -0.998085 1.120371 1.120371 1.120371
3722.167236 0.000000 2579.852051 0.000000 0.192046 0.000000 0.981386 0.593575 0.593575 0.593575
3718.713379 0.000000 2587.058105 0.000000 0.126601 0.000000 0.991954 0.653442 0.653442 0.653442
3718.601807 0.000000 2610.274902 0.000000 0.013636 0.000000 -0.999907 1.155410 1.155410 1.155410
3723.817139 0.000000 2576.475830 0.000000 0.926366 0.000000 -0.376624 1.004116 1.004116 1.004116
3726.340820 0.000000 2604.333496 0.000000 0.750247 0.000000 -0.661158 1.110999 1.110999 1.110999
3721.861084 0.000000 2609.431396 0.000000 0.474286 0.000000 0.880371 0.764530 0.764530 0.764530
3717.310059 0.000000 2621.556885 0.000000 0.999422 0.000000 0.033990 0.895188 0.895188 0.895188
3718.514893 0.000000 2584.184570 0.000000 0.461894 0.000000 0.886935 0.645136 0.645136 0.645136
3713.385742 0.000000 2620.724854 0.000000 0.173891 0.000000 -0.984765 1.226217 1.226217 1.226217
3716.267822 0.000000 2588.983887 0.000000 0.689192 0.000000 0.724578 0.716086 0.716086 0.716086
3730.488281 0.000000 2576.760254 0.000000 0.498348 0.000000 0.866977 0.706708 0.706708 0.706708
3716.719971 0.000000 2616.292480 0.000000 0.694180 0.000000 0.719802 0.750150 0.750150 0.750150
3721.131592 0.000000 2581.283691 0.000000 0.395791 0.000000 0.918341 0.594035 0.594035 0.594035
3720.335938 0.000000 2586.967773 0.000000 0.993172 0.000000 0.116659 0.876093 0.876093 0.876093
3721.889893 0.000000 2583.001953 0.000000 0.339192 0.000000 0.940717 0.699115 0.699115 0.699115
3719.823975 0.000000 2575.064453 0.000000 0.547769 0.000000 -0.836630 1.102648 1.102648 1.102648
3712.270752 0.000000 2591.929443 0.000000 0.864076 0.000000 0.503362 0.777924 0.777924 0.777924
3722.204590 0.000000 2576.019287 0.000000 0.779196 0.000000 -0.626781 1.082649 1.082649 1.082649
3722.816650 0.000000 2563.638916 0.000000 0.996718 0.000000 0.080954 0.885797 0.885797 0.885797
3720.361328 0.000000 2595.077393 0.000000 0.552198 0.000000 0.833713 0.744951 0.744951 0.744951
3717.829590 0.000000 2596.237549 0.000000 0.916287 0.000000 -0.400523 0.990740 0.990740 0.990740
3723.377441 0.000000 2594.166748 0.000000 0.919644 0.000000 -0.392754 1.007921 1.007921 1.007921
3712.797363 0.000000 2594.986328 0.000000 0.523937 0.000000 -0.851757 1.261872 1.261872 1.261872
3723.255615 0.000000 2595.695068 0.000000 0.680686 0.000000 -0.732575 1.119813 1.119813 1.119813
3713.753418 0.000000 2614.597168 0.000000 0.977482 0.000000 -0.211019 0.937741 0.937741 0.937741
3723.537842 0.000000 2587.581543 0.000000 0.052467 0.000000 0.998623 0.620259 0.620259 0.620259
3729.308594 0.000000 2571.247314 0.000000 0.195862 0.000000 -0.980631 1.137658 1.137658 1.137658
3713.587891 0.000000 2592.741455 0.000000 0.355728 0.000000 0.934590 0.409086 0.409086 0.409086
3716.044678 0.000000 2593.978027 0.000000 0.991982 0.000000 -0.126381 0.934736 0.934736 0.934736
3714.708984 0.000000 2563.730957 0.000000 0.777553 0.000000 0.628818 0.582184 0.582184 0.582184
3717.152588 0.000000 2591.514648 0.000000 0.413339 0.000000 0.910577 0.617083 0.617083 0.617083
3727.421143 0.000000 2569.661377 0.000000 0.256410 0.000000 -0.966568 1.221199 1.221199 1.221199
3712.987061 0.000000 2590.202148 0.000000 0.982696 0.000000 0.185228 0.856884 0.856884 0.856884
3715.550537 0.000000 2561.944824 0.000000 0.611238 0.000000 0.791447 0.526572 0.526572 0.526572
3719.759521 0.000000 2598.052979 0.000000 0.715860 0.000000 0.698244 0.708961 0.708961 0.708961
3714.763672 0.000000 2592.191162 0.000000 0.899876 0.000000 -0.436146 1.051093 1.051093 1.051093
3714.250488 0.000000 2590.123047 0.000000 0.471598 0.000000 0.881814 0.550662 0.550662 0.550662
3714.663818 0.000000 2561.183838 0.000000 0.593246 0.000000 0.805021 0.517356 0.517356 0.517356
3721.758545 0.000000 2560.257568 0.000000 0.028547 0.000000 0.999592 0.480703 0.480703 0.480703
3713.352295 0.000000 2593.918945 0.000000 0.685769 0.000000 -0.727819 1.231506 1.231506 1.231506
3727.784668 0.000000 2597.310791 0.000000 0.515900 0.000000 0.856649 0.606444 0.606444 0.606444
3713.895508 0.000000 2594.983887 0.000000 0.449473 0.000000 -0.893294 1.292150 1.292150 1.292150
3715.218750 0.000000 2593.167969 0.000000 0.998422 0.000000 0.056150 0.881192 0.881192 0.881192
3711.552979 0.000000 2592.657227 0.000000 0.840810 0.000000 0.541331 0.694357 0.694357 0.694357
3715.034668 0.000000 2562.803711 0.000000 0.200598 0.000000 0.979674 0.260273 0.260273 0.260273
3719.713867 0.000000 2652.683838 0.000000 0.632304 0.000000 -0.774721 0.929870 0.929870 0.929870
3721.222168 0.000000 2633.604736 0.000000 0.768809 0.000000 0.639478 0.744106 0.744106 0.744106
3712.260742 0.000000 2657.525146 0.000000 0.922664 0.000000 -0.385605 0.906226 0.906226 0.906226
3716.799561 0.000000 2661.391602 0.000000 0.449227 0.000000 0.893418 0.882622 0.882622 0.882622
3723.404541 0.000000 2638.788086 0.000000 0.858573 0.000000 -0.512692 0.913305 0.913305 0.913305
3719.713379 0.000000 2657.542725 0.000000 0.449849 0.000000 0.893105 0.880152 0.880152 0.880152
3715.715576 0.000000 2624.613037 0.000000 0.654014 0.000000 -0.756482 1.079271 1.079271 1.079271
3715.963623 0.000000 2656.376465 0.000000 0.958669 0.000000 0.284524 0.874718 0.874718 0.874718
3717.434570 0.000000 2631.254639 0.000000 0.980978 0.000000 0.194117 0.874102 0.874102 0.874102
3712.078613 0.000000 2623.509277 0.000000 0.587963 0.000000 -0.808888 1.005858 1.005858 1.005858
3720.767578 0.000000 2630.259277 0.000000 0.466264 0.000000 0.884646 0.770705 0.770705 0.770705
3719.549072 0.000000 2649.481201 0.000000 0.890584 0.000000 -0.454819 0.933949 0.933949 0.933949
3711.596680 0.000000 2651.343018 0.000000 0.723818 0.000000 -0.689991 0.953040 0.953040 0.953040
3720.154297 0.000000 2646.667725 0.000000 0.153906 0.000000 0.988086 0.798169 0.798169 0.798169
3720.687744 0.000000 2636.451416 0.000000 0.960760 0.000000 0.277382 0.838110 0.838110 0.838110
3719.561035 0.000000 2660.452637 0.000000 0.778832 0.000000 -0.627232 0.936561 0.936561 0.936561
3722.764160 0.000000 2645.616699 0.000000 0.971926 0.000000 -0.235287 0.931486 0.931486 0.931486
3716.079834 0.000000 2627.142578 0.000000 0.845097 0.000000 0.534613 0.829028 0.829028 0.829028
3719.057617 0.000000 2632.832031 0.000000 0.267955 0.000000 -0.963431 1.276667 1.276667 1.276667
3714.112061 0.000000 2626.278320 0.000000 0.764115 0.000000 0.645080 0.813355 0.813355 0.813355
3714.576172 0.000000 2658.033447 0.000000 0.611983 0.000000 0.790871 0.736025 0.736025 0.736025
3711.583252 0.000000 2660.006104 0.000000 0.096909 0.000000 0.995293 0.654962 0.654962 0.654962
3717.550049 0.000000 2625.592285 0.000000 0.042812 0.000000 0.999083 0.762672 0.762672 0.762672
3716.043701 0.000000 2633.017822 0.000000 0.768175 0.000000 0.640240 0.832870 0.832870 0.832870
3721.295166 0.000000 2638.448486 0.000000 0.987635 0.000000 0.156770 0.869935 0.869935 0.869935
3719.040039 0.000000 2641.954590 0.000000 0.721304 0.000000 0.692619 0.765908 0.765908 0.765908
3719.537842 0.000000 2634.805420 0.000000 0.945299 0.000000 0.326204 0.805927 0.805927 0.805927
3716.911133 0.000000 2629.388184 0.000000 0.951122 0.000000 0.308815 0.855559 0.855559 0.855559
3717.842041 0.000000 2656.924316 0.000000 0.853582 0.000000 0.520959 0.779338 0.779338 0.779338
3718.642822 0.000000 2640.106934 0.000000 0.549660 0.000000 0.835388 0.726698 0.726698 0.726698
3713.368896 0.000000 2651.240234 0.000000 0.236600 0.000000 -0.971607 1.196278 1.196278 1.196278
3720.841064 0.000000 2648.289795 0.000000 0.324728 0.000000 -0.945807 1.142409 1.142409 1.142409
3715.838135 0.000000 2659.847168 0.000000 0.353808 0.000000 0.935318 0.682652 0.682652 0.682652
3718.713379 0.000000 2651.042480 0.000000 0.999771 0.000000 -0.021416 0.904860 0.904860 0.904860
3721.230225 0.000000 2642.199219 0.000000 0.848714 0.000000 0.528853 0.826127 0.826127 0.826127
3721.528564 0.000000 2649.697021 0.000000 0.991737 0.000000 0.128284 0.874854 0.874854 0.874854
3712.797363 0.000000 2658.970703 0.000000 0.374176 0.000000 0.927358 0.577207 0.577207 0.577207
3716.044678 0.000000 2657.962402 0.000000 0.342709 0.000000 -0.939442 1.168858 1.168858 1.168858
3714.862549 0.000000 2623.438965 0.000000 0.987659 0.000000 -0.156622 0.933216 0.933216 0.933216
3718.625977 0.000000 2633.985840 0.000000 0.909655 0.000000 0.415364 0.775845 0.775845 0.775845
"}
