object={
	name="tree_pine_01_b_generator_1_0"
	clamp_to_water_level=no
	render_under_water=no
	generated_content=yes
	layer="tree_high_layer"
	pdxmesh="tree_pine_01_b_mesh"
	count=282
	transform="3870.607666 0.000000 2100.995117 0.000000 0.979948 0.000000 0.199253 0.400000 0.400000 0.400000
3875.017090 0.000000 2089.874268 0.000000 0.999485 0.000000 0.032103 0.400000 0.400000 0.400000
3866.515625 0.000000 2105.598633 0.000000 0.634602 0.000000 -0.772839 0.400000 0.400000 0.400000
3867.781494 0.000000 2102.625732 0.000000 0.289726 0.000000 0.957110 0.400000 0.400000 0.400000
3865.024170 0.000000 2103.085449 0.000000 0.673840 0.000000 -0.738877 0.400000 0.400000 0.400000
3583.306152 0.000000 2196.830566 0.000000 0.939389 0.000000 0.342852 0.400000 0.400000 0.400000
3580.252930 0.000000 2198.595703 0.000000 0.424432 0.000000 0.905460 0.400000 0.400000 0.400000
3580.743408 0.000000 2195.815918 0.000000 0.876942 0.000000 -0.480596 0.400000 0.400000 0.400000
3579.891602 0.000000 2203.027100 0.000000 0.773776 0.000000 0.633459 0.400000 0.400000 0.400000
3576.400635 0.000000 2219.245605 0.000000 0.432239 0.000000 0.901759 0.400000 0.400000 0.400000
3576.746826 0.000000 2214.371582 0.000000 0.993815 0.000000 0.111053 0.400000 0.400000 0.400000
3578.236084 0.000000 2199.664062 0.000000 0.268316 0.000000 0.963331 0.400000 0.400000 0.400000
3581.479980 0.000000 2199.930176 0.000000 0.189645 0.000000 0.981853 0.400000 0.400000 0.400000
3645.554199 0.000000 2168.878174 0.000000 0.758362 0.000000 0.651834 0.400000 0.400000 0.400000
3608.499756 0.000000 2159.397949 0.000000 0.888607 0.000000 -0.458669 0.400000 0.400000 0.400000
3644.914795 0.000000 2173.741211 0.000000 0.629850 0.000000 -0.776717 0.400000 0.400000 0.400000
3666.524170 0.000000 2199.321533 0.000000 0.717952 0.000000 -0.696093 0.400000 0.400000 0.400000
3804.098389 0.000000 2132.669189 0.000000 0.875051 0.000000 0.484030 0.400000 0.400000 0.400000
3790.948242 0.000000 2153.364014 0.000000 0.735423 0.000000 0.677609 0.400000 0.400000 0.400000
3822.437256 0.000000 2148.775635 0.000000 0.804514 0.000000 -0.593934 0.400000 0.400000 0.400000
3809.665527 0.000000 2153.542969 0.000000 0.903917 0.000000 0.427707 0.400000 0.400000 0.400000
3807.479248 0.000000 2134.382812 0.000000 0.693363 0.000000 0.720588 0.400000 0.400000 0.400000
3828.917236 0.000000 2144.598145 0.000000 0.891972 0.000000 -0.452090 0.400000 0.400000 0.400000
3718.738281 0.000000 2165.493408 0.000000 0.487551 0.000000 0.873094 0.400000 0.400000 0.400000
3714.231934 0.000000 2168.945801 0.000000 0.640086 0.000000 -0.768303 0.400000 0.400000 0.400000
3785.628418 0.000000 2155.830811 0.000000 0.780847 0.000000 0.624722 0.400000 0.400000 0.400000
3798.793701 0.000000 2164.328857 0.000000 0.490966 0.000000 -0.871179 0.400000 0.400000 0.400000
3810.047363 0.000000 2157.737061 0.000000 0.879608 0.000000 -0.475699 0.400000 0.400000 0.400000
3806.624756 0.000000 2160.130127 0.000000 0.306163 0.000000 -0.951979 0.400000 0.400000 0.400000
3801.790039 0.000000 2162.534180 0.000000 0.989977 0.000000 0.141226 0.400000 0.400000 0.400000
3782.907471 0.000000 2157.406982 0.000000 0.261024 0.000000 0.965332 0.400000 0.400000 0.400000
3796.579590 0.000000 2166.421631 0.000000 0.896890 0.000000 -0.442253 0.400000 0.400000 0.400000
3809.376953 0.000000 2160.399658 0.000000 0.076501 0.000000 0.997069 0.400000 0.400000 0.400000
3808.369141 0.000000 2155.706543 0.000000 0.345182 0.000000 -0.938536 0.400000 0.400000 0.400000
3583.951172 0.000000 2221.518066 0.000000 0.378544 0.000000 -0.925583 0.400000 0.400000 0.400000
3586.889648 0.000000 2205.895508 0.000000 0.408576 0.000000 -0.912724 0.400000 0.400000 0.400000
3614.638916 0.000000 2232.971680 0.000000 0.420651 0.000000 0.907223 0.400000 0.400000 0.400000
3589.453857 0.000000 2214.063477 0.000000 0.745558 0.000000 0.666440 0.400000 0.400000 0.400000
3583.607422 0.000000 2210.854004 0.000000 0.134757 0.000000 0.990879 0.400000 0.400000 0.400000
3583.767090 0.000000 2202.293457 0.000000 0.532601 0.000000 -0.846367 0.400000 0.400000 0.400000
3618.313477 0.000000 2234.656738 0.000000 0.570427 0.000000 -0.821348 0.400000 0.400000 0.400000
3615.679688 0.000000 2235.538574 0.000000 0.169774 0.000000 -0.985483 0.400000 0.400000 0.400000
3666.338135 0.000000 2202.611328 0.000000 0.607293 0.000000 0.794478 0.400000 0.400000 0.400000
3661.545166 0.000000 2216.542236 0.000000 0.766888 0.000000 0.641781 0.400000 0.400000 0.400000
3655.666260 0.000000 2220.552490 0.000000 0.741355 0.000000 -0.671113 0.400000 0.400000 0.400000
3660.381348 0.000000 2200.553955 0.000000 0.285235 0.000000 -0.958458 0.400000 0.400000 0.400000
3635.492188 0.000000 2287.493408 0.000000 0.984875 0.000000 -0.173267 0.400000 0.400000 0.400000
3614.781250 0.000000 2270.174072 0.000000 0.037272 0.000000 0.999305 0.400000 0.400000 0.400000
3617.365967 0.000000 2273.725098 0.000000 0.146860 0.000000 0.989157 0.400000 0.400000 0.400000
3668.520752 0.000000 2284.198486 0.000000 0.108090 0.000000 0.994141 0.400000 0.400000 0.400000
3664.387451 0.000000 2272.560303 0.000000 0.524245 0.000000 -0.851567 0.400000 0.400000 0.400000
3690.116455 0.000000 2253.633545 0.000000 0.957901 0.000000 0.287100 0.400000 0.400000 0.400000
3695.526367 0.000000 2252.064697 0.000000 0.783142 0.000000 -0.621843 0.400000 0.400000 0.400000
3650.180176 0.000000 2269.859863 0.000000 0.995448 0.000000 -0.095309 0.400000 0.400000 0.400000
3663.440186 0.000000 2276.523193 0.000000 0.654759 0.000000 0.755838 0.400000 0.400000 0.400000
3692.608154 0.000000 2255.932861 0.000000 0.840945 0.000000 -0.541121 0.400000 0.400000 0.400000
3586.889648 0.000000 2293.879883 0.000000 0.908925 0.000000 -0.416960 0.400000 0.400000 0.400000
3588.706299 0.000000 2324.175293 0.000000 0.222927 0.000000 -0.974835 0.400000 0.400000 0.400000
3591.674072 0.000000 2308.536865 0.000000 0.889319 0.000000 0.457288 0.400000 0.400000 0.400000
3638.372070 0.000000 2294.697998 0.000000 0.498298 0.000000 0.867006 0.400000 0.400000 0.400000
3586.187988 0.000000 2313.852051 0.000000 0.977265 0.000000 -0.212021 0.400000 0.400000 0.400000
3589.469482 0.000000 2311.726807 0.000000 0.615317 0.000000 0.788280 0.400000 0.400000 0.400000
3593.521484 0.000000 2311.838379 0.000000 0.134012 0.000000 -0.990980 0.400000 0.400000 0.400000
3595.946777 0.000000 2327.122070 0.000000 0.001331 0.000000 -0.999999 0.400000 0.400000 0.400000
3635.524658 0.000000 2287.699219 0.000000 0.818069 0.000000 0.575121 0.400000 0.400000 0.400000
3583.710205 0.000000 2312.428955 0.000000 0.149316 0.000000 0.988790 0.400000 0.400000 0.400000
3583.771484 0.000000 2315.364502 0.000000 0.957027 0.000000 -0.290000 0.400000 0.400000 0.400000
3621.687988 0.000000 2335.155518 0.000000 0.977139 0.000000 0.212603 0.400000 0.400000 0.400000
3653.446045 0.000000 2346.040039 0.000000 0.737905 0.000000 -0.674905 0.400000 0.400000 0.400000
3655.666260 0.000000 2352.529053 0.000000 0.448101 0.000000 0.893983 0.400000 0.400000 0.400000
3657.361084 0.000000 2348.747314 0.000000 0.850847 0.000000 -0.525413 0.400000 0.400000 0.400000
3651.072021 0.000000 2341.461914 0.000000 0.727797 0.000000 -0.685792 0.400000 0.400000 0.400000
3654.371582 0.000000 2349.022705 0.000000 0.974477 0.000000 -0.224489 0.400000 0.400000 0.400000
3622.430664 0.000000 2375.680664 0.000000 0.301107 0.000000 -0.953590 0.400000 0.400000 0.400000
3626.634033 0.000000 2379.708008 0.000000 0.153035 0.000000 -0.988221 0.400000 0.400000 0.400000
3625.688721 0.000000 2376.325684 0.000000 0.020460 0.000000 -0.999791 0.400000 0.400000 0.400000
3624.248779 0.000000 2378.619385 0.000000 0.428959 0.000000 0.903324 0.400000 0.400000 0.400000
3563.248535 0.000000 3862.004639 0.000000 0.492112 0.000000 -0.870532 0.400000 0.400000 0.400000
3583.306152 0.000000 3868.533691 0.000000 0.093353 0.000000 0.995633 0.400000 0.400000 0.400000
3556.397461 0.000000 3865.833984 0.000000 0.987575 0.000000 -0.157147 0.400000 0.400000 0.400000
3569.484619 0.000000 3860.802490 0.000000 0.995586 0.000000 -0.093856 0.400000 0.400000 0.400000
3562.662598 0.000000 3854.172119 0.000000 0.258779 0.000000 -0.965937 0.400000 0.400000 0.400000
3558.204834 0.000000 3860.528809 0.000000 0.932452 0.000000 0.361295 0.400000 0.400000 0.400000
3565.373047 0.000000 3857.953369 0.000000 0.686849 0.000000 -0.726800 0.400000 0.400000 0.400000
3561.515137 0.000000 3858.385986 0.000000 0.985237 0.000000 -0.171197 0.400000 0.400000 0.400000
3566.288330 0.000000 3832.142578 0.000000 0.505166 0.000000 -0.863022 0.400000 0.400000 0.400000
3572.948486 0.000000 3860.293457 0.000000 0.314026 0.000000 0.949414 0.400000 0.400000 0.400000
3561.728516 0.000000 3840.697266 0.000000 0.999982 0.000000 -0.006014 0.400000 0.400000 0.400000
3562.207764 0.000000 3850.904541 0.000000 0.835670 0.000000 0.549231 0.400000 0.400000 0.400000
3564.623779 0.000000 3839.651611 0.000000 0.972138 0.000000 0.234408 0.400000 0.400000 0.400000
3562.020996 0.000000 3844.891357 0.000000 0.706297 0.000000 -0.707915 0.400000 0.400000 0.400000
3585.913086 0.000000 3870.487305 0.000000 0.846994 0.000000 0.531603 0.400000 0.400000 0.400000
3839.274902 0.000000 3868.533691 0.000000 0.896376 0.000000 -0.443294 0.400000 0.400000 0.400000
4023.212158 0.000000 3731.301270 0.000000 0.676338 0.000000 -0.736591 0.400000 0.400000 0.400000
4013.208496 0.000000 3736.439453 0.000000 0.999596 0.000000 0.028418 0.400000 0.400000 0.400000
4006.150146 0.000000 3728.552246 0.000000 0.434386 0.000000 -0.900727 0.400000 0.400000 0.400000
4020.602295 0.000000 3712.743896 0.000000 0.993961 0.000000 0.109735 0.400000 0.400000 0.400000
4008.702393 0.000000 3733.397949 0.000000 0.555427 0.000000 0.831565 0.400000 0.400000 0.400000
4030.229004 0.000000 3705.137207 0.000000 0.834299 0.000000 -0.551312 0.400000 0.400000 0.400000
4079.960938 0.000000 3722.088867 0.000000 0.718842 0.000000 -0.695173 0.400000 0.400000 0.400000
4045.302002 0.000000 3719.076660 0.000000 0.872786 0.000000 0.488104 0.400000 0.400000 0.400000
4031.552734 0.000000 3706.588379 0.000000 0.860337 0.000000 -0.509726 0.400000 0.400000 0.400000
4012.931152 0.000000 3739.399902 0.000000 0.629426 0.000000 0.777061 0.400000 0.400000 0.400000
4060.067139 0.000000 3804.372314 0.000000 0.992646 0.000000 -0.121053 0.400000 0.400000 0.400000
3564.985840 0.000000 3871.376465 0.000000 0.305068 0.000000 0.952331 0.400000 0.400000 0.400000
3405.576416 0.000000 4020.221924 0.000000 0.889212 0.000000 0.457496 0.400000 0.400000 0.400000
3406.476562 0.000000 4016.183105 0.000000 0.650003 0.000000 -0.759932 0.400000 0.400000 0.400000
3327.337402 0.000000 4220.471191 0.000000 0.363856 0.000000 -0.931455 0.400000 0.400000 0.400000
3321.606689 0.000000 4206.728516 0.000000 0.842726 0.000000 0.538342 0.400000 0.400000 0.400000
3344.426514 0.000000 4076.239990 0.000000 0.052069 0.000000 -0.998643 0.400000 0.400000 0.400000
3350.406982 0.000000 4081.526611 0.000000 0.999992 0.000000 0.003892 0.400000 0.400000 0.400000
3354.578125 0.000000 4085.247070 0.000000 0.883141 0.000000 -0.469108 0.400000 0.400000 0.400000
3340.374512 0.000000 4074.537109 0.000000 0.987392 0.000000 0.158297 0.400000 0.400000 0.400000
3348.559814 0.000000 4131.870605 0.000000 0.989214 0.000000 -0.146479 0.400000 0.400000 0.400000
3354.578125 0.000000 4129.239258 0.000000 0.813963 0.000000 0.580917 0.400000 0.400000 0.400000
3353.086670 0.000000 4126.726074 0.000000 0.824845 0.000000 0.565359 0.400000 0.400000 0.400000
3563.248535 0.000000 4081.965576 0.000000 0.740644 0.000000 -0.671897 0.400000 0.400000 0.400000
3548.129639 0.000000 4068.325439 0.000000 0.957325 0.000000 0.289013 0.400000 0.400000 0.400000
3577.575439 0.000000 4074.752197 0.000000 0.915992 0.000000 0.401197 0.400000 0.400000 0.400000
3561.246338 0.000000 4067.703857 0.000000 0.983182 0.000000 -0.182626 0.400000 0.400000 0.400000
3542.383545 0.000000 4081.526611 0.000000 0.043374 0.000000 -0.999059 0.400000 0.400000 0.400000
3346.377197 0.000000 4138.267578 0.000000 0.025727 0.000000 -0.999669 0.400000 0.400000 0.400000
3338.115967 0.000000 4148.641113 0.000000 0.224287 0.000000 -0.974523 0.400000 0.400000 0.400000
3350.156006 0.000000 4135.343262 0.000000 0.490549 0.000000 0.871414 0.400000 0.400000 0.400000
3348.559814 0.000000 4219.854980 0.000000 0.795832 0.000000 0.605518 0.400000 0.400000 0.400000
3371.271973 0.000000 4213.941895 0.000000 0.237480 0.000000 -0.971392 0.400000 0.400000 0.400000
3332.737549 0.000000 4215.839355 0.000000 0.911764 0.000000 -0.410715 0.400000 0.400000 0.400000
3341.584229 0.000000 4196.190918 0.000000 0.894154 0.000000 -0.447760 0.400000 0.400000 0.400000
3357.119629 0.000000 4187.737305 0.000000 0.546171 0.000000 -0.837674 0.400000 0.400000 0.400000
3376.046875 0.000000 4206.002930 0.000000 0.594631 0.000000 0.803999 0.400000 0.400000 0.400000
3357.666016 0.000000 4222.020020 0.000000 0.261078 0.000000 0.965318 0.400000 0.400000 0.400000
3350.201904 0.000000 4193.047852 0.000000 0.994954 0.000000 -0.100331 0.400000 0.400000 0.400000
3339.546875 0.000000 4187.778809 0.000000 0.927407 0.000000 0.374053 0.400000 0.400000 0.400000
3352.191162 0.000000 4207.256836 0.000000 0.856349 0.000000 0.516398 0.400000 0.400000 0.400000
3327.715820 0.000000 4209.970215 0.000000 0.813878 0.000000 -0.581036 0.400000 0.400000 0.400000
3329.944336 0.000000 4222.424805 0.000000 0.362641 0.000000 -0.931929 0.400000 0.400000 0.400000
3376.652832 0.000000 4198.728516 0.000000 0.131753 0.000000 -0.991283 0.400000 0.400000 0.400000
3350.406982 0.000000 4213.503418 0.000000 0.337846 0.000000 0.941201 0.400000 0.400000 0.400000
3345.443604 0.000000 4189.166504 0.000000 0.629501 0.000000 0.777000 0.400000 0.400000 0.400000
3337.059326 0.000000 4220.350586 0.000000 0.923644 0.000000 -0.383251 0.400000 0.400000 0.400000
3354.578125 0.000000 4217.223633 0.000000 0.673727 0.000000 -0.738981 0.400000 0.400000 0.400000
3334.711914 0.000000 4211.563965 0.000000 0.999817 0.000000 -0.019127 0.400000 0.400000 0.400000
3346.401611 0.000000 4195.824219 0.000000 0.054059 0.000000 0.998538 0.400000 0.400000 0.400000
3373.396484 0.000000 4209.891113 0.000000 0.973571 0.000000 0.228386 0.400000 0.400000 0.400000
3373.364502 0.000000 4202.064453 0.000000 0.951983 0.000000 -0.306151 0.400000 0.400000 0.400000
3354.388428 0.000000 4211.351562 0.000000 0.759328 0.000000 0.650708 0.400000 0.400000 0.400000
3331.757812 0.000000 4198.455078 0.000000 0.594629 0.000000 0.804001 0.400000 0.400000 0.400000
3337.400146 0.000000 4196.418945 0.000000 0.896396 0.000000 -0.443253 0.400000 0.400000 0.400000
3339.563721 0.000000 4199.674316 0.000000 0.328403 0.000000 -0.944538 0.400000 0.400000 0.400000
3346.590088 0.000000 4192.337402 0.000000 0.505995 0.000000 -0.862537 0.400000 0.400000 0.400000
3355.843994 0.000000 4214.250488 0.000000 0.232674 0.000000 -0.972555 0.400000 0.400000 0.400000
3588.706299 0.000000 3907.894043 0.000000 0.834089 0.000000 -0.551629 0.400000 0.400000 0.400000
3592.932373 0.000000 3907.082031 0.000000 0.999575 0.000000 0.029159 0.400000 0.400000 0.400000
3589.036621 0.000000 3911.814697 0.000000 0.995937 0.000000 -0.090049 0.400000 0.400000 0.400000
3591.140137 0.000000 3909.556885 0.000000 0.448494 0.000000 0.893786 0.400000 0.400000 0.400000
3707.907959 0.000000 3908.863525 0.000000 0.494069 0.000000 0.869423 0.400000 0.400000 0.400000
3586.187988 0.000000 3941.562988 0.000000 0.085574 0.000000 -0.996332 0.400000 0.400000 0.400000
3587.448486 0.000000 3945.299561 0.000000 0.218043 0.000000 -0.975939 0.400000 0.400000 0.400000
3827.965820 0.000000 3884.259277 0.000000 0.928760 0.000000 -0.370681 0.400000 0.400000 0.400000
3835.860352 0.000000 3874.730225 0.000000 0.739579 0.000000 0.673070 0.400000 0.400000 0.400000
3823.992188 0.000000 3898.057617 0.000000 0.993267 0.000000 -0.115848 0.400000 0.400000 0.400000
3853.521729 0.000000 3888.245361 0.000000 0.570679 0.000000 0.821173 0.400000 0.400000 0.400000
3862.139404 0.000000 3885.102783 0.000000 0.913785 0.000000 0.406197 0.400000 0.400000 0.400000
3847.642822 0.000000 3892.255615 0.000000 0.822786 0.000000 0.568352 0.400000 0.400000 0.400000
3676.114014 0.000000 4112.317871 0.000000 0.197920 0.000000 0.980218 0.400000 0.400000 0.400000
3323.492432 0.000000 4231.670410 0.000000 0.940717 0.000000 -0.339191 0.400000 0.400000 0.400000
3330.920898 0.000000 4229.536133 0.000000 0.976586 0.000000 0.215127 0.400000 0.400000 0.400000
3357.908691 0.000000 4223.597168 0.000000 0.706074 0.000000 -0.708138 0.400000 0.400000 0.400000
3705.559814 0.000000 4250.720703 0.000000 0.659956 0.000000 0.751305 0.400000 0.400000 0.400000
3699.484375 0.000000 4267.141602 0.000000 0.536841 0.000000 0.843684 0.400000 0.400000 0.400000
3707.875977 0.000000 4226.667969 0.000000 0.584579 0.000000 0.811337 0.400000 0.400000 0.400000
3697.260010 0.000000 4226.231445 0.000000 0.828549 0.000000 -0.559916 0.400000 0.400000 0.400000
3703.251221 0.000000 4259.207520 0.000000 0.749133 0.000000 -0.662420 0.400000 0.400000 0.400000
3685.262939 0.000000 4251.277344 0.000000 0.628919 0.000000 0.777471 0.400000 0.400000 0.400000
3702.364258 0.000000 4230.354004 0.000000 0.639251 0.000000 0.768998 0.400000 0.400000 0.400000
3705.263672 0.000000 4265.258789 0.000000 0.319144 0.000000 0.947706 0.400000 0.400000 0.400000
3690.626221 0.000000 4227.379883 0.000000 0.648687 0.000000 -0.761055 0.400000 0.400000 0.400000
3695.526367 0.000000 4231.712891 0.000000 0.421522 0.000000 0.906818 0.400000 0.400000 0.400000
3690.646973 0.000000 4250.102051 0.000000 0.270595 0.000000 0.962693 0.400000 0.400000 0.400000
3707.445557 0.000000 4231.670410 0.000000 0.382853 0.000000 -0.923809 0.400000 0.400000 0.400000
3707.907959 0.000000 4260.800781 0.000000 0.773772 0.000000 0.633464 0.400000 0.400000 0.400000
3685.443359 0.000000 4234.218262 0.000000 0.769727 0.000000 0.638373 0.400000 0.400000 0.400000
3700.019287 0.000000 4259.302734 0.000000 0.003354 0.000000 -0.999994 0.400000 0.400000 0.400000
3702.786621 0.000000 4268.819336 0.000000 0.977645 0.000000 -0.210262 0.400000 0.400000 0.400000
3711.591797 0.000000 4234.494629 0.000000 0.783819 0.000000 0.620989 0.400000 0.400000 0.400000
4083.437500 0.000000 4267.141602 0.000000 0.984645 0.000000 -0.174570 0.400000 0.400000 0.400000
4079.960938 0.000000 4249.995117 0.000000 0.819937 0.000000 0.572454 0.400000 0.400000 0.400000
4093.499512 0.000000 4236.511230 0.000000 0.660999 0.000000 -0.750387 0.400000 0.400000 0.400000
4088.338135 0.000000 4242.886230 0.000000 0.796775 0.000000 0.604276 0.400000 0.400000 0.400000
4077.200684 0.000000 4264.345703 0.000000 0.829742 0.000000 0.558147 0.400000 0.400000 0.400000
4088.684326 0.000000 4238.012207 0.000000 0.247152 0.000000 0.968977 0.400000 0.400000 0.400000
4092.860107 0.000000 4241.374023 0.000000 0.565250 0.000000 -0.824920 0.400000 0.400000 0.400000
4077.310547 0.000000 4253.883301 0.000000 0.185799 0.000000 -0.982588 0.400000 0.400000 0.400000
4084.594482 0.000000 4240.649902 0.000000 0.898429 0.000000 -0.439119 0.400000 0.400000 0.400000
4088.072998 0.000000 4234.065918 0.000000 0.138412 0.000000 0.990375 0.400000 0.400000 0.400000
4081.514404 0.000000 4246.231445 0.000000 0.296896 0.000000 0.954910 0.400000 0.400000 0.400000
4083.154053 0.000000 4249.754395 0.000000 0.188913 0.000000 0.981994 0.400000 0.400000 0.400000
4061.033691 0.000000 4275.721680 0.000000 0.390749 0.000000 0.920497 0.400000 0.400000 0.400000
4067.634033 0.000000 4273.768066 0.000000 0.922666 0.000000 -0.385600 0.400000 0.400000 0.400000
4074.579346 0.000000 4271.372070 0.000000 0.766432 0.000000 -0.642325 0.400000 0.400000 0.400000
3237.317627 0.000000 4911.160156 0.000000 0.930464 0.000000 -0.366384 0.400000 0.400000 0.400000
3230.828125 0.000000 4909.705078 0.000000 0.661023 0.000000 0.750365 0.400000 0.400000 0.400000
2297.731689 0.000000 4998.587891 0.000000 0.959182 0.000000 -0.282789 0.400000 0.400000 0.400000
2295.423096 0.000000 5007.074707 0.000000 0.923015 0.000000 -0.384764 0.400000 0.400000 0.400000
2292.735352 0.000000 5000.441406 0.000000 0.119985 0.000000 -0.992776 0.400000 0.400000 0.400000
2296.750732 0.000000 4995.207520 0.000000 0.876571 0.000000 0.481273 0.400000 0.400000 0.400000
2294.758057 0.000000 4997.853027 0.000000 0.991576 0.000000 0.129525 0.400000 0.400000 0.400000
2304.107422 0.000000 4993.025879 0.000000 0.040799 0.000000 0.999167 0.400000 0.400000 0.400000
2311.830322 0.000000 4992.060059 0.000000 0.608895 0.000000 -0.793251 0.400000 0.400000 0.400000
2317.512939 0.000000 4994.850098 0.000000 0.992929 0.000000 -0.118710 0.400000 0.400000 0.400000
4194.625000 0.000000 3622.514893 0.000000 0.148442 0.000000 -0.988921 0.400000 0.400000 0.400000
4193.295898 0.000000 3637.482910 0.000000 0.469565 0.000000 -0.882898 0.400000 0.400000 0.400000
4198.360352 0.000000 3651.454102 0.000000 0.816658 0.000000 -0.577121 0.400000 0.400000 0.400000
4185.726074 0.000000 3662.927002 0.000000 0.778059 0.000000 0.628191 0.400000 0.400000 0.400000
4188.051270 0.000000 3716.387939 0.000000 0.531223 0.000000 0.847232 0.400000 0.400000 0.400000
4189.564453 0.000000 3738.105957 0.000000 0.683841 0.000000 -0.729631 0.400000 0.400000 0.400000
4178.275391 0.000000 3742.337891 0.000000 0.859205 0.000000 0.511631 0.400000 0.400000 0.400000
4189.018066 0.000000 3747.815430 0.000000 0.994001 0.000000 -0.109373 0.400000 0.400000 0.400000
4189.807129 0.000000 3739.682861 0.000000 0.995632 0.000000 0.093365 0.400000 0.400000 0.400000
4147.429688 0.000000 4223.149414 0.000000 0.488016 0.000000 0.872835 0.400000 0.400000 0.400000
4116.465820 0.000000 4263.847168 0.000000 0.874956 0.000000 0.484203 0.400000 0.400000 0.400000
4109.490234 0.000000 4240.183105 0.000000 0.959821 0.000000 -0.280612 0.400000 0.400000 0.400000
4126.576172 0.000000 4256.612305 0.000000 0.178044 0.000000 -0.984022 0.400000 0.400000 0.400000
4155.821289 0.000000 4226.667969 0.000000 0.995424 0.000000 0.095556 0.400000 0.400000 0.400000
4145.205566 0.000000 4226.231445 0.000000 0.753719 0.000000 0.657197 0.400000 0.400000 0.400000
4115.989258 0.000000 4244.539551 0.000000 0.259382 0.000000 0.965775 0.400000 0.400000 0.400000
4103.611328 0.000000 4244.192871 0.000000 0.968706 0.000000 -0.248211 0.400000 0.400000 0.400000
4126.718750 0.000000 4249.822266 0.000000 0.287957 0.000000 -0.957643 0.400000 0.400000 0.400000
4113.349609 0.000000 4233.158691 0.000000 0.960381 0.000000 0.278690 0.400000 0.400000 0.400000
4122.484375 0.000000 4261.215820 0.000000 0.717353 0.000000 -0.696710 0.400000 0.400000 0.400000
4150.731934 0.000000 4224.827148 0.000000 0.792082 0.000000 -0.610414 0.400000 0.400000 0.400000
4156.118164 0.000000 4246.356934 0.000000 0.989048 0.000000 0.147592 0.400000 0.400000 0.400000
4155.390625 0.000000 4231.670410 0.000000 0.659099 0.000000 0.752056 0.400000 0.400000 0.400000
4114.308105 0.000000 4239.816406 0.000000 0.521252 0.000000 0.853403 0.400000 0.400000 0.400000
4127.038086 0.000000 4261.838867 0.000000 0.411795 0.000000 -0.911277 0.400000 0.400000 0.400000
4121.733887 0.000000 4234.825684 0.000000 0.880868 0.000000 -0.473362 0.400000 0.400000 0.400000
4110.390625 0.000000 4236.144043 0.000000 0.991698 0.000000 0.128592 0.400000 0.400000 0.400000
4105.306641 0.000000 4240.411133 0.000000 0.997070 0.000000 -0.076492 0.400000 0.400000 0.400000
4152.524414 0.000000 4247.340332 0.000000 0.991917 0.000000 0.126887 0.400000 0.400000 0.400000
4114.496582 0.000000 4236.329590 0.000000 0.175341 0.000000 0.984508 0.400000 0.400000 0.400000
4116.540527 0.000000 4234.054688 0.000000 0.863287 0.000000 -0.504714 0.400000 0.400000 0.400000
4120.427734 0.000000 4238.761719 0.000000 0.706683 0.000000 0.707530 0.400000 0.400000 0.400000
4159.880859 0.000000 4245.158691 0.000000 0.945715 0.000000 0.324996 0.400000 0.400000 0.400000
4223.228027 0.000000 4264.463379 0.000000 0.039937 0.000000 -0.999202 0.400000 0.400000 0.400000
4190.568359 0.000000 4256.612305 0.000000 0.032059 0.000000 0.999486 0.400000 0.400000 0.400000
4211.421875 0.000000 4267.141602 0.000000 0.982646 0.000000 -0.185491 0.400000 0.400000 0.400000
4207.945312 0.000000 4249.995117 0.000000 0.277790 0.000000 0.960642 0.400000 0.400000 0.400000
4182.100098 0.000000 4237.040039 0.000000 0.726112 0.000000 -0.687577 0.400000 0.400000 0.400000
4221.483887 0.000000 4236.511230 0.000000 0.503349 0.000000 -0.864083 0.400000 0.400000 0.400000
4165.383789 0.000000 4237.704102 0.000000 0.983530 0.000000 0.180742 0.400000 0.400000 0.400000
4196.319336 0.000000 4261.763672 0.000000 0.389564 0.000000 0.920999 0.400000 0.400000 0.400000
4208.551270 0.000000 4242.720703 0.000000 0.942831 0.000000 -0.333271 0.400000 0.400000 0.400000
4209.406250 0.000000 4256.732422 0.000000 0.838567 0.000000 -0.544798 0.400000 0.400000 0.400000
4190.710938 0.000000 4249.822266 0.000000 0.728777 0.000000 -0.684751 0.400000 0.400000 0.400000
4187.449707 0.000000 4238.841797 0.000000 0.900365 0.000000 -0.435135 0.400000 0.400000 0.400000
4212.996094 0.000000 4247.341797 0.000000 0.975619 0.000000 0.219470 0.400000 0.400000 0.400000
4202.584473 0.000000 4250.102051 0.000000 0.427523 0.000000 0.904004 0.400000 0.400000 0.400000
4198.126465 0.000000 4256.458496 0.000000 0.110581 0.000000 -0.993867 0.400000 0.400000 0.400000
4219.382812 0.000000 4231.670410 0.000000 0.989011 0.000000 0.147839 0.400000 0.400000 0.400000
4184.665527 0.000000 4266.465332 0.000000 0.169084 0.000000 0.985602 0.400000 0.400000 0.400000
4205.294922 0.000000 4253.883301 0.000000 0.361626 0.000000 0.932323 0.400000 0.400000 0.400000
4206.390137 0.000000 4260.400879 0.000000 0.815532 0.000000 0.578712 0.400000 0.400000 0.400000
4216.057617 0.000000 4234.065918 0.000000 0.994486 0.000000 0.104872 0.400000 0.400000 0.400000
4209.498535 0.000000 4246.231445 0.000000 0.448361 0.000000 -0.893853 0.400000 0.400000 0.400000
4212.650391 0.000000 4244.047363 0.000000 0.830163 0.000000 -0.557521 0.400000 0.400000 0.400000
4215.277344 0.000000 4240.332520 0.000000 0.322374 0.000000 0.946612 0.400000 0.400000 0.400000
4134.368164 0.000000 4267.344727 0.000000 0.821757 0.000000 0.569838 0.400000 0.400000 0.400000
4155.390625 0.000000 4275.662598 0.000000 0.085473 0.000000 -0.996341 0.400000 0.400000 0.400000
4198.360352 0.000000 4267.344727 0.000000 0.241072 0.000000 -0.970507 0.400000 0.400000 0.400000
4189.018066 0.000000 4275.721680 0.000000 0.228529 0.000000 0.973537 0.400000 0.400000 0.400000
4219.813477 0.000000 4270.660156 0.000000 0.808635 0.000000 0.588310 0.400000 0.400000 0.400000
4209.197754 0.000000 4270.223633 0.000000 0.540894 0.000000 0.841091 0.400000 0.400000 0.400000
4184.429688 0.000000 4271.022949 0.000000 0.166987 0.000000 0.985959 0.400000 0.400000 0.400000
4177.341797 0.000000 4277.150879 0.000000 0.010722 0.000000 -0.999943 0.400000 0.400000 0.400000
4202.563477 0.000000 4271.372070 0.000000 0.937372 0.000000 0.348329 0.400000 0.400000 0.400000
4163.822266 0.000000 4267.996094 0.000000 0.558556 0.000000 -0.829467 0.400000 0.400000 0.400000
4182.747070 0.000000 4275.953613 0.000000 0.691497 0.000000 -0.722379 0.400000 0.400000 0.400000
4197.380859 0.000000 4278.210449 0.000000 0.996226 0.000000 -0.086794 0.400000 0.400000 0.400000
4204.907715 0.000000 4267.306152 0.000000 0.812668 0.000000 0.582727 0.400000 0.400000 0.400000
4159.696777 0.000000 4269.926270 0.000000 0.406690 0.000000 -0.913566 0.400000 0.400000 0.400000
4225.834961 0.000000 4266.416992 0.000000 0.150346 0.000000 0.988634 0.400000 0.400000 0.400000
4226.811523 0.000000 4273.528320 0.000000 0.966833 0.000000 -0.255408 0.400000 0.400000 0.400000
"}
