object={
	name="tree_mangrove_02_generator_1_0"
	clamp_to_water_level=no
	render_under_water=no
	generated_content=yes
	layer="tree_high_layer"
	pdxmesh="tree_graht_01_a_mesh"
	count=6
	transform="3647.144775 0.000000 754.578308 0.000000 0.156942 0.000000 0.987608 0.572481 0.572481 0.572481
3610.110352 0.000000 748.167114 0.000000 0.860413 0.000000 0.509597 0.590789 0.590789 0.590789
3672.492188 0.000000 751.647949 0.000000 0.832598 0.000000 0.553878 0.594724 0.594724 0.594724
3674.714844 0.000000 757.121643 0.000000 0.380565 0.000000 0.924754 0.554028 0.554028 0.554028
3379.309326 0.000000 4301.504883 0.000000 0.046214 0.000000 0.998932 0.474397 0.474397 0.474397
3306.673340 0.000000 4843.270996 0.000000 0.557063 0.000000 0.830470 0.583119 0.583119 0.583119
"}
object={
	name="tree_mangrove_02_generator_1_1"
	clamp_to_water_level=no
	render_under_water=no
	generated_content=yes
	layer="tree_high_layer"
	pdxmesh="tree_graht_01_b_mesh"
	count=11
	transform="3627.240967 0.000000 738.559326 0.000000 0.992036 0.000000 -0.125959 0.601135 0.601135 0.601135
3620.389893 0.000000 742.388733 0.000000 0.915195 0.000000 -0.403011 0.601864 0.601864 0.601864
3622.197266 0.000000 737.083435 0.000000 0.942040 0.000000 0.335500 0.593850 0.593850 0.593850
3616.760254 0.000000 731.077271 0.000000 0.993549 0.000000 -0.113405 0.605703 0.605703 0.605703
3625.437500 0.000000 746.568237 0.000000 0.999470 0.000000 0.032548 0.598123 0.598123 0.598123
3657.629883 0.000000 742.032776 0.000000 0.981311 0.000000 -0.192427 0.607541 0.607541 0.607541
3646.276123 0.000000 757.660706 0.000000 0.994419 0.000000 0.105503 0.595883 0.595883 0.595883
3633.775635 0.000000 761.506531 0.000000 0.985135 0.000000 -0.171782 0.610085 0.610085 0.610085
3622.727295 0.000000 749.792114 0.000000 0.977548 0.000000 -0.210715 0.613675 0.613675 0.613675
301.384308 0.000000 1495.798340 0.000000 0.972293 0.000000 0.233766 0.594875 0.594875 0.594875
3322.924072 0.000000 4339.746094 0.000000 0.923020 0.000000 0.384753 0.555926 0.555926 0.555926
"}
object={
	name="tree_mangrove_02_generator_1_2"
	clamp_to_water_level=no
	render_under_water=no
	generated_content=yes
	layer="tree_high_layer"
	pdxmesh="tree_graht_01_c_mesh"
	count=12
	transform="3608.736084 0.000000 747.090210 0.000000 0.125044 0.000000 -0.992151 0.619486 0.619486 0.619486
3636.895020 0.000000 746.461060 0.000000 0.323634 0.000000 -0.946182 0.696682 0.696682 0.696682
3659.939209 0.000000 743.403381 0.000000 0.146587 0.000000 -0.989198 0.655447 0.655447 0.655447
3613.877686 0.000000 748.214233 0.000000 0.610915 0.000000 -0.791696 0.613685 0.613685 0.613685
3624.249023 0.000000 750.908508 0.000000 0.159067 0.000000 -0.987268 0.654955 0.654955 0.654955
3637.524414 0.000000 747.940552 0.000000 0.820198 0.000000 -0.572080 0.647439 0.647439 0.647439
3655.666504 0.000000 768.810364 0.000000 0.142834 0.000000 -0.989747 0.623521 0.623521 0.623521
3673.805908 0.000000 754.784241 0.000000 0.149821 0.000000 -0.988713 0.653192 0.653192 0.653192
3652.409912 0.000000 751.574707 0.000000 0.820372 0.000000 -0.571830 0.620061 0.620061 0.620061
3661.562988 0.000000 754.736816 0.000000 0.266382 0.000000 -0.963868 0.650675 0.650675 0.650675
299.061035 0.000000 1478.594116 0.000000 0.551785 0.000000 -0.833986 0.616990 0.616990 0.616990
3378.946045 0.000000 4298.541992 0.000000 0.707563 0.000000 -0.706650 0.629975 0.629975 0.629975
"}
