object={
	name="tree_savanna_generator_1_0"
	clamp_to_water_level=no
	render_under_water=no
	generated_content=yes
	layer="tree_high_layer"
	pdxmesh="tree_acacia_01_mesh"
	count=79
	transform="3834.723389 0.000000 503.451843 0.000000 0.625938 0.000000 0.779873 1.000000 1.000000 1.000000
3813.128418 0.000000 461.622925 0.000000 0.366392 0.000000 -0.930461 1.000000 1.000000 1.000000
3813.532959 0.000000 459.027466 0.000000 0.675328 0.000000 0.737518 1.000000 1.000000 1.000000
3545.382324 0.000000 1022.865601 0.000000 0.853351 0.000000 0.521337 1.000000 1.000000 1.000000
3827.409668 0.000000 553.581482 0.000000 0.978322 0.000000 0.207089 1.000000 1.000000 1.000000
3803.967773 0.000000 600.506348 0.000000 0.014455 0.000000 0.999896 1.000000 1.000000 1.000000
3916.702393 0.000000 538.940857 0.000000 0.997735 0.000000 -0.067274 1.000000 1.000000 1.000000
3926.006592 0.000000 638.566833 0.000000 0.003499 0.000000 0.999994 1.000000 1.000000 1.000000
3922.757324 0.000000 621.423828 0.000000 0.495782 0.000000 0.868447 1.000000 1.000000 1.000000
3876.864990 0.000000 701.273438 0.000000 0.291636 0.000000 0.956529 1.000000 1.000000 1.000000
3913.885254 0.000000 701.541626 0.000000 0.971683 0.000000 -0.236289 1.000000 1.000000 1.000000
3931.699463 0.000000 657.422485 0.000000 0.698936 0.000000 -0.715184 1.000000 1.000000 1.000000
3906.088623 0.000000 642.762695 0.000000 0.983900 0.000000 -0.178721 1.000000 1.000000 1.000000
3907.940186 0.000000 736.845215 0.000000 0.983823 0.000000 -0.179144 1.000000 1.000000 1.000000
3674.524170 0.000000 809.617981 0.000000 0.626262 0.000000 0.779613 1.000000 1.000000 1.000000
3635.367676 0.000000 893.829956 0.000000 0.627753 0.000000 0.778412 1.000000 1.000000 1.000000
3658.526611 0.000000 875.471558 0.000000 0.233788 0.000000 0.972288 1.000000 1.000000 1.000000
3751.781738 0.000000 779.847473 0.000000 0.964969 0.000000 0.262364 1.000000 1.000000 1.000000
3615.792236 0.000000 926.131470 0.000000 0.564543 0.000000 -0.825403 1.000000 1.000000 1.000000
3670.528076 0.000000 927.213135 0.000000 0.997034 0.000000 -0.076958 1.000000 1.000000 1.000000
3684.303467 0.000000 917.429565 0.000000 0.002446 0.000000 0.999997 1.000000 1.000000 1.000000
3673.107666 0.000000 919.480957 0.000000 0.344683 0.000000 0.938719 1.000000 1.000000 1.000000
3676.327148 0.000000 975.076416 0.000000 0.236323 0.000000 0.971675 1.000000 1.000000 1.000000
3700.228027 0.000000 1006.084900 0.000000 0.882599 0.000000 0.470126 1.000000 1.000000 1.000000
3700.438721 0.000000 967.068848 0.000000 0.994668 0.000000 0.103125 1.000000 1.000000 1.000000
3692.770264 0.000000 996.155151 0.000000 0.394424 0.000000 0.918929 1.000000 1.000000 1.000000
3687.789551 0.000000 971.800598 0.000000 0.067805 0.000000 0.997699 1.000000 1.000000 1.000000
3692.975342 0.000000 985.635803 0.000000 0.891835 0.000000 -0.452361 1.000000 1.000000 1.000000
3688.796631 0.000000 1018.697998 0.000000 0.800610 0.000000 -0.599186 1.000000 1.000000 1.000000
3742.262695 0.000000 931.590027 0.000000 0.881169 0.000000 0.472802 1.000000 1.000000 1.000000
3726.915283 0.000000 936.441162 0.000000 0.122146 0.000000 0.992512 1.000000 1.000000 1.000000
3745.335938 0.000000 980.677612 0.000000 0.926803 0.000000 0.375549 1.000000 1.000000 1.000000
3711.919434 0.000000 963.058716 0.000000 0.118571 0.000000 0.992946 1.000000 1.000000 1.000000
3722.919434 0.000000 997.573669 0.000000 0.173197 0.000000 0.984887 1.000000 1.000000 1.000000
3922.263916 0.000000 773.855469 0.000000 0.997519 0.000000 -0.070399 1.000000 1.000000 1.000000
3441.487061 0.000000 1120.420288 0.000000 0.071750 0.000000 0.997423 1.000000 1.000000 1.000000
3496.736816 0.000000 1053.904663 0.000000 0.957399 0.000000 -0.288768 1.000000 1.000000 1.000000
3500.965088 0.000000 1070.143921 0.000000 0.286146 0.000000 0.958186 1.000000 1.000000 1.000000
3539.208984 0.000000 1032.773560 0.000000 0.736455 0.000000 -0.676486 1.000000 1.000000 1.000000
3538.310791 0.000000 1029.792969 0.000000 0.360902 0.000000 -0.932604 1.000000 1.000000 1.000000
3575.394775 0.000000 1037.441772 0.000000 0.970893 0.000000 -0.239514 1.000000 1.000000 1.000000
3452.477539 0.000000 1200.042358 0.000000 0.908744 0.000000 0.417354 1.000000 1.000000 1.000000
3449.963379 0.000000 1217.671509 0.000000 0.732618 0.000000 -0.680640 1.000000 1.000000 1.000000
3461.139648 0.000000 1210.274780 0.000000 0.965110 0.000000 0.261845 1.000000 1.000000 1.000000
3465.253418 0.000000 1225.948608 0.000000 0.696825 0.000000 -0.717241 1.000000 1.000000 1.000000
3458.340576 0.000000 1245.245239 0.000000 0.440479 0.000000 0.897763 1.000000 1.000000 1.000000
3455.652832 0.000000 1246.778564 0.000000 0.989303 0.000000 0.145878 1.000000 1.000000 1.000000
3491.556152 0.000000 1274.900146 0.000000 0.284781 0.000000 0.958593 1.000000 1.000000 1.000000
3488.738037 0.000000 1272.145874 0.000000 0.767928 0.000000 -0.640536 1.000000 1.000000 1.000000
3520.071289 0.000000 1266.819702 0.000000 0.948956 0.000000 0.315410 1.000000 1.000000 1.000000
3519.777832 0.000000 1262.138428 0.000000 0.992204 0.000000 -0.124627 1.000000 1.000000 1.000000
3488.273193 0.000000 1285.732666 0.000000 0.693210 0.000000 -0.720736 1.000000 1.000000 1.000000
3488.153564 0.000000 1281.493042 0.000000 0.999117 0.000000 0.042018 1.000000 1.000000 1.000000
3541.072754 0.000000 1305.951660 0.000000 0.435575 0.000000 0.900152 1.000000 1.000000 1.000000
3545.823486 0.000000 1326.072876 0.000000 0.541511 0.000000 0.840694 1.000000 1.000000 1.000000
3555.583984 0.000000 1316.828247 0.000000 0.679464 0.000000 0.733709 1.000000 1.000000 1.000000
3542.652588 0.000000 1327.161133 0.000000 0.880356 0.000000 0.474314 1.000000 1.000000 1.000000
3538.804199 0.000000 1325.251953 0.000000 0.772939 0.000000 -0.634480 1.000000 1.000000 1.000000
3557.077148 0.000000 1315.183228 0.000000 0.183005 0.000000 0.983112 1.000000 1.000000 1.000000
3561.987549 0.000000 1381.005737 0.000000 0.997801 0.000000 -0.066286 1.000000 1.000000 1.000000
3599.768311 0.000000 1050.337646 0.000000 0.917732 0.000000 -0.397199 1.000000 1.000000 1.000000
3623.490234 0.000000 1049.333740 0.000000 0.357212 0.000000 -0.934023 1.000000 1.000000 1.000000
3631.736572 0.000000 1063.198730 0.000000 0.334424 0.000000 0.942423 1.000000 1.000000 1.000000
3638.321289 0.000000 1072.274780 0.000000 0.036591 0.000000 -0.999330 1.000000 1.000000 1.000000
3673.012695 0.000000 1025.412476 0.000000 0.852359 0.000000 0.522958 1.000000 1.000000 1.000000
3663.596680 0.000000 1031.305908 0.000000 0.963566 0.000000 0.267470 1.000000 1.000000 1.000000
3665.444824 0.000000 1031.924072 0.000000 0.029042 0.000000 -0.999578 1.000000 1.000000 1.000000
3882.139893 0.000000 1071.584839 0.000000 0.171417 0.000000 0.985199 1.000000 1.000000 1.000000
3605.627197 0.000000 1324.310303 0.000000 0.938293 0.000000 -0.345842 1.000000 1.000000 1.000000
3620.910400 0.000000 1376.802246 0.000000 0.978838 0.000000 0.204635 1.000000 1.000000 1.000000
3604.342773 0.000000 1361.515381 0.000000 0.201866 0.000000 -0.979413 1.000000 1.000000 1.000000
3602.760742 0.000000 1359.425049 0.000000 0.343733 0.000000 0.939067 1.000000 1.000000 1.000000
3375.143799 0.000000 1537.053101 0.000000 0.915963 0.000000 -0.401262 1.000000 1.000000 1.000000
3379.534424 0.000000 1536.061768 0.000000 0.225289 0.000000 0.974292 1.000000 1.000000 1.000000
4403.669434 0.000000 219.650482 0.000000 0.071249 0.000000 0.997459 1.000000 1.000000 1.000000
4399.176758 0.000000 318.138702 0.000000 0.421610 0.000000 -0.906777 1.000000 1.000000 1.000000
4422.686523 0.000000 379.232239 0.000000 0.087890 0.000000 -0.996130 1.000000 1.000000 1.000000
4353.697754 0.000000 384.936340 0.000000 0.790950 0.000000 0.611880 1.000000 1.000000 1.000000
5148.082520 0.000000 794.113464 0.000000 0.229268 0.000000 0.973363 1.000000 1.000000 1.000000
"}
object={
	name="tree_savanna_generator_1_1"
	clamp_to_water_level=no
	render_under_water=no
	generated_content=yes
	layer="tree_high_layer"
	pdxmesh="tree_acacia_02_mesh"
	count=83
	transform="3833.817627 0.000000 502.193512 0.000000 0.935633 0.000000 -0.352973 1.000000 1.000000 1.000000
3779.218994 0.000000 635.463196 0.000000 0.598033 0.000000 -0.801472 1.000000 1.000000 1.000000
3744.491699 0.000000 741.745850 0.000000 0.024286 0.000000 0.999705 1.000000 1.000000 1.000000
3838.420166 0.000000 722.420776 0.000000 0.684813 0.000000 -0.728719 1.000000 1.000000 1.000000
3957.893311 0.000000 630.634399 0.000000 0.721270 0.000000 0.692654 1.000000 1.000000 1.000000
3919.106689 0.000000 672.792664 0.000000 0.083812 0.000000 0.996482 1.000000 1.000000 1.000000
3912.429199 0.000000 698.490479 0.000000 0.932647 0.000000 -0.360790 1.000000 1.000000 1.000000
3922.610596 0.000000 686.872925 0.000000 0.502954 0.000000 0.864313 1.000000 1.000000 1.000000
3882.516357 0.000000 711.774780 0.000000 0.856487 0.000000 -0.516169 1.000000 1.000000 1.000000
3851.388916 0.000000 719.256714 0.000000 0.682870 0.000000 0.730540 1.000000 1.000000 1.000000
3897.834717 0.000000 735.817200 0.000000 0.452180 0.000000 -0.891927 1.000000 1.000000 1.000000
3839.602539 0.000000 722.405518 0.000000 0.599323 0.000000 -0.800507 1.000000 1.000000 1.000000
3904.237305 0.000000 737.993774 0.000000 0.508750 0.000000 0.860914 1.000000 1.000000 1.000000
3677.059082 0.000000 769.536133 0.000000 0.794080 0.000000 0.607813 1.000000 1.000000 1.000000
3685.538574 0.000000 825.237366 0.000000 0.552220 0.000000 0.833698 1.000000 1.000000 1.000000
3759.789551 0.000000 816.011536 0.000000 0.196499 0.000000 0.980504 1.000000 1.000000 1.000000
3722.928467 0.000000 832.583740 0.000000 0.989184 0.000000 -0.146677 1.000000 1.000000 1.000000
3727.987793 0.000000 877.154968 0.000000 0.135968 0.000000 0.990713 1.000000 1.000000 1.000000
3742.480469 0.000000 860.056274 0.000000 0.999538 0.000000 -0.030388 1.000000 1.000000 1.000000
3725.954102 0.000000 833.364868 0.000000 0.553520 0.000000 0.832836 1.000000 1.000000 1.000000
3672.569824 0.000000 918.113403 0.000000 0.999600 0.000000 0.028288 1.000000 1.000000 1.000000
3667.193359 0.000000 904.804871 0.000000 0.981285 0.000000 -0.192563 1.000000 1.000000 1.000000
3665.084473 0.000000 895.787048 0.000000 0.967440 0.000000 -0.253101 1.000000 1.000000 1.000000
3662.675049 0.000000 915.129883 0.000000 0.082987 0.000000 0.996551 1.000000 1.000000 1.000000
3682.946045 0.000000 916.564453 0.000000 0.797595 0.000000 -0.603193 1.000000 1.000000 1.000000
3687.876221 0.000000 1021.706238 0.000000 0.352523 0.000000 -0.935803 1.000000 1.000000 1.000000
3688.989502 0.000000 961.836853 0.000000 0.597784 0.000000 0.801657 1.000000 1.000000 1.000000
3688.223145 0.000000 965.054993 0.000000 0.935490 0.000000 -0.353353 1.000000 1.000000 1.000000
3731.095215 0.000000 929.908325 0.000000 0.863862 0.000000 0.503728 1.000000 1.000000 1.000000
3730.495850 0.000000 925.623962 0.000000 0.133105 0.000000 -0.991102 1.000000 1.000000 1.000000
3721.222168 0.000000 970.011108 0.000000 0.828498 0.000000 -0.559992 1.000000 1.000000 1.000000
3713.864258 0.000000 969.227478 0.000000 0.768101 0.000000 0.640329 1.000000 1.000000 1.000000
3714.827637 0.000000 965.637024 0.000000 0.409179 0.000000 -0.912454 1.000000 1.000000 1.000000
3432.766113 0.000000 1073.334351 0.000000 0.449018 0.000000 0.893523 1.000000 1.000000 1.000000
3449.996582 0.000000 1101.259888 0.000000 0.989875 0.000000 0.141944 1.000000 1.000000 1.000000
3417.043945 0.000000 1089.396851 0.000000 0.999574 0.000000 -0.029182 1.000000 1.000000 1.000000
3436.880859 0.000000 1137.172852 0.000000 0.081290 0.000000 0.996691 1.000000 1.000000 1.000000
3456.878174 0.000000 1080.296021 0.000000 0.951803 0.000000 -0.306710 1.000000 1.000000 1.000000
3512.085205 0.000000 1031.943359 0.000000 0.247735 0.000000 0.968828 1.000000 1.000000 1.000000
3572.021729 0.000000 1048.852539 0.000000 0.834145 0.000000 0.551546 1.000000 1.000000 1.000000
3519.604248 0.000000 1062.551147 0.000000 0.498752 0.000000 -0.866745 1.000000 1.000000 1.000000
3574.266357 0.000000 1035.013794 0.000000 0.727053 0.000000 -0.686582 1.000000 1.000000 1.000000
3522.915527 0.000000 1036.812744 0.000000 0.759219 0.000000 -0.650835 1.000000 1.000000 1.000000
3549.962891 0.000000 1055.070435 0.000000 0.724341 0.000000 0.689442 1.000000 1.000000 1.000000
3457.212402 0.000000 1205.438354 0.000000 0.456698 0.000000 0.889622 1.000000 1.000000 1.000000
3508.251465 0.000000 1262.022461 0.000000 0.829377 0.000000 0.558689 1.000000 1.000000 1.000000
3517.745361 0.000000 1266.789307 0.000000 0.857894 0.000000 -0.513827 1.000000 1.000000 1.000000
3519.167236 0.000000 1262.553589 0.000000 0.979347 0.000000 -0.202186 1.000000 1.000000 1.000000
3458.858887 0.000000 1221.574585 0.000000 0.793094 0.000000 0.609100 1.000000 1.000000 1.000000
3480.407715 0.000000 1249.374268 0.000000 0.795117 0.000000 0.606456 1.000000 1.000000 1.000000
3483.887939 0.000000 1250.419067 0.000000 0.456982 0.000000 -0.889476 1.000000 1.000000 1.000000
3517.455322 0.000000 1261.175781 0.000000 0.982011 0.000000 0.188823 1.000000 1.000000 1.000000
3458.143311 0.000000 1218.622070 0.000000 0.640343 0.000000 -0.768089 1.000000 1.000000 1.000000
3493.005127 0.000000 1285.431641 0.000000 0.760972 0.000000 0.648785 1.000000 1.000000 1.000000
3508.029541 0.000000 1304.790039 0.000000 0.027301 0.000000 0.999627 1.000000 1.000000 1.000000
3494.452148 0.000000 1288.547729 0.000000 0.910354 0.000000 0.413831 1.000000 1.000000 1.000000
3485.722412 0.000000 1284.341431 0.000000 0.686372 0.000000 0.727251 1.000000 1.000000 1.000000
3501.424316 0.000000 1300.246094 0.000000 0.135107 0.000000 -0.990831 1.000000 1.000000 1.000000
3539.343994 0.000000 1328.025391 0.000000 0.794695 0.000000 0.607009 1.000000 1.000000 1.000000
3560.984131 0.000000 1314.120483 0.000000 0.989460 0.000000 -0.144803 1.000000 1.000000 1.000000
3541.340820 0.000000 1334.033569 0.000000 0.502416 0.000000 0.864626 1.000000 1.000000 1.000000
3532.078613 0.000000 1332.577026 0.000000 0.834980 0.000000 0.550280 1.000000 1.000000 1.000000
3552.515137 0.000000 1317.605225 0.000000 0.793555 0.000000 0.608499 1.000000 1.000000 1.000000
3556.918213 0.000000 1376.802246 0.000000 0.999653 0.000000 -0.026337 1.000000 1.000000 1.000000
3636.235840 0.000000 1070.069336 0.000000 0.027388 0.000000 0.999625 1.000000 1.000000 1.000000
3624.038330 0.000000 1046.431519 0.000000 0.828371 0.000000 0.560179 1.000000 1.000000 1.000000
3649.056885 0.000000 1039.606445 0.000000 0.759097 0.000000 0.650978 1.000000 1.000000 1.000000
3730.299072 0.000000 1130.093018 0.000000 0.721931 0.000000 0.691966 1.000000 1.000000 1.000000
3873.198730 0.000000 1064.618530 0.000000 0.725655 0.000000 0.688058 1.000000 1.000000 1.000000
3592.709717 0.000000 1360.869995 0.000000 0.934843 0.000000 0.355061 1.000000 1.000000 1.000000
3594.958984 0.000000 1362.467285 0.000000 0.642174 0.000000 0.766559 1.000000 1.000000 1.000000
4389.540527 0.000000 230.115906 0.000000 0.999589 0.000000 -0.028683 1.000000 1.000000 1.000000
4328.718262 0.000000 378.854218 0.000000 0.991002 0.000000 -0.133850 1.000000 1.000000 1.000000
4406.840332 0.000000 276.463776 0.000000 0.969626 0.000000 0.244594 1.000000 1.000000 1.000000
4432.053711 0.000000 259.692230 0.000000 0.726474 0.000000 -0.687194 1.000000 1.000000 1.000000
4353.444336 0.000000 362.933258 0.000000 0.447937 0.000000 -0.894065 1.000000 1.000000 1.000000
4403.894531 0.000000 351.878204 0.000000 0.306708 0.000000 0.951804 1.000000 1.000000 1.000000
4392.266113 0.000000 338.014618 0.000000 0.999681 0.000000 0.025257 1.000000 1.000000 1.000000
4422.285645 0.000000 334.825409 0.000000 0.450569 0.000000 0.892742 1.000000 1.000000 1.000000
4352.000488 0.000000 384.056091 0.000000 0.500144 0.000000 -0.865942 1.000000 1.000000 1.000000
4444.072754 0.000000 389.699066 0.000000 0.912139 0.000000 -0.409880 1.000000 1.000000 1.000000
4298.857910 0.000000 512.661865 0.000000 0.301918 0.000000 -0.953334 1.000000 1.000000 1.000000
4491.311035 0.000000 2318.866211 0.000000 0.197530 0.000000 0.980297 1.000000 1.000000 1.000000
"}
object={
	name="tree_savanna_generator_1_2"
	clamp_to_water_level=no
	render_under_water=no
	generated_content=yes
	layer="tree_high_layer"
	pdxmesh="tree_acacia_03_mesh"
	count=70
	transform="3835.615967 0.000000 443.063446 0.000000 0.926490 0.000000 -0.376320 1.000000 1.000000 1.000000
3832.399658 0.000000 502.750916 0.000000 0.784501 0.000000 -0.620127 1.000000 1.000000 1.000000
3824.158691 0.000000 553.891663 0.000000 0.963114 0.000000 -0.269094 1.000000 1.000000 1.000000
3811.690674 0.000000 723.185791 0.000000 0.955656 0.000000 0.294486 1.000000 1.000000 1.000000
3902.996338 0.000000 665.687195 0.000000 0.998946 0.000000 -0.045898 1.000000 1.000000 1.000000
3918.262939 0.000000 651.008850 0.000000 0.097691 0.000000 0.995217 1.000000 1.000000 1.000000
3918.679199 0.000000 654.473083 0.000000 0.840059 0.000000 0.542496 1.000000 1.000000 1.000000
3899.902344 0.000000 712.418152 0.000000 0.442942 0.000000 -0.896550 1.000000 1.000000 1.000000
3912.324707 0.000000 724.156250 0.000000 0.945631 0.000000 -0.325242 1.000000 1.000000 1.000000
3634.415527 0.000000 895.771973 0.000000 0.978009 0.000000 -0.208564 1.000000 1.000000 1.000000
3634.221436 0.000000 866.619629 0.000000 0.514724 0.000000 0.857356 1.000000 1.000000 1.000000
3709.335938 0.000000 848.262878 0.000000 0.939210 0.000000 0.343343 1.000000 1.000000 1.000000
3659.155029 0.000000 873.377747 0.000000 0.056645 0.000000 -0.998394 1.000000 1.000000 1.000000
3657.052246 0.000000 873.539856 0.000000 0.488864 0.000000 -0.872360 1.000000 1.000000 1.000000
3745.797852 0.000000 828.965515 0.000000 0.319673 0.000000 0.947528 1.000000 1.000000 1.000000
3614.639648 0.000000 907.193604 0.000000 0.465790 0.000000 0.884895 1.000000 1.000000 1.000000
3608.013184 0.000000 908.251282 0.000000 0.590232 0.000000 -0.807234 1.000000 1.000000 1.000000
3706.824219 0.000000 986.358643 0.000000 0.155783 0.000000 0.987791 1.000000 1.000000 1.000000
3696.829834 0.000000 1011.322327 0.000000 0.988183 0.000000 -0.153279 1.000000 1.000000 1.000000
3742.245605 0.000000 944.448364 0.000000 0.123625 0.000000 -0.992329 1.000000 1.000000 1.000000
3763.998291 0.000000 984.868164 0.000000 0.999165 0.000000 -0.040862 1.000000 1.000000 1.000000
3729.921631 0.000000 973.073792 0.000000 0.676364 0.000000 -0.736567 1.000000 1.000000 1.000000
3760.087158 0.000000 984.922119 0.000000 0.610428 0.000000 0.792072 1.000000 1.000000 1.000000
3723.425781 0.000000 972.050110 0.000000 0.367014 0.000000 0.930215 1.000000 1.000000 1.000000
3719.561035 0.000000 996.858948 0.000000 0.999860 0.000000 0.016733 1.000000 1.000000 1.000000
3430.815918 0.000000 1072.447876 0.000000 0.955777 0.000000 0.294091 1.000000 1.000000 1.000000
3414.069092 0.000000 1150.441772 0.000000 0.000655 0.000000 -1.000000 1.000000 1.000000 1.000000
3440.642578 0.000000 1093.486328 0.000000 0.568626 0.000000 0.822596 1.000000 1.000000 1.000000
3420.762451 0.000000 1134.037964 0.000000 0.929387 0.000000 -0.369107 1.000000 1.000000 1.000000
3410.898438 0.000000 1115.177856 0.000000 0.694478 0.000000 0.719514 1.000000 1.000000 1.000000
3489.245605 0.000000 1064.618530 0.000000 0.587232 0.000000 -0.809419 1.000000 1.000000 1.000000
3498.186768 0.000000 1071.584839 0.000000 0.784404 0.000000 -0.620251 1.000000 1.000000 1.000000
3470.317627 0.000000 1034.915039 0.000000 0.420322 0.000000 0.907375 1.000000 1.000000 1.000000
3496.991943 0.000000 1058.182983 0.000000 0.906632 0.000000 -0.421922 1.000000 1.000000 1.000000
3488.717773 0.000000 1082.155884 0.000000 0.919671 0.000000 0.392689 1.000000 1.000000 1.000000
3550.503906 0.000000 1052.009399 0.000000 0.998912 0.000000 -0.046643 1.000000 1.000000 1.000000
3550.286133 0.000000 1059.558716 0.000000 0.695691 0.000000 0.718341 1.000000 1.000000 1.000000
3572.175049 0.000000 1037.029419 0.000000 0.881689 0.000000 -0.471830 1.000000 1.000000 1.000000
3411.224609 0.000000 1160.742310 0.000000 0.992784 0.000000 0.119913 1.000000 1.000000 1.000000
3454.944580 0.000000 1207.788574 0.000000 0.676248 0.000000 -0.736674 1.000000 1.000000 1.000000
3430.459961 0.000000 1160.578979 0.000000 0.495823 0.000000 -0.868424 1.000000 1.000000 1.000000
3454.540283 0.000000 1214.373779 0.000000 0.632275 0.000000 -0.774744 1.000000 1.000000 1.000000
3417.389648 0.000000 1166.252319 0.000000 0.039330 0.000000 0.999226 1.000000 1.000000 1.000000
3452.855957 0.000000 1251.854980 0.000000 0.517240 0.000000 0.855840 1.000000 1.000000 1.000000
3456.878174 0.000000 1208.264771 0.000000 0.701877 0.000000 0.712298 1.000000 1.000000 1.000000
3468.184082 0.000000 1245.336914 0.000000 0.153400 0.000000 0.988164 1.000000 1.000000 1.000000
3461.507324 0.000000 1246.440308 0.000000 0.417544 0.000000 0.908657 1.000000 1.000000 1.000000
3515.304443 0.000000 1261.893188 0.000000 0.264237 0.000000 0.964458 1.000000 1.000000 1.000000
3533.168457 0.000000 1300.470947 0.000000 0.468456 0.000000 0.883487 1.000000 1.000000 1.000000
3540.350586 0.000000 1297.531006 0.000000 0.170810 0.000000 -0.985304 1.000000 1.000000 1.000000
3564.785889 0.000000 1380.061401 0.000000 0.896153 0.000000 0.443745 1.000000 1.000000 1.000000
3565.158691 0.000000 1382.361450 0.000000 0.821803 0.000000 -0.569772 1.000000 1.000000 1.000000
3613.955078 0.000000 1055.070435 0.000000 0.776885 0.000000 0.629642 1.000000 1.000000 1.000000
3650.899902 0.000000 1036.812744 0.000000 0.751643 0.000000 -0.659571 1.000000 1.000000 1.000000
3806.392822 0.000000 1049.307495 0.000000 0.088614 0.000000 0.996066 1.000000 1.000000 1.000000
3835.181885 0.000000 1057.215332 0.000000 0.626141 0.000000 -0.779710 1.000000 1.000000 1.000000
3825.306396 0.000000 1055.055542 0.000000 0.291253 0.000000 -0.956646 1.000000 1.000000 1.000000
3748.751465 0.000000 1133.651978 0.000000 0.591033 0.000000 -0.806648 1.000000 1.000000 1.000000
3864.546387 0.000000 1046.082153 0.000000 0.892981 0.000000 0.450095 1.000000 1.000000 1.000000
3841.621582 0.000000 1065.146851 0.000000 0.986901 0.000000 -0.161325 1.000000 1.000000 1.000000
3599.226807 0.000000 1331.388306 0.000000 0.699146 0.000000 0.714979 1.000000 1.000000 1.000000
3606.290039 0.000000 1357.991577 0.000000 0.171920 0.000000 -0.985111 1.000000 1.000000 1.000000
3597.160645 0.000000 1364.455322 0.000000 0.521839 0.000000 0.853044 1.000000 1.000000 1.000000
3617.570801 0.000000 1372.838989 0.000000 0.391344 0.000000 -0.920245 1.000000 1.000000 1.000000
4403.920410 0.000000 217.055634 0.000000 0.999972 0.000000 0.007465 1.000000 1.000000 1.000000
4355.885254 0.000000 288.954559 0.000000 0.940724 0.000000 0.339174 1.000000 1.000000 1.000000
4455.388672 0.000000 281.521210 0.000000 0.904598 0.000000 -0.426266 1.000000 1.000000 1.000000
4399.018555 0.000000 321.350006 0.000000 0.753461 0.000000 -0.657492 1.000000 1.000000 1.000000
4421.022461 0.000000 378.477905 0.000000 0.093384 0.000000 0.995630 1.000000 1.000000 1.000000
5075.417969 0.000000 756.976685 0.000000 0.629817 0.000000 -0.776743 1.000000 1.000000 1.000000
"}
object={
	name="tree_savanna_generator_1_3"
	clamp_to_water_level=no
	render_under_water=no
	generated_content=yes
	layer="tree_high_layer"
	pdxmesh="tree_acacia_04_mesh"
	count=69
	transform="3840.511719 0.000000 510.002777 0.000000 0.478621 0.000000 0.878022 1.000000 1.000000 1.000000
3776.839111 0.000000 632.405334 0.000000 0.333841 0.000000 0.942629 1.000000 1.000000 1.000000
3717.108398 0.000000 762.384155 0.000000 0.058409 0.000000 0.998293 1.000000 1.000000 1.000000
3804.249268 0.000000 762.524963 0.000000 0.048540 0.000000 -0.998821 1.000000 1.000000 1.000000
3919.729248 0.000000 538.462585 0.000000 0.207090 0.000000 -0.978322 1.000000 1.000000 1.000000
3916.129395 0.000000 541.508789 0.000000 0.847025 0.000000 0.531553 1.000000 1.000000 1.000000
3897.634033 0.000000 657.635376 0.000000 0.814198 0.000000 0.580588 1.000000 1.000000 1.000000
3925.588135 0.000000 684.466492 0.000000 0.216427 0.000000 -0.976299 1.000000 1.000000 1.000000
3928.808594 0.000000 657.796143 0.000000 0.048727 0.000000 0.998812 1.000000 1.000000 1.000000
3934.640625 0.000000 661.305908 0.000000 0.575861 0.000000 0.817547 1.000000 1.000000 1.000000
3864.540527 0.000000 707.613037 0.000000 0.209270 0.000000 -0.977858 1.000000 1.000000 1.000000
3644.440918 0.000000 885.258972 0.000000 0.874138 0.000000 0.485678 1.000000 1.000000 1.000000
3598.291748 0.000000 893.245483 0.000000 0.423452 0.000000 -0.905919 1.000000 1.000000 1.000000
3648.055664 0.000000 882.913452 0.000000 0.378477 0.000000 0.925611 1.000000 1.000000 1.000000
3660.982178 0.000000 888.244934 0.000000 0.328049 0.000000 -0.944661 1.000000 1.000000 1.000000
3760.822021 0.000000 819.369202 0.000000 0.992806 0.000000 -0.119734 1.000000 1.000000 1.000000
3742.407227 0.000000 828.782288 0.000000 0.479447 0.000000 0.877571 1.000000 1.000000 1.000000
3787.597412 0.000000 813.466492 0.000000 0.660484 0.000000 0.750840 1.000000 1.000000 1.000000
3647.927246 0.000000 899.074341 0.000000 0.994154 0.000000 0.107968 1.000000 1.000000 1.000000
3659.337891 0.000000 928.948669 0.000000 0.617756 0.000000 -0.786370 1.000000 1.000000 1.000000
3686.351562 0.000000 926.856323 0.000000 0.574574 0.000000 0.818453 1.000000 1.000000 1.000000
3672.750732 0.000000 1019.850403 0.000000 0.324879 0.000000 -0.945756 1.000000 1.000000 1.000000
3734.520264 0.000000 927.213135 0.000000 0.153982 0.000000 -0.988074 1.000000 1.000000 1.000000
3745.214355 0.000000 936.649841 0.000000 0.619543 0.000000 0.784962 1.000000 1.000000 1.000000
3729.395752 0.000000 927.817505 0.000000 0.522834 0.000000 -0.852434 1.000000 1.000000 1.000000
3964.137207 0.000000 780.256531 0.000000 0.328625 0.000000 -0.944460 1.000000 1.000000 1.000000
3964.543945 0.000000 782.342163 0.000000 0.972605 0.000000 -0.232466 1.000000 1.000000 1.000000
3448.226074 0.000000 1076.104126 0.000000 0.323655 0.000000 0.946175 1.000000 1.000000 1.000000
3418.931152 0.000000 1084.647217 0.000000 0.524669 0.000000 -0.851306 1.000000 1.000000 1.000000
3441.285400 0.000000 1116.118042 0.000000 0.276611 0.000000 0.960982 1.000000 1.000000 1.000000
3406.741699 0.000000 1102.363770 0.000000 0.992616 0.000000 -0.121299 1.000000 1.000000 1.000000
3462.402588 0.000000 1038.653564 0.000000 0.267873 0.000000 -0.963454 1.000000 1.000000 1.000000
3464.718994 0.000000 1036.841919 0.000000 0.666247 0.000000 -0.745731 1.000000 1.000000 1.000000
3521.887695 0.000000 1033.211792 0.000000 0.222056 0.000000 0.975034 1.000000 1.000000 1.000000
3549.140137 0.000000 1047.383179 0.000000 0.620400 0.000000 -0.784286 1.000000 1.000000 1.000000
3485.082520 0.000000 1089.458008 0.000000 0.701578 0.000000 -0.712593 1.000000 1.000000 1.000000
3439.135986 0.000000 1153.146851 0.000000 0.213143 0.000000 -0.977021 1.000000 1.000000 1.000000
3453.753174 0.000000 1202.804932 0.000000 0.944731 0.000000 0.327845 1.000000 1.000000 1.000000
3430.734131 0.000000 1158.165527 0.000000 0.571803 0.000000 0.820391 1.000000 1.000000 1.000000
3453.465088 0.000000 1219.860229 0.000000 0.874818 0.000000 0.484452 1.000000 1.000000 1.000000
3461.155762 0.000000 1215.656372 0.000000 0.960316 0.000000 -0.278916 1.000000 1.000000 1.000000
3486.293945 0.000000 1251.511841 0.000000 0.275161 0.000000 -0.961398 1.000000 1.000000 1.000000
3463.744629 0.000000 1249.886475 0.000000 0.212496 0.000000 -0.977162 1.000000 1.000000 1.000000
3467.681396 0.000000 1221.309448 0.000000 0.899710 0.000000 0.436488 1.000000 1.000000 1.000000
3492.911865 0.000000 1277.132812 0.000000 0.871214 0.000000 -0.490903 1.000000 1.000000 1.000000
3457.807129 0.000000 1216.733154 0.000000 0.374655 0.000000 0.927164 1.000000 1.000000 1.000000
3523.827637 0.000000 1263.064209 0.000000 0.321641 0.000000 -0.946862 1.000000 1.000000 1.000000
3524.254639 0.000000 1260.224121 0.000000 0.959867 0.000000 0.280457 1.000000 1.000000 1.000000
3511.195801 0.000000 1306.846191 0.000000 0.975298 0.000000 0.220893 1.000000 1.000000 1.000000
3490.558594 0.000000 1283.393188 0.000000 0.663037 0.000000 0.748587 1.000000 1.000000 1.000000
3493.167480 0.000000 1293.419800 0.000000 0.707114 0.000000 -0.707100 1.000000 1.000000 1.000000
3548.074463 0.000000 1342.660767 0.000000 0.710514 0.000000 0.703683 1.000000 1.000000 1.000000
3559.417480 0.000000 1319.126587 0.000000 0.810075 0.000000 -0.586326 1.000000 1.000000 1.000000
3542.297852 0.000000 1294.007202 0.000000 0.993704 0.000000 0.112037 1.000000 1.000000 1.000000
3553.617920 0.000000 1314.706177 0.000000 0.898597 0.000000 0.438775 1.000000 1.000000 1.000000
3555.859131 0.000000 1360.221924 0.000000 0.627044 0.000000 0.778984 1.000000 1.000000 1.000000
3560.984131 0.000000 1378.104858 0.000000 0.623746 0.000000 -0.781627 1.000000 1.000000 1.000000
3605.064941 0.000000 1050.014160 0.000000 0.739404 0.000000 -0.673262 1.000000 1.000000 1.000000
3592.000000 0.000000 1063.675537 0.000000 0.817651 0.000000 0.575714 1.000000 1.000000 1.000000
3838.911133 0.000000 1052.590454 0.000000 0.626133 0.000000 0.779716 1.000000 1.000000 1.000000
3838.748291 0.000000 1053.774658 0.000000 0.432916 0.000000 -0.901434 1.000000 1.000000 1.000000
3870.254150 0.000000 1040.895508 0.000000 0.371544 0.000000 -0.928415 1.000000 1.000000 1.000000
3600.604004 0.000000 1363.909302 0.000000 0.958659 0.000000 -0.284556 1.000000 1.000000 1.000000
4352.182617 0.000000 290.103149 0.000000 0.810891 0.000000 -0.585197 1.000000 1.000000 1.000000
4404.988281 0.000000 350.144806 0.000000 0.530337 0.000000 0.847787 1.000000 1.000000 1.000000
4360.615723 0.000000 337.119965 0.000000 0.423071 0.000000 -0.906096 1.000000 1.000000 1.000000
4392.645996 0.000000 339.863922 0.000000 0.940148 0.000000 -0.340768 1.000000 1.000000 1.000000
4355.702148 0.000000 335.815826 0.000000 0.666141 0.000000 -0.745826 1.000000 1.000000 1.000000
4402.565430 0.000000 350.461395 0.000000 0.153962 0.000000 -0.988077 1.000000 1.000000 1.000000
"}
object={
	name="tree_savanna_generator_1_4"
	clamp_to_water_level=no
	render_under_water=no
	generated_content=yes
	layer="tree_high_layer"
	pdxmesh="tree_acacia_05_mesh"
	count=76
	transform="3833.135742 0.000000 504.623566 0.000000 0.471109 0.000000 -0.882075 1.000000 1.000000 1.000000
3676.058838 0.000000 766.801453 0.000000 0.977575 0.000000 0.210589 1.000000 1.000000 1.000000
3761.908691 0.000000 764.220581 0.000000 0.414291 0.000000 -0.910145 1.000000 1.000000 1.000000
3747.560547 0.000000 740.968872 0.000000 0.368307 0.000000 -0.929704 1.000000 1.000000 1.000000
3811.827881 0.000000 720.378174 0.000000 0.957555 0.000000 -0.288251 1.000000 1.000000 1.000000
3820.172607 0.000000 716.486633 0.000000 0.647473 0.000000 -0.762088 1.000000 1.000000 1.000000
3821.385254 0.000000 724.386719 0.000000 0.768590 0.000000 -0.639742 1.000000 1.000000 1.000000
3965.552002 0.000000 623.037659 0.000000 0.465647 0.000000 -0.884970 1.000000 1.000000 1.000000
3887.773926 0.000000 688.042786 0.000000 0.340001 0.000000 0.940425 1.000000 1.000000 1.000000
3894.587158 0.000000 679.979492 0.000000 0.443196 0.000000 0.896425 1.000000 1.000000 1.000000
3928.981445 0.000000 641.506287 0.000000 0.413221 0.000000 -0.910631 1.000000 1.000000 1.000000
3927.372559 0.000000 640.000244 0.000000 0.772100 0.000000 -0.635501 1.000000 1.000000 1.000000
3919.911865 0.000000 652.371887 0.000000 0.464993 0.000000 -0.885314 1.000000 1.000000 1.000000
3857.906006 0.000000 717.136292 0.000000 0.750930 0.000000 0.660382 1.000000 1.000000 1.000000
3607.233398 0.000000 882.212463 0.000000 0.250259 0.000000 -0.968179 1.000000 1.000000 1.000000
3707.218994 0.000000 838.174377 0.000000 0.679118 0.000000 0.734029 1.000000 1.000000 1.000000
3663.770508 0.000000 891.425598 0.000000 0.919255 0.000000 -0.393663 1.000000 1.000000 1.000000
3747.042725 0.000000 768.375000 0.000000 0.970588 0.000000 -0.240746 1.000000 1.000000 1.000000
3742.624023 0.000000 843.209229 0.000000 0.997737 0.000000 -0.067243 1.000000 1.000000 1.000000
3606.290039 0.000000 910.100952 0.000000 0.769461 0.000000 -0.638694 1.000000 1.000000 1.000000
3646.934570 0.000000 924.621765 0.000000 0.806177 0.000000 -0.591674 1.000000 1.000000 1.000000
3666.306885 0.000000 938.139893 0.000000 0.889634 0.000000 -0.456675 1.000000 1.000000 1.000000
3657.216309 0.000000 899.761841 0.000000 0.852352 0.000000 0.522968 1.000000 1.000000 1.000000
3687.087158 0.000000 929.082642 0.000000 0.144976 0.000000 -0.989435 1.000000 1.000000 1.000000
3680.018066 0.000000 924.436462 0.000000 0.963670 0.000000 0.267097 1.000000 1.000000 1.000000
3670.037842 0.000000 1022.473083 0.000000 0.095029 0.000000 -0.995475 1.000000 1.000000 1.000000
3698.563477 0.000000 969.937561 0.000000 0.880155 0.000000 0.474687 1.000000 1.000000 1.000000
3690.148926 0.000000 970.424438 0.000000 0.995358 0.000000 0.096247 1.000000 1.000000 1.000000
3738.516357 0.000000 937.586731 0.000000 0.966707 0.000000 0.255886 1.000000 1.000000 1.000000
3734.555908 0.000000 936.320496 0.000000 0.260256 0.000000 -0.965540 1.000000 1.000000 1.000000
3416.781982 0.000000 1083.834717 0.000000 0.543822 0.000000 0.839200 1.000000 1.000000 1.000000
3441.734131 0.000000 1095.663940 0.000000 0.908329 0.000000 0.418256 1.000000 1.000000 1.000000
3484.082275 0.000000 1086.723267 0.000000 0.241080 0.000000 0.970505 1.000000 1.000000 1.000000
3503.820801 0.000000 1071.948975 0.000000 0.971119 0.000000 -0.238594 1.000000 1.000000 1.000000
3517.888428 0.000000 1063.895142 0.000000 0.128397 0.000000 0.991723 1.000000 1.000000 1.000000
3493.016357 0.000000 1078.528442 0.000000 0.038005 0.000000 -0.999278 1.000000 1.000000 1.000000
3552.656738 0.000000 1056.009399 0.000000 0.998954 0.000000 0.045734 1.000000 1.000000 1.000000
3532.739746 0.000000 1059.352905 0.000000 0.464246 0.000000 -0.885706 1.000000 1.000000 1.000000
3455.217773 0.000000 1210.237305 0.000000 0.838697 0.000000 -0.544598 1.000000 1.000000 1.000000
3453.233154 0.000000 1216.509644 0.000000 0.994924 0.000000 0.100632 1.000000 1.000000 1.000000
3453.601562 0.000000 1245.604492 0.000000 0.772396 0.000000 -0.635141 1.000000 1.000000 1.000000
3465.939941 0.000000 1213.416626 0.000000 0.691853 0.000000 -0.722038 1.000000 1.000000 1.000000
3516.035645 0.000000 1259.512573 0.000000 0.415140 0.000000 -0.909758 1.000000 1.000000 1.000000
3467.361328 0.000000 1248.870605 0.000000 0.036506 0.000000 -0.999333 1.000000 1.000000 1.000000
3487.781494 0.000000 1279.452393 0.000000 0.863867 0.000000 -0.503719 1.000000 1.000000 1.000000
3465.973389 0.000000 1251.166992 0.000000 0.416406 0.000000 -0.909179 1.000000 1.000000 1.000000
3495.812988 0.000000 1291.722534 0.000000 0.997049 0.000000 -0.076773 1.000000 1.000000 1.000000
3513.301270 0.000000 1308.860962 0.000000 0.690126 0.000000 -0.723689 1.000000 1.000000 1.000000
3536.636719 0.000000 1297.105103 0.000000 0.982256 0.000000 -0.187547 1.000000 1.000000 1.000000
3543.241211 0.000000 1330.103027 0.000000 0.491364 0.000000 0.870954 1.000000 1.000000 1.000000
3546.516113 0.000000 1329.188721 0.000000 0.091129 0.000000 -0.995839 1.000000 1.000000 1.000000
3555.722168 0.000000 1392.646118 0.000000 0.918380 0.000000 -0.395700 1.000000 1.000000 1.000000
3559.879150 0.000000 1389.784790 0.000000 0.467319 0.000000 -0.884089 1.000000 1.000000 1.000000
3388.144775 0.000000 1532.361328 0.000000 0.868154 0.000000 -0.496295 1.000000 1.000000 1.000000
3397.163574 0.000000 1535.578247 0.000000 0.718316 0.000000 0.695717 1.000000 1.000000 1.000000
3666.295166 0.000000 1029.792969 0.000000 0.802397 0.000000 -0.596791 1.000000 1.000000 1.000000
3834.160645 0.000000 1058.943604 0.000000 0.604558 0.000000 -0.796561 1.000000 1.000000 1.000000
3779.311523 0.000000 1035.059814 0.000000 0.978545 0.000000 0.206031 1.000000 1.000000 1.000000
3824.075195 0.000000 1055.968506 0.000000 0.286228 0.000000 0.958162 1.000000 1.000000 1.000000
3873.578857 0.000000 1058.768677 0.000000 0.991097 0.000000 -0.133138 1.000000 1.000000 1.000000
3872.097656 0.000000 1059.866455 0.000000 0.754896 0.000000 0.655844 1.000000 1.000000 1.000000
3614.496094 0.000000 1371.931274 0.000000 0.471339 0.000000 -0.881952 1.000000 1.000000 1.000000
3616.358398 0.000000 1370.346558 0.000000 0.934824 0.000000 -0.355110 1.000000 1.000000 1.000000
3598.682861 0.000000 1363.020508 0.000000 0.977508 0.000000 0.210897 1.000000 1.000000 1.000000
3387.258057 0.000000 1542.002563 0.000000 0.939398 0.000000 -0.342828 1.000000 1.000000 1.000000
4391.315918 0.000000 231.392242 0.000000 0.696351 0.000000 -0.717701 1.000000 1.000000 1.000000
4384.555176 0.000000 288.196869 0.000000 0.449454 0.000000 0.893303 1.000000 1.000000 1.000000
4370.666992 0.000000 271.690735 0.000000 0.467971 0.000000 -0.883744 1.000000 1.000000 1.000000
4354.498047 0.000000 290.611542 0.000000 0.308611 0.000000 -0.951188 1.000000 1.000000 1.000000
4393.010254 0.000000 336.334015 0.000000 0.250399 0.000000 -0.968143 1.000000 1.000000 1.000000
4375.853516 0.000000 362.931213 0.000000 0.998936 0.000000 0.046123 1.000000 1.000000 1.000000
4401.293945 0.000000 376.861389 0.000000 0.391671 0.000000 0.920105 1.000000 1.000000 1.000000
4273.243164 0.000000 525.356750 0.000000 0.999181 0.000000 0.040457 1.000000 1.000000 1.000000
4274.493164 0.000000 522.046936 0.000000 0.826490 0.000000 0.562951 1.000000 1.000000 1.000000
5150.308594 0.000000 796.071899 0.000000 0.999344 0.000000 0.036220 1.000000 1.000000 1.000000
4615.604492 0.000000 2332.761963 0.000000 0.692677 0.000000 -0.721248 1.000000 1.000000 1.000000
"}
object={
	name="tree_savanna_generator_1_5"
	clamp_to_water_level=no
	render_under_water=no
	generated_content=yes
	layer="tree_high_layer"
	pdxmesh="tree_acacia_06_mesh"
	count=74
	transform="3843.016357 0.000000 509.192230 0.000000 0.914018 0.000000 0.405674 1.000000 1.000000 1.000000
3767.305420 0.000000 574.604065 0.000000 0.952876 0.000000 -0.303361 1.000000 1.000000 1.000000
3802.951172 0.000000 601.396545 0.000000 0.410616 0.000000 0.911809 1.000000 1.000000 1.000000
3706.109131 0.000000 762.256226 0.000000 0.356561 0.000000 0.934272 1.000000 1.000000 1.000000
3772.097900 0.000000 764.548828 0.000000 0.408837 0.000000 0.912607 1.000000 1.000000 1.000000
3839.518555 0.000000 725.697449 0.000000 0.678327 0.000000 -0.734760 1.000000 1.000000 1.000000
3842.846924 0.000000 511.954590 0.000000 0.645245 0.000000 -0.763976 1.000000 1.000000 1.000000
3903.730957 0.000000 686.279053 0.000000 0.799972 0.000000 0.600038 1.000000 1.000000 1.000000
3896.038330 0.000000 712.021423 0.000000 0.033280 0.000000 0.999446 1.000000 1.000000 1.000000
3936.609863 0.000000 736.087524 0.000000 0.793447 0.000000 -0.608640 1.000000 1.000000 1.000000
3628.778076 0.000000 868.186401 0.000000 0.401078 0.000000 -0.916044 1.000000 1.000000 1.000000
3637.551514 0.000000 893.863098 0.000000 0.351785 0.000000 -0.936081 1.000000 1.000000 1.000000
3635.796143 0.000000 867.092346 0.000000 0.458314 0.000000 0.888790 1.000000 1.000000 1.000000
3661.175781 0.000000 891.816833 0.000000 0.684741 0.000000 -0.728786 1.000000 1.000000 1.000000
3727.752686 0.000000 794.400085 0.000000 0.187716 0.000000 0.982223 1.000000 1.000000 1.000000
3719.713867 0.000000 861.121277 0.000000 0.995633 0.000000 -0.093358 1.000000 1.000000 1.000000
3770.410400 0.000000 852.141174 0.000000 0.982711 0.000000 0.185144 1.000000 1.000000 1.000000
3699.251465 0.000000 932.615662 0.000000 0.760620 0.000000 0.649198 1.000000 1.000000 1.000000
3690.163330 0.000000 943.616028 0.000000 0.727122 0.000000 -0.686508 1.000000 1.000000 1.000000
3681.562988 0.000000 924.948303 0.000000 0.990365 0.000000 0.138483 1.000000 1.000000 1.000000
3661.208008 0.000000 929.381042 0.000000 0.763750 0.000000 0.645512 1.000000 1.000000 1.000000
3666.209229 0.000000 905.768250 0.000000 0.551828 0.000000 0.833958 1.000000 1.000000 1.000000
3681.343750 0.000000 980.677612 0.000000 0.555163 0.000000 0.831741 1.000000 1.000000 1.000000
3691.356445 0.000000 999.844238 0.000000 0.990301 0.000000 0.138940 1.000000 1.000000 1.000000
3734.274414 0.000000 974.085327 0.000000 0.798960 0.000000 0.601384 1.000000 1.000000 1.000000
3716.799561 0.000000 997.797791 0.000000 0.456379 0.000000 0.889785 1.000000 1.000000 1.000000
3754.754150 0.000000 981.545349 0.000000 0.802359 0.000000 0.596841 1.000000 1.000000 1.000000
3755.911377 0.000000 992.838013 0.000000 0.722200 0.000000 -0.691684 1.000000 1.000000 1.000000
3728.878662 0.000000 970.055115 0.000000 0.968246 0.000000 0.249999 1.000000 1.000000 1.000000
3397.163574 0.000000 1151.671997 0.000000 0.676146 0.000000 -0.736767 1.000000 1.000000 1.000000
3405.184082 0.000000 1108.517822 0.000000 0.722704 0.000000 -0.691158 1.000000 1.000000 1.000000
3420.254150 0.000000 1140.144043 0.000000 0.132141 0.000000 0.991231 1.000000 1.000000 1.000000
3424.672363 0.000000 1119.993774 0.000000 0.347634 0.000000 -0.937630 1.000000 1.000000 1.000000
3414.594971 0.000000 1128.273682 0.000000 0.028405 0.000000 0.999596 1.000000 1.000000 1.000000
3447.203613 0.000000 1114.893066 0.000000 0.350928 0.000000 -0.936402 1.000000 1.000000 1.000000
3444.502197 0.000000 1121.547363 0.000000 0.596343 0.000000 -0.802730 1.000000 1.000000 1.000000
3448.798340 0.000000 1112.999146 0.000000 0.131231 0.000000 0.991352 1.000000 1.000000 1.000000
3465.253418 0.000000 1033.995483 0.000000 0.886768 0.000000 -0.462215 1.000000 1.000000 1.000000
3556.997314 0.000000 1029.494141 0.000000 0.683932 0.000000 -0.729546 1.000000 1.000000 1.000000
3543.051758 0.000000 1029.052979 0.000000 0.728596 0.000000 0.684944 1.000000 1.000000 1.000000
3540.947754 0.000000 1035.375610 0.000000 0.502631 0.000000 -0.864501 1.000000 1.000000 1.000000
3459.746826 0.000000 1088.988037 0.000000 0.996628 0.000000 0.082054 1.000000 1.000000 1.000000
3451.383789 0.000000 1214.884155 0.000000 0.650912 0.000000 0.759153 1.000000 1.000000 1.000000
3453.463135 0.000000 1197.191406 0.000000 0.980614 0.000000 -0.195951 1.000000 1.000000 1.000000
3455.680176 0.000000 1212.790405 0.000000 0.394568 0.000000 -0.918867 1.000000 1.000000 1.000000
3462.831055 0.000000 1213.015381 0.000000 0.915659 0.000000 0.401956 1.000000 1.000000 1.000000
3462.104004 0.000000 1207.598999 0.000000 0.650031 0.000000 0.759907 1.000000 1.000000 1.000000
3466.959717 0.000000 1216.489990 0.000000 0.682213 0.000000 -0.731154 1.000000 1.000000 1.000000
3513.247559 0.000000 1263.398071 0.000000 0.452195 0.000000 -0.891919 1.000000 1.000000 1.000000
3484.246338 0.000000 1268.112793 0.000000 0.644643 0.000000 0.764484 1.000000 1.000000 1.000000
3459.746826 0.000000 1216.956787 0.000000 0.830512 0.000000 0.557000 1.000000 1.000000 1.000000
3500.873047 0.000000 1265.141602 0.000000 0.916680 0.000000 0.399623 1.000000 1.000000 1.000000
3488.717773 0.000000 1274.109009 0.000000 0.196753 0.000000 0.980453 1.000000 1.000000 1.000000
3487.097168 0.000000 1268.667725 0.000000 0.641177 0.000000 0.767393 1.000000 1.000000 1.000000
3456.587158 0.000000 1245.193604 0.000000 0.072357 0.000000 -0.997379 1.000000 1.000000 1.000000
3521.204590 0.000000 1269.422729 0.000000 0.306803 0.000000 0.951773 1.000000 1.000000 1.000000
3528.831055 0.000000 1334.514038 0.000000 0.981430 0.000000 -0.191820 1.000000 1.000000 1.000000
3540.729004 0.000000 1326.238281 0.000000 0.934424 0.000000 0.356163 1.000000 1.000000 1.000000
3567.744385 0.000000 1383.120605 0.000000 0.240160 0.000000 -0.970733 1.000000 1.000000 1.000000
3628.196045 0.000000 1036.408569 0.000000 0.990030 0.000000 -0.140854 1.000000 1.000000 1.000000
3611.131104 0.000000 1056.000244 0.000000 0.990262 0.000000 -0.139219 1.000000 1.000000 1.000000
3608.392090 0.000000 1057.421143 0.000000 0.238677 0.000000 -0.971099 1.000000 1.000000 1.000000
3667.193359 0.000000 1032.773560 0.000000 0.885714 0.000000 -0.464231 1.000000 1.000000 1.000000
3837.554688 0.000000 1053.651367 0.000000 0.135771 0.000000 -0.990740 1.000000 1.000000 1.000000
3744.491699 0.000000 1125.652100 0.000000 0.797515 0.000000 -0.603299 1.000000 1.000000 1.000000
3878.405273 0.000000 1032.610229 0.000000 0.999279 0.000000 -0.037957 1.000000 1.000000 1.000000
3616.648926 0.000000 1375.931274 0.000000 0.979727 0.000000 -0.200339 1.000000 1.000000 1.000000
3377.281738 0.000000 1536.284424 0.000000 0.017281 0.000000 -0.999851 1.000000 1.000000 1.000000
4382.402344 0.000000 220.212524 0.000000 0.195357 0.000000 0.980732 1.000000 1.000000 1.000000
4356.737305 0.000000 297.611694 0.000000 0.294943 0.000000 -0.955515 1.000000 1.000000 1.000000
4372.652344 0.000000 362.278168 0.000000 0.990050 0.000000 0.140718 1.000000 1.000000 1.000000
4353.960449 0.000000 365.388824 0.000000 0.186684 0.000000 -0.982420 1.000000 1.000000 1.000000
4410.090332 0.000000 419.099854 0.000000 0.931215 0.000000 -0.364469 1.000000 1.000000 1.000000
4610.199707 0.000000 2332.979736 0.000000 0.242603 0.000000 -0.970126 1.000000 1.000000 1.000000
"}
object={
	name="tree_savanna_generator_1_6"
	clamp_to_water_level=no
	render_under_water=no
	generated_content=yes
	layer="tree_high_layer"
	pdxmesh="tree_baobab_01_mesh"
	count=81
	transform="3834.093506 0.000000 442.334351 0.000000 0.878997 0.000000 -0.476827 1.000000 1.000000 1.000000
3843.333740 0.000000 511.311310 0.000000 0.263060 0.000000 0.964779 1.000000 1.000000 1.000000
3842.454346 0.000000 510.389130 0.000000 0.710840 0.000000 -0.703353 1.000000 1.000000 1.000000
3763.352051 0.000000 573.908081 0.000000 0.147616 0.000000 0.989045 1.000000 1.000000 1.000000
3772.097900 0.000000 636.580078 0.000000 0.770025 0.000000 0.638014 1.000000 1.000000 1.000000
3770.723389 0.000000 637.653687 0.000000 0.999964 0.000000 0.008487 1.000000 1.000000 1.000000
3735.836182 0.000000 713.751709 0.000000 0.321689 0.000000 0.946845 1.000000 1.000000 1.000000
3736.832031 0.000000 721.780518 0.000000 0.939891 0.000000 0.341474 1.000000 1.000000 1.000000
3822.628174 0.000000 718.462830 0.000000 0.630692 0.000000 -0.776034 1.000000 1.000000 1.000000
3932.997070 0.000000 632.453186 0.000000 0.671291 0.000000 -0.741194 1.000000 1.000000 1.000000
3959.119873 0.000000 631.890259 0.000000 0.823160 0.000000 -0.567810 1.000000 1.000000 1.000000
3866.500732 0.000000 681.649231 0.000000 0.961702 0.000000 -0.274099 1.000000 1.000000 1.000000
3903.120361 0.000000 686.694153 0.000000 0.314285 0.000000 0.949329 1.000000 1.000000 1.000000
3894.935547 0.000000 678.143188 0.000000 0.167468 0.000000 -0.985878 1.000000 1.000000 1.000000
3896.682861 0.000000 659.765808 0.000000 0.949250 0.000000 -0.314522 1.000000 1.000000 1.000000
3864.989258 0.000000 705.490662 0.000000 0.994985 0.000000 -0.100023 1.000000 1.000000 1.000000
3851.410156 0.000000 716.112610 0.000000 0.987092 0.000000 -0.160156 1.000000 1.000000 1.000000
3882.722900 0.000000 708.737915 0.000000 0.340185 0.000000 -0.940358 1.000000 1.000000 1.000000
3937.081299 0.000000 713.638489 0.000000 0.486917 0.000000 -0.873448 1.000000 1.000000 1.000000
3907.593994 0.000000 734.961487 0.000000 0.924385 0.000000 -0.381461 1.000000 1.000000 1.000000
3695.407715 0.000000 776.686768 0.000000 0.513535 0.000000 0.858068 1.000000 1.000000 1.000000
3770.816406 0.000000 794.405518 0.000000 0.381588 0.000000 -0.924332 1.000000 1.000000 1.000000
3723.650146 0.000000 773.418823 0.000000 0.154739 0.000000 0.987955 1.000000 1.000000 1.000000
3717.534668 0.000000 842.969116 0.000000 0.659155 0.000000 0.752007 1.000000 1.000000 1.000000
3646.848389 0.000000 898.331665 0.000000 0.003976 0.000000 -0.999992 1.000000 1.000000 1.000000
3670.869141 0.000000 924.316101 0.000000 0.869383 0.000000 0.494139 1.000000 1.000000 1.000000
3683.706299 0.000000 915.138916 0.000000 0.667166 0.000000 -0.744909 1.000000 1.000000 1.000000
3682.767090 0.000000 918.797058 0.000000 0.514438 0.000000 0.857527 1.000000 1.000000 1.000000
3665.961914 0.000000 897.943176 0.000000 0.947168 0.000000 -0.320739 1.000000 1.000000 1.000000
3678.869385 0.000000 1015.699402 0.000000 0.089651 0.000000 0.995973 1.000000 1.000000 1.000000
3695.728760 0.000000 999.214355 0.000000 0.978615 0.000000 -0.205698 1.000000 1.000000 1.000000
3689.817383 0.000000 973.485229 0.000000 0.280830 0.000000 -0.959757 1.000000 1.000000 1.000000
3763.243652 0.000000 996.600037 0.000000 0.363570 0.000000 0.931567 1.000000 1.000000 1.000000
3761.908691 0.000000 1020.158081 0.000000 0.905464 0.000000 -0.424423 1.000000 1.000000 1.000000
3731.185547 0.000000 968.789246 0.000000 0.896223 0.000000 0.443605 1.000000 1.000000 1.000000
3720.687744 0.000000 972.857605 0.000000 0.928448 0.000000 -0.371462 1.000000 1.000000 1.000000
3754.857910 0.000000 1020.253174 0.000000 0.668025 0.000000 -0.744139 1.000000 1.000000 1.000000
3415.256836 0.000000 1138.149902 0.000000 0.058431 0.000000 -0.998291 1.000000 1.000000 1.000000
3411.134277 0.000000 1121.861450 0.000000 0.416171 0.000000 0.909286 1.000000 1.000000 1.000000
3442.594727 0.000000 1097.906372 0.000000 0.999899 0.000000 0.014206 1.000000 1.000000 1.000000
3440.105225 0.000000 1118.310547 0.000000 0.788064 0.000000 -0.615593 1.000000 1.000000 1.000000
3469.005615 0.000000 1080.197998 0.000000 0.849595 0.000000 -0.527436 1.000000 1.000000 1.000000
3513.881592 0.000000 1055.739014 0.000000 0.692175 0.000000 0.721730 1.000000 1.000000 1.000000
3455.950684 0.000000 1091.027466 0.000000 0.515805 0.000000 0.856706 1.000000 1.000000 1.000000
3452.043457 0.000000 1195.528198 0.000000 0.671810 0.000000 -0.740724 1.000000 1.000000 1.000000
3414.313477 0.000000 1166.038452 0.000000 0.881642 0.000000 -0.471919 1.000000 1.000000 1.000000
3455.175049 0.000000 1198.569214 0.000000 0.171202 0.000000 -0.985236 1.000000 1.000000 1.000000
3422.042236 0.000000 1158.420410 0.000000 0.419404 0.000000 0.907800 1.000000 1.000000 1.000000
3456.109863 0.000000 1215.853027 0.000000 0.892560 0.000000 0.450928 1.000000 1.000000 1.000000
3458.542480 0.000000 1242.121094 0.000000 0.542599 0.000000 -0.839992 1.000000 1.000000 1.000000
3461.323242 0.000000 1251.083740 0.000000 0.539647 0.000000 -0.841892 1.000000 1.000000 1.000000
3459.648682 0.000000 1246.836548 0.000000 0.786850 0.000000 -0.617145 1.000000 1.000000 1.000000
3461.873291 0.000000 1249.267944 0.000000 0.493508 0.000000 -0.869741 1.000000 1.000000 1.000000
3465.333252 0.000000 1248.979736 0.000000 0.227159 0.000000 -0.973858 1.000000 1.000000 1.000000
3521.546143 0.000000 1258.714478 0.000000 0.223917 0.000000 -0.974608 1.000000 1.000000 1.000000
3498.785400 0.000000 1301.467163 0.000000 0.333187 0.000000 -0.942861 1.000000 1.000000 1.000000
3513.881592 0.000000 1311.676514 0.000000 0.521180 0.000000 0.853447 1.000000 1.000000 1.000000
3532.997803 0.000000 1336.135498 0.000000 0.711499 0.000000 -0.702687 1.000000 1.000000 1.000000
3537.651611 0.000000 1332.131714 0.000000 0.999167 0.000000 -0.040802 1.000000 1.000000 1.000000
3545.759521 0.000000 1307.526855 0.000000 0.287321 0.000000 -0.957834 1.000000 1.000000 1.000000
3538.322510 0.000000 1322.046143 0.000000 0.787093 0.000000 -0.616835 1.000000 1.000000 1.000000
3535.029053 0.000000 1333.806152 0.000000 0.415652 0.000000 0.909524 1.000000 1.000000 1.000000
3544.089600 0.000000 1305.001587 0.000000 0.308418 0.000000 0.951251 1.000000 1.000000 1.000000
3559.000732 0.000000 1316.244385 0.000000 0.202671 0.000000 0.979247 1.000000 1.000000 1.000000
3556.857178 0.000000 1372.711792 0.000000 0.988156 0.000000 -0.153455 1.000000 1.000000 1.000000
3644.832520 0.000000 1059.901855 0.000000 0.997707 0.000000 0.067685 1.000000 1.000000 1.000000
3824.058350 0.000000 1054.326172 0.000000 0.697990 0.000000 0.716108 1.000000 1.000000 1.000000
3748.829102 0.000000 1130.013672 0.000000 0.146764 0.000000 0.989172 1.000000 1.000000 1.000000
3839.539307 0.000000 1052.825684 0.000000 0.938020 0.000000 0.346581 1.000000 1.000000 1.000000
3597.546143 0.000000 1329.347046 0.000000 0.902449 0.000000 -0.430797 1.000000 1.000000 1.000000
3594.734131 0.000000 1368.743042 0.000000 0.335985 0.000000 -0.941867 1.000000 1.000000 1.000000
3597.480469 0.000000 1361.256592 0.000000 0.366612 0.000000 0.930374 1.000000 1.000000 1.000000
3376.446777 0.000000 1537.103638 0.000000 0.169709 0.000000 -0.985494 1.000000 1.000000 1.000000
4315.980957 0.000000 382.895203 0.000000 0.167674 0.000000 -0.985842 1.000000 1.000000 1.000000
4348.906250 0.000000 404.729858 0.000000 0.998705 0.000000 -0.050873 1.000000 1.000000 1.000000
4346.340332 0.000000 404.250549 0.000000 0.009706 0.000000 -0.999953 1.000000 1.000000 1.000000
4438.775391 0.000000 284.472321 0.000000 0.956596 0.000000 0.291417 1.000000 1.000000 1.000000
4433.868164 0.000000 258.099426 0.000000 0.041809 0.000000 0.999126 1.000000 1.000000 1.000000
4447.826172 0.000000 323.774536 0.000000 0.937891 0.000000 0.346929 1.000000 1.000000 1.000000
4467.401367 0.000000 384.342957 0.000000 0.946611 0.000000 -0.322378 1.000000 1.000000 1.000000
5147.721680 0.000000 797.341187 0.000000 0.995267 0.000000 -0.097179 1.000000 1.000000 1.000000
"}
object={
	name="tree_savanna_generator_1_7"
	clamp_to_water_level=no
	render_under_water=no
	generated_content=yes
	layer="tree_high_layer"
	pdxmesh="tree_baobab_02_mesh"
	count=16
	transform="3841.287354 0.000000 510.951904 0.000000 0.813518 0.000000 0.581540 1.000000 1.000000 1.000000
3886.793701 0.000000 690.306641 0.000000 0.742722 0.000000 0.669600 1.000000 1.000000 1.000000
3692.770264 0.000000 804.202026 0.000000 0.874206 0.000000 0.485556 1.000000 1.000000 1.000000
3599.935059 0.000000 893.938293 0.000000 0.901256 0.000000 -0.433286 1.000000 1.000000 1.000000
3642.746826 0.000000 887.358093 0.000000 0.050941 0.000000 -0.998702 1.000000 1.000000 1.000000
3738.516357 0.000000 809.617981 0.000000 0.814193 0.000000 -0.580594 1.000000 1.000000 1.000000
3801.728271 0.000000 795.651855 0.000000 0.993500 0.000000 0.113835 1.000000 1.000000 1.000000
3522.378418 0.000000 1063.692261 0.000000 0.617814 0.000000 0.786325 1.000000 1.000000 1.000000
3465.377441 0.000000 1247.117188 0.000000 0.271845 0.000000 0.962341 1.000000 1.000000 1.000000
3486.022705 0.000000 1266.620483 0.000000 0.999998 0.000000 0.002197 1.000000 1.000000 1.000000
3536.611816 0.000000 1299.924927 0.000000 0.960630 0.000000 -0.277831 1.000000 1.000000 1.000000
3809.422119 0.000000 1041.784668 0.000000 0.160426 0.000000 0.987048 1.000000 1.000000 1.000000
3836.066162 0.000000 1042.391724 0.000000 0.575989 0.000000 -0.817458 1.000000 1.000000 1.000000
3613.188232 0.000000 1363.086060 0.000000 0.944025 0.000000 -0.329874 1.000000 1.000000 1.000000
4463.313965 0.000000 328.796112 0.000000 0.328291 0.000000 -0.944577 1.000000 1.000000 1.000000
4429.378906 0.000000 401.490997 0.000000 0.923300 0.000000 -0.384079 1.000000 1.000000 1.000000
"}
object={
	name="tree_savanna_generator_1_8"
	clamp_to_water_level=no
	render_under_water=no
	generated_content=yes
	layer="tree_high_layer"
	pdxmesh="tree_baobab_03_mesh"
	count=33
	transform="3843.974365 0.000000 510.103149 0.000000 0.901748 0.000000 0.432262 1.000000 1.000000 1.000000
3757.929688 0.000000 575.532471 0.000000 0.531449 0.000000 0.847090 1.000000 1.000000 1.000000
3812.966064 0.000000 709.572266 0.000000 0.620991 0.000000 -0.783817 1.000000 1.000000 1.000000
3930.090576 0.000000 656.161743 0.000000 0.577762 0.000000 0.816206 1.000000 1.000000 1.000000
3897.254395 0.000000 733.001526 0.000000 0.483881 0.000000 0.875134 1.000000 1.000000 1.000000
3644.957275 0.000000 887.325806 0.000000 0.055627 0.000000 0.998452 1.000000 1.000000 1.000000
3650.521240 0.000000 883.033691 0.000000 0.844028 0.000000 -0.536299 1.000000 1.000000 1.000000
3614.273926 0.000000 909.602478 0.000000 0.846722 0.000000 0.532035 1.000000 1.000000 1.000000
3606.008057 0.000000 908.491272 0.000000 0.425631 0.000000 -0.904897 1.000000 1.000000 1.000000
3655.521484 0.000000 898.994141 0.000000 0.898872 0.000000 -0.438212 1.000000 1.000000 1.000000
3708.984375 0.000000 980.589233 0.000000 0.993495 0.000000 -0.113875 1.000000 1.000000 1.000000
3725.530518 0.000000 1009.425110 0.000000 0.810706 0.000000 -0.585453 1.000000 1.000000 1.000000
3752.960693 0.000000 994.198669 0.000000 0.974766 0.000000 0.223229 1.000000 1.000000 1.000000
3753.903809 0.000000 1011.290283 0.000000 0.812223 0.000000 -0.583347 1.000000 1.000000 1.000000
3446.281982 0.000000 1098.998169 0.000000 0.985239 0.000000 -0.171183 1.000000 1.000000 1.000000
3503.752197 0.000000 1063.198730 0.000000 0.274738 0.000000 0.961519 1.000000 1.000000 1.000000
3501.648438 0.000000 1064.636963 0.000000 0.163515 0.000000 0.986541 1.000000 1.000000 1.000000
3555.093018 0.000000 1034.894897 0.000000 0.478969 0.000000 -0.877832 1.000000 1.000000 1.000000
3535.153564 0.000000 1056.698853 0.000000 0.943070 0.000000 -0.332595 1.000000 1.000000 1.000000
3454.815674 0.000000 1247.299194 0.000000 0.380271 0.000000 0.924875 1.000000 1.000000 1.000000
3457.334229 0.000000 1214.780029 0.000000 0.993717 0.000000 0.111921 1.000000 1.000000 1.000000
3489.829102 0.000000 1276.856201 0.000000 0.818354 0.000000 0.574714 1.000000 1.000000 1.000000
3459.994873 0.000000 1248.720215 0.000000 0.324302 0.000000 -0.945954 1.000000 1.000000 1.000000
3560.929199 0.000000 1387.195557 0.000000 0.279585 0.000000 0.960121 1.000000 1.000000 1.000000
3563.372070 0.000000 1383.750488 0.000000 0.944248 0.000000 0.329234 1.000000 1.000000 1.000000
3387.391602 0.000000 1534.806030 0.000000 0.571566 0.000000 -0.820556 1.000000 1.000000 1.000000
3619.085205 0.000000 1034.894897 0.000000 0.528678 0.000000 0.848823 1.000000 1.000000 1.000000
3641.865967 0.000000 1055.739014 0.000000 0.704922 0.000000 0.709285 1.000000 1.000000 1.000000
3740.257080 0.000000 1146.431274 0.000000 0.776439 0.000000 -0.630193 1.000000 1.000000 1.000000
3595.420166 0.000000 1359.100464 0.000000 0.107329 0.000000 0.994224 1.000000 1.000000 1.000000
3389.607910 0.000000 1545.892822 0.000000 0.324121 0.000000 -0.946016 1.000000 1.000000 1.000000
4446.208984 0.000000 322.920410 0.000000 0.747665 0.000000 0.664076 1.000000 1.000000 1.000000
4445.604980 0.000000 388.560242 0.000000 0.472890 0.000000 -0.881121 1.000000 1.000000 1.000000
"}
