object={
	name="tree_mangrove_01_generator_1_0"
	clamp_to_water_level=no
	render_under_water=no
	generated_content=yes
	layer="tree_high_layer"
	pdxmesh="tree_mangrove_01_a_mesh"
	count=23
	transform="311.665375 0.000000 1487.699829 0.000000 0.468099 0.000000 0.883676 0.696112 0.696112 0.696112
302.866943 0.000000 1488.892944 0.000000 0.683821 0.000000 0.729650 0.786933 0.786933 0.786933
305.051575 0.000000 1481.855469 0.000000 0.029853 0.000000 0.999554 0.738448 0.738448 0.738448
301.312073 0.000000 1479.871338 0.000000 0.282714 0.000000 0.959204 0.769222 0.769222 0.769222
303.255798 0.000000 1480.763428 0.000000 0.772243 0.000000 0.635327 0.775251 0.775251 0.775251
302.024719 0.000000 1490.795654 0.000000 0.670576 0.000000 0.741841 0.764944 0.764944 0.764944
311.368408 0.000000 1486.281616 0.000000 0.101528 0.000000 0.994833 0.659162 0.659162 0.659162
299.040253 0.000000 1499.864502 0.000000 0.751627 0.000000 0.659588 0.764755 0.764755 0.764755
298.094940 0.000000 1496.482178 0.000000 0.665386 0.000000 0.746500 0.764652 0.764652 0.764652
296.148041 0.000000 1504.892212 0.000000 0.305079 0.000000 0.952327 0.742084 0.742084 0.742084
299.423859 0.000000 1501.301025 0.000000 0.006101 0.000000 0.999981 0.662497 0.662497 0.662497
489.621338 0.000000 2483.985352 0.000000 0.176687 0.000000 0.984267 0.599659 0.599659 0.599659
485.653503 0.000000 2491.590088 0.000000 0.133014 0.000000 0.991114 0.715311 0.715311 0.715311
487.868835 0.000000 2479.512451 0.000000 0.762715 0.000000 0.646735 0.765586 0.765586 0.765586
489.890167 0.000000 2494.628418 0.000000 0.439246 0.000000 0.898367 0.768794 0.768794 0.768794
482.685760 0.000000 2489.353027 0.000000 0.797694 0.000000 0.603063 0.750224 0.750224 0.750224
490.396057 0.000000 2481.133789 0.000000 0.674606 0.000000 0.738178 0.783416 0.783416 0.783416
486.416595 0.000000 2484.994873 0.000000 0.372660 0.000000 0.927968 0.754883 0.754883 0.754883
485.979523 0.000000 2477.426270 0.000000 0.403974 0.000000 0.914771 0.766553 0.766553 0.766553
484.789154 0.000000 2493.725830 0.000000 0.319088 0.000000 0.947725 0.763915 0.763915 0.763915
489.025116 0.000000 2478.252441 0.000000 0.720718 0.000000 0.693228 0.734219 0.734219 0.734219
489.249390 0.000000 2482.389160 0.000000 0.693511 0.000000 0.720446 0.684320 0.684320 0.684320
488.820099 0.000000 2480.803223 0.000000 0.419656 0.000000 0.907683 0.643210 0.643210 0.643210
"}
object={
	name="tree_mangrove_01_generator_1_1"
	clamp_to_water_level=no
	render_under_water=no
	generated_content=yes
	layer="tree_high_layer"
	pdxmesh="tree_mangrove_01_b_mesh"
	count=13
	transform="301.661591 0.000000 1492.837891 0.000000 0.910361 0.000000 0.413815 0.798296 0.798296 0.798296
305.516846 0.000000 1488.000244 0.000000 0.988049 0.000000 -0.154137 0.805873 0.805873 0.805873
299.611176 0.000000 1481.397949 0.000000 0.954260 0.000000 0.298980 0.789691 0.789691 0.789691
310.072510 0.000000 1486.603027 0.000000 0.977085 0.000000 -0.212851 0.820563 0.820563 0.820563
298.530426 0.000000 1505.766357 0.000000 0.905202 0.000000 0.424981 0.785973 0.785973 0.785973
483.078247 0.000000 2478.718262 0.000000 0.948417 0.000000 -0.317025 0.816107 0.816107 0.816107
483.431213 0.000000 2485.804443 0.000000 0.984834 0.000000 0.173498 0.794253 0.794253 0.794253
490.103607 0.000000 2476.939697 0.000000 0.933277 0.000000 0.359158 0.793397 0.793397 0.793397
484.396393 0.000000 2490.169434 0.000000 0.909280 0.000000 0.416184 0.774710 0.774710 0.774710
481.644226 0.000000 2486.138916 0.000000 0.992432 0.000000 -0.122795 0.806516 0.806516 0.806516
493.523895 0.000000 2477.572266 0.000000 0.959268 0.000000 0.282497 0.777692 0.777692 0.777692
489.500671 0.000000 2479.511963 0.000000 0.957250 0.000000 0.289261 0.774798 0.774798 0.774798
488.309113 0.000000 2483.082764 0.000000 0.904794 0.000000 -0.425849 0.863258 0.863258 0.863258
"}
object={
	name="tree_mangrove_01_generator_1_2"
	clamp_to_water_level=no
	render_under_water=no
	generated_content=yes
	layer="tree_high_layer"
	pdxmesh="tree_mangrove_01_c_mesh"
	count=12
	transform="304.421997 0.000000 1478.487427 0.000000 0.496920 0.000000 -0.867796 0.845120 0.845120 0.845120
309.346893 0.000000 1484.715576 0.000000 0.210736 0.000000 -0.977543 0.842054 0.842054 0.842054
308.433380 0.000000 1487.795044 0.000000 0.271833 0.000000 -0.962344 0.890560 0.890560 0.890560
296.159119 0.000000 1478.546631 0.000000 0.600687 0.000000 -0.799484 0.846258 0.846258 0.846258
297.490387 0.000000 1480.503418 0.000000 0.444553 0.000000 -0.895753 0.833258 0.833258 0.833258
299.926025 0.000000 1476.765381 0.000000 0.533042 0.000000 -0.846089 0.887627 0.887627 0.887627
298.749084 0.000000 1498.128662 0.000000 0.172433 0.000000 -0.985021 0.868383 0.868383 0.868383
492.998871 0.000000 2475.894043 0.000000 0.438561 0.000000 -0.898702 0.859109 0.859109 0.859109
485.303497 0.000000 2479.854492 0.000000 0.425042 0.000000 -0.905174 0.858772 0.858772 0.858772
483.312195 0.000000 2491.792236 0.000000 0.186934 0.000000 -0.982373 0.874566 0.874566 0.874566
488.738190 0.000000 2485.949951 0.000000 0.681658 0.000000 -0.731671 0.859833 0.859833 0.859833
482.687897 0.000000 2487.495361 0.000000 0.385480 0.000000 -0.922716 0.884488 0.884488 0.884488
"}
object={
	name="tree_mangrove_01_generator_1_3"
	clamp_to_water_level=no
	render_under_water=no
	generated_content=yes
	layer="tree_high_layer"
	pdxmesh="tree_swamp_01_a_mesh"
	count=0
}
object={
	name="tree_mangrove_01_generator_1_4"
	clamp_to_water_level=no
	render_under_water=no
	generated_content=yes
	layer="tree_high_layer"
	pdxmesh="tree_swamp_01_b_mesh"
	count=0
}
