object={
	name="tree_pine_impassable_01_a_generator_1_0"
	clamp_to_water_level=no
	render_under_water=no
	generated_content=yes
	layer="tree_high_layer"
	pdxmesh="tree_pine_impassable_01_a_mesh"
	count=35
	transform="3704.194824 0.000000 2611.729248 0.000000 0.888590 0.000000 -0.458703 0.400000 0.400000 0.400000
3675.921631 0.000000 2567.039795 0.000000 0.211896 0.000000 -0.977292 0.400000 0.400000 0.400000
3684.759277 0.000000 2605.292725 0.000000 0.962905 0.000000 0.269842 0.400000 0.400000 0.400000
3681.343750 0.000000 2580.286865 0.000000 0.063022 0.000000 -0.998012 0.400000 0.400000 0.400000
3674.524170 0.000000 2601.180420 0.000000 0.985691 0.000000 -0.168563 0.400000 0.400000 0.400000
3693.197998 0.000000 2611.830322 0.000000 0.185720 0.000000 0.982603 0.400000 0.400000 0.400000
3693.443848 0.000000 2602.675537 0.000000 0.284135 0.000000 -0.958784 0.400000 0.400000 0.400000
3678.488281 0.000000 2587.634277 0.000000 0.216233 0.000000 0.976342 0.400000 0.400000 0.400000
3698.730225 0.000000 2613.940430 0.000000 0.160603 0.000000 0.987019 0.400000 0.400000 0.400000
4079.785889 0.000000 2709.287109 0.000000 0.780042 0.000000 0.625727 0.400000 0.400000 0.400000
4086.561035 0.000000 2688.095947 0.000000 0.312920 0.000000 0.949780 0.400000 0.400000 0.400000
4068.712402 0.000000 2733.261475 0.000000 0.075440 0.000000 0.997150 0.400000 0.400000 0.400000
4083.204590 0.000000 2724.178223 0.000000 0.227865 0.000000 -0.973693 0.400000 0.400000 0.400000
4089.918457 0.000000 2700.869141 0.000000 0.504465 0.000000 -0.863432 0.400000 0.400000 0.400000
4090.777344 0.000000 2713.936768 0.000000 0.494313 0.000000 0.869284 0.400000 0.400000 0.400000
4058.477295 0.000000 2729.149170 0.000000 0.940378 0.000000 0.340131 0.400000 0.400000 0.400000
4077.645508 0.000000 2717.630127 0.000000 0.563251 0.000000 0.826286 0.400000 0.400000 0.400000
4084.391846 0.000000 2694.646973 0.000000 0.926499 0.000000 -0.376298 0.400000 0.400000 0.400000
4083.959229 0.000000 2712.446289 0.000000 0.779734 0.000000 0.626111 0.400000 0.400000 0.400000
4097.001953 0.000000 2703.200195 0.000000 0.982833 0.000000 0.184498 0.400000 0.400000 0.400000
4150.553223 0.000000 2688.095947 0.000000 0.031633 0.000000 -0.999500 0.400000 0.400000 0.400000
4154.769531 0.000000 2713.936768 0.000000 0.992589 0.000000 -0.121519 0.400000 0.400000 0.400000
4095.872559 0.000000 2690.636963 0.000000 0.968699 0.000000 0.248240 0.400000 0.400000 0.400000
4095.730469 0.000000 2712.222412 0.000000 0.147162 0.000000 0.989112 0.400000 0.400000 0.400000
4120.515137 0.000000 2709.676025 0.000000 0.620648 0.000000 -0.784089 0.400000 0.400000 0.400000
4118.227539 0.000000 2701.663574 0.000000 0.694662 0.000000 -0.719336 0.400000 0.400000 0.400000
4207.770508 0.000000 2709.287109 0.000000 0.737121 0.000000 -0.675761 0.400000 0.400000 0.400000
4182.465820 0.000000 2718.775635 0.000000 0.956164 0.000000 0.292832 0.400000 0.400000 0.400000
4211.188965 0.000000 2724.178223 0.000000 0.066045 0.000000 -0.997817 0.400000 0.400000 0.400000
4218.761719 0.000000 2713.936768 0.000000 0.998676 0.000000 0.051435 0.400000 0.400000 0.400000
4186.461914 0.000000 2729.149170 0.000000 0.140425 0.000000 0.990091 0.400000 0.400000 0.400000
4463.739258 0.000000 3541.083984 0.000000 0.999980 0.000000 0.006386 0.400000 0.400000 0.400000
4449.250000 0.000000 3540.052490 0.000000 0.992673 0.000000 0.120835 0.400000 0.400000 0.400000
4457.002441 0.000000 3535.552734 0.000000 0.500137 0.000000 -0.865946 0.400000 0.400000 0.400000
4455.388672 0.000000 3544.724365 0.000000 0.291880 0.000000 0.956455 0.400000 0.400000 0.400000
"}
