object={
	name="tree_cedar_generator_1_0"
	clamp_to_water_level=no
	render_under_water=no
	generated_content=yes
	layer="tree_high_layer"
	pdxmesh="tree_cedar_01_mesh"
	count=58
	transform="3509.567139 0.000000 701.909973 0.000000 0.534212 0.000000 0.845351 1.000000 1.000000 1.000000
3511.567871 0.000000 700.144836 0.000000 0.218170 0.000000 0.975911 1.000000 1.000000 1.000000
3539.446045 0.000000 725.306946 0.000000 0.517729 0.000000 -0.855544 1.000000 1.000000 1.000000
3538.519287 0.000000 733.670837 0.000000 0.907743 0.000000 -0.419526 1.000000 1.000000 1.000000
3536.611816 0.000000 724.065552 0.000000 0.982623 0.000000 -0.185614 1.000000 1.000000 1.000000
3521.520264 0.000000 762.988770 0.000000 0.984085 0.000000 -0.177699 1.000000 1.000000 1.000000
3540.759766 0.000000 733.229248 0.000000 0.030678 0.000000 -0.999529 1.000000 1.000000 1.000000
3534.335205 0.000000 712.897400 0.000000 0.769812 0.000000 0.638271 1.000000 1.000000 1.000000
3520.740723 0.000000 713.680420 0.000000 0.326656 0.000000 -0.945143 1.000000 1.000000 1.000000
3527.063477 0.000000 786.407593 0.000000 0.270893 0.000000 -0.962609 1.000000 1.000000 1.000000
3531.269775 0.000000 799.121765 0.000000 0.649569 0.000000 0.760303 1.000000 1.000000 1.000000
3578.550537 0.000000 842.350037 0.000000 0.618702 0.000000 -0.785626 1.000000 1.000000 1.000000
3578.015381 0.000000 839.795410 0.000000 0.931029 0.000000 -0.364945 1.000000 1.000000 1.000000
3582.689209 0.000000 831.923767 0.000000 0.907314 0.000000 -0.420453 1.000000 1.000000 1.000000
3581.332764 0.000000 834.206116 0.000000 0.422287 0.000000 0.906462 1.000000 1.000000 1.000000
3452.464355 0.000000 1013.227722 0.000000 0.172116 0.000000 0.985077 1.000000 1.000000 1.000000
3403.873535 0.000000 1021.312561 0.000000 0.998328 0.000000 -0.057798 1.000000 1.000000 1.000000
3459.651855 0.000000 979.409668 0.000000 0.639233 0.000000 0.769013 1.000000 1.000000 1.000000
3459.281494 0.000000 984.541321 0.000000 0.997492 0.000000 -0.070779 1.000000 1.000000 1.000000
3475.463379 0.000000 1020.046143 0.000000 0.451958 0.000000 -0.892039 1.000000 1.000000 1.000000
3533.613037 0.000000 984.328491 0.000000 0.426011 0.000000 0.904718 1.000000 1.000000 1.000000
3530.087402 0.000000 987.602234 0.000000 0.736486 0.000000 0.676453 1.000000 1.000000 1.000000
3599.935059 0.000000 829.953918 0.000000 0.528195 0.000000 -0.849123 1.000000 1.000000 1.000000
3583.661133 0.000000 830.662537 0.000000 0.977843 0.000000 -0.209342 1.000000 1.000000 1.000000
3610.531982 0.000000 873.602356 0.000000 0.949163 0.000000 0.314786 1.000000 1.000000 1.000000
3599.768311 0.000000 858.384460 0.000000 0.969284 0.000000 0.245945 1.000000 1.000000 1.000000
3600.170898 0.000000 854.817078 0.000000 0.989444 0.000000 -0.144913 1.000000 1.000000 1.000000
3611.327637 0.000000 871.259033 0.000000 0.154969 0.000000 -0.987919 1.000000 1.000000 1.000000
3602.664551 0.000000 863.034607 0.000000 0.805725 0.000000 0.592290 1.000000 1.000000 1.000000
3603.772705 0.000000 862.071960 0.000000 0.986917 0.000000 0.161231 1.000000 1.000000 1.000000
3623.409668 0.000000 935.220398 0.000000 0.133101 0.000000 0.991102 1.000000 1.000000 1.000000
3625.261475 0.000000 934.842529 0.000000 0.717039 0.000000 -0.697034 1.000000 1.000000 1.000000
3687.876221 0.000000 957.721863 0.000000 0.641907 0.000000 0.766782 1.000000 1.000000 1.000000
3689.479004 0.000000 959.712402 0.000000 0.881270 0.000000 0.472614 1.000000 1.000000 1.000000
3676.608643 0.000000 956.398193 0.000000 0.213550 0.000000 -0.976932 1.000000 1.000000 1.000000
3677.685303 0.000000 958.249695 0.000000 0.128878 0.000000 -0.991660 1.000000 1.000000 1.000000
3678.937256 0.000000 958.503418 0.000000 0.577686 0.000000 0.816259 1.000000 1.000000 1.000000
3683.050537 0.000000 960.328125 0.000000 0.946952 0.000000 0.321376 1.000000 1.000000 1.000000
3683.077393 0.000000 970.910522 0.000000 0.965066 0.000000 -0.262005 1.000000 1.000000 1.000000
3677.059082 0.000000 961.489258 0.000000 0.704255 0.000000 0.709947 1.000000 1.000000 1.000000
3654.343018 0.000000 964.453064 0.000000 0.449791 0.000000 0.893134 1.000000 1.000000 1.000000
3691.870605 0.000000 959.918579 0.000000 0.906390 0.000000 0.422441 1.000000 1.000000 1.000000
3648.086426 0.000000 959.915466 0.000000 0.877177 0.000000 -0.480167 1.000000 1.000000 1.000000
3355.162354 0.000000 1056.000244 0.000000 0.360293 0.000000 -0.932839 1.000000 1.000000 1.000000
3337.850098 0.000000 1075.544312 0.000000 0.276027 0.000000 -0.961150 1.000000 1.000000 1.000000
3357.166748 0.000000 1061.880615 0.000000 0.821532 0.000000 -0.570163 1.000000 1.000000 1.000000
3346.017822 0.000000 1072.689819 0.000000 0.637050 0.000000 0.770823 1.000000 1.000000 1.000000
3347.928955 0.000000 1073.468140 0.000000 0.008132 0.000000 -0.999967 1.000000 1.000000 1.000000
3358.902832 0.000000 1053.261963 0.000000 0.967219 0.000000 -0.253942 1.000000 1.000000 1.000000
3355.766357 0.000000 1073.129272 0.000000 0.059530 0.000000 -0.998226 1.000000 1.000000 1.000000
3439.864014 0.000000 1109.677734 0.000000 0.339031 0.000000 0.940775 1.000000 1.000000 1.000000
3444.469971 0.000000 1095.037598 0.000000 0.130616 0.000000 0.991433 1.000000 1.000000 1.000000
3425.253418 0.000000 1128.602905 0.000000 0.277950 0.000000 -0.960596 1.000000 1.000000 1.000000
3413.831055 0.000000 1110.936157 0.000000 0.130522 0.000000 0.991445 1.000000 1.000000 1.000000
3436.943848 0.000000 1111.004395 0.000000 0.448425 0.000000 -0.893820 1.000000 1.000000 1.000000
3544.766357 0.000000 1339.772217 0.000000 0.965001 0.000000 -0.262248 1.000000 1.000000 1.000000
3558.444336 0.000000 1352.532104 0.000000 0.804319 0.000000 -0.594197 1.000000 1.000000 1.000000
4084.942871 0.000000 2259.739502 0.000000 0.704990 0.000000 0.709217 1.000000 1.000000 1.000000
"}
object={
	name="tree_cedar_generator_1_1"
	clamp_to_water_level=no
	render_under_water=no
	generated_content=yes
	layer="tree_high_layer"
	pdxmesh="tree_cedar_02_mesh"
	count=19
	transform="3517.225342 0.000000 704.634644 0.000000 0.908584 0.000000 0.417702 1.000000 1.000000 1.000000
3578.328125 0.000000 820.733154 0.000000 0.182418 0.000000 0.983221 1.000000 1.000000 1.000000
3545.886963 0.000000 802.789124 0.000000 0.975785 0.000000 -0.218732 1.000000 1.000000 1.000000
3579.234619 0.000000 838.174377 0.000000 0.214102 0.000000 0.976811 1.000000 1.000000 1.000000
3581.584473 0.000000 842.064697 0.000000 0.487002 0.000000 0.873401 1.000000 1.000000 1.000000
3576.077393 0.000000 839.990173 0.000000 0.725090 0.000000 0.688654 1.000000 1.000000 1.000000
3602.399658 0.000000 856.687744 0.000000 0.992347 0.000000 0.123484 1.000000 1.000000 1.000000
3606.334717 0.000000 856.754517 0.000000 0.980260 0.000000 0.197714 1.000000 1.000000 1.000000
3626.171143 0.000000 943.616028 0.000000 0.316100 0.000000 -0.948726 1.000000 1.000000 1.000000
3647.656738 0.000000 956.852844 0.000000 0.594234 0.000000 -0.804292 1.000000 1.000000 1.000000
3681.293701 0.000000 958.673218 0.000000 0.975120 0.000000 -0.221677 1.000000 1.000000 1.000000
3679.908203 0.000000 957.680115 0.000000 0.752097 0.000000 0.659052 1.000000 1.000000 1.000000
3675.921631 0.000000 967.430359 0.000000 0.992134 0.000000 -0.125177 1.000000 1.000000 1.000000
3676.522461 0.000000 969.869141 0.000000 0.996614 0.000000 0.082227 1.000000 1.000000 1.000000
3372.234619 0.000000 1052.158447 0.000000 0.816127 0.000000 0.577873 1.000000 1.000000 1.000000
3354.826416 0.000000 1059.987671 0.000000 0.820235 0.000000 0.572027 1.000000 1.000000 1.000000
3357.789307 0.000000 1060.640381 0.000000 0.974750 0.000000 0.223301 1.000000 1.000000 1.000000
3409.115723 0.000000 1023.755798 0.000000 0.956770 0.000000 -0.290845 1.000000 1.000000 1.000000
3413.088379 0.000000 1113.998535 0.000000 0.568806 0.000000 -0.822472 1.000000 1.000000 1.000000
"}
object={
	name="tree_cedar_generator_1_2"
	clamp_to_water_level=no
	render_under_water=no
	generated_content=yes
	layer="tree_high_layer"
	pdxmesh="tree_cedar_03_mesh"
	count=7
	transform="3516.882324 0.000000 702.295654 0.000000 0.061420 0.000000 -0.998112 1.000000 1.000000 1.000000
3452.980713 0.000000 1015.294556 0.000000 0.961687 0.000000 0.274149 1.000000 1.000000 1.000000
3478.699951 0.000000 1016.840820 0.000000 0.397369 0.000000 0.917659 1.000000 1.000000 1.000000
3680.859131 0.000000 971.844727 0.000000 0.999397 0.000000 -0.034725 1.000000 1.000000 1.000000
3352.423340 0.000000 1057.421143 0.000000 0.580546 0.000000 0.814227 1.000000 1.000000 1.000000
3417.096436 0.000000 1118.203247 0.000000 0.662716 0.000000 0.748871 1.000000 1.000000 1.000000
3445.919189 0.000000 1096.756470 0.000000 0.996996 0.000000 0.077453 1.000000 1.000000 1.000000
"}
object={
	name="tree_cedar_generator_1_3"
	clamp_to_water_level=no
	render_under_water=no
	generated_content=yes
	layer="tree_high_layer"
	pdxmesh="tree_cedar_04_mesh"
	count=5
	transform="3544.399902 0.000000 801.483643 0.000000 0.239202 0.000000 0.970970 1.000000 1.000000 1.000000
3577.097412 0.000000 838.122986 0.000000 0.782728 0.000000 -0.622364 1.000000 1.000000 1.000000
3603.790039 0.000000 855.140625 0.000000 0.962045 0.000000 0.272892 1.000000 1.000000 1.000000
3614.560791 0.000000 929.330872 0.000000 0.589348 0.000000 0.807879 1.000000 1.000000 1.000000
3421.730225 0.000000 1092.388306 0.000000 0.868219 0.000000 0.496181 1.000000 1.000000 1.000000
"}
