object={
	name="tree_willow_generator_1_0"
	render_pass=Map
	clamp_to_water_level=no
	generated_content=yes
	layer="tree_high_layer"
	pdxmesh="tree_willow_01_mesh"
	count=205
	transform="3700.563721 0.000000 909.167847 0.000000 0.233970 0.000000 0.972244 1.000000 1.000000 1.000000
3703.451172 0.000000 917.633301 0.000000 0.988112 0.000000 0.153734 1.000000 1.000000 1.000000
593.777344 0.000000 1755.163330 0.000000 0.835955 0.000000 0.548798 1.000000 1.000000 1.000000
591.022461 0.000000 1754.363037 0.000000 0.511035 0.000000 0.859560 1.000000 1.000000 1.000000
5237.886230 0.000000 1139.778931 0.000000 0.140200 0.000000 0.990123 1.000000 1.000000 1.000000
5235.551758 0.000000 1137.516968 0.000000 0.000095 0.000000 1.000000 1.000000 1.000000 1.000000
5216.583984 0.000000 1159.743286 0.000000 0.679964 0.000000 0.733246 1.000000 1.000000 1.000000
5255.514648 0.000000 1148.634888 0.000000 0.831903 0.000000 0.554921 1.000000 1.000000 1.000000
5257.647949 0.000000 1146.674316 0.000000 0.269982 0.000000 0.962865 1.000000 1.000000 1.000000
5263.987305 0.000000 1161.795898 0.000000 0.734572 0.000000 0.678531 1.000000 1.000000 1.000000
5252.958496 0.000000 1165.123901 0.000000 0.522104 0.000000 0.852882 1.000000 1.000000 1.000000
5261.924316 0.000000 1159.055908 0.000000 0.746856 0.000000 0.664985 1.000000 1.000000 1.000000
5299.786621 0.000000 2080.579834 0.000000 0.678977 0.000000 0.734160 1.000000 1.000000 1.000000
5300.863770 0.000000 2091.724609 0.000000 0.034922 0.000000 0.999390 1.000000 1.000000 1.000000
5287.283203 0.000000 2083.582764 0.000000 0.939753 0.000000 0.341855 1.000000 1.000000 1.000000
5321.109863 0.000000 2093.798584 0.000000 0.905954 0.000000 0.423376 1.000000 1.000000 1.000000
5894.399902 0.000000 2495.868652 0.000000 0.890416 0.000000 0.455148 1.000000 1.000000 1.000000
5901.030762 0.000000 2485.128662 0.000000 0.939944 0.000000 0.341329 1.000000 1.000000 1.000000
5893.730469 0.000000 2497.140381 0.000000 0.681575 0.000000 0.731749 1.000000 1.000000 1.000000
5900.375488 0.000000 2486.206787 0.000000 0.072540 0.000000 0.997366 1.000000 1.000000 1.000000
5969.682617 0.000000 2494.545898 0.000000 0.960059 0.000000 0.279798 1.000000 1.000000 1.000000
5974.233398 0.000000 2504.908691 0.000000 0.639976 0.000000 0.768395 1.000000 1.000000 1.000000
5924.488281 0.000000 2526.318359 0.000000 0.612100 0.000000 0.790780 1.000000 1.000000 1.000000
5950.283203 0.000000 2531.963867 0.000000 0.618300 0.000000 0.785942 1.000000 1.000000 1.000000
5943.790527 0.000000 2547.973877 0.000000 0.030208 0.000000 0.999544 1.000000 1.000000 1.000000
5942.347168 0.000000 2544.464355 0.000000 0.539552 0.000000 0.841952 1.000000 1.000000 1.000000
5994.054199 0.000000 2509.948975 0.000000 0.999529 0.000000 0.030674 1.000000 1.000000 1.000000
5962.827148 0.000000 2507.664795 0.000000 0.973371 0.000000 0.229234 1.000000 1.000000 1.000000
6009.110840 0.000000 2521.356689 0.000000 0.936078 0.000000 0.351791 1.000000 1.000000 1.000000
6017.393066 0.000000 2518.993408 0.000000 0.358580 0.000000 0.933499 1.000000 1.000000 1.000000
6016.929199 0.000000 2517.350586 0.000000 0.844511 0.000000 0.535539 1.000000 1.000000 1.000000
6596.339355 0.000000 2412.159912 0.000000 0.249647 0.000000 0.968337 1.000000 1.000000 1.000000
6619.153320 0.000000 2435.162354 0.000000 0.586098 0.000000 0.810240 1.000000 1.000000 1.000000
6617.446777 0.000000 2426.487549 0.000000 0.253510 0.000000 0.967333 1.000000 1.000000 1.000000
6707.117676 0.000000 2683.423340 0.000000 0.999586 0.000000 0.028773 1.000000 1.000000 1.000000
6718.358887 0.000000 2675.202637 0.000000 0.532016 0.000000 0.846735 1.000000 1.000000 1.000000
6710.421875 0.000000 2680.862061 0.000000 0.457036 0.000000 0.889448 1.000000 1.000000 1.000000
6710.836914 0.000000 2678.688721 0.000000 0.297967 0.000000 0.954576 1.000000 1.000000 1.000000
6709.393555 0.000000 2681.677002 0.000000 0.701448 0.000000 0.712721 1.000000 1.000000 1.000000
6767.633301 0.000000 2666.276611 0.000000 0.350395 0.000000 0.936602 1.000000 1.000000 1.000000
6756.888184 0.000000 2667.558838 0.000000 0.278104 0.000000 0.960551 1.000000 1.000000 1.000000
6757.814453 0.000000 2672.739990 0.000000 0.618276 0.000000 0.785961 1.000000 1.000000 1.000000
6726.298340 0.000000 2671.837402 0.000000 0.959193 0.000000 0.282753 1.000000 1.000000 1.000000
6753.931152 0.000000 2674.578857 0.000000 0.372652 0.000000 0.927971 1.000000 1.000000 1.000000
6721.593262 0.000000 2673.347900 0.000000 0.954837 0.000000 0.297129 1.000000 1.000000 1.000000
6746.798340 0.000000 2665.115723 0.000000 0.960697 0.000000 0.277598 1.000000 1.000000 1.000000
6753.920410 0.000000 2665.321777 0.000000 0.798565 0.000000 0.601908 1.000000 1.000000 1.000000
6776.204590 0.000000 2663.621582 0.000000 0.901216 0.000000 0.433370 1.000000 1.000000 1.000000
6768.263184 0.000000 2669.644775 0.000000 0.999881 0.000000 0.015434 1.000000 1.000000 1.000000
6761.817871 0.000000 2663.115723 0.000000 0.400523 0.000000 0.916287 1.000000 1.000000 1.000000
6751.297363 0.000000 2675.460693 0.000000 0.728238 0.000000 0.685325 1.000000 1.000000 1.000000
6724.260254 0.000000 2673.375000 0.000000 0.783213 0.000000 0.621754 1.000000 1.000000 1.000000
6774.572754 0.000000 2661.711182 0.000000 0.278881 0.000000 0.960326 1.000000 1.000000 1.000000
6750.998535 0.000000 2668.357178 0.000000 0.106389 0.000000 0.994325 1.000000 1.000000 1.000000
6723.882812 0.000000 2682.250244 0.000000 0.287609 0.000000 0.957748 1.000000 1.000000 1.000000
6771.108887 0.000000 2654.899414 0.000000 0.059617 0.000000 0.998221 1.000000 1.000000 1.000000
6744.497559 0.000000 2665.438721 0.000000 0.996513 0.000000 0.083435 1.000000 1.000000 1.000000
6762.822754 0.000000 2669.187256 0.000000 0.688865 0.000000 0.724890 1.000000 1.000000 1.000000
6757.410156 0.000000 2645.230225 0.000000 0.824472 0.000000 0.565903 1.000000 1.000000 1.000000
6752.157715 0.000000 2664.138184 0.000000 0.395667 0.000000 0.918394 1.000000 1.000000 1.000000
6733.271973 0.000000 2673.902100 0.000000 0.384904 0.000000 0.922957 1.000000 1.000000 1.000000
6759.502441 0.000000 2675.924072 0.000000 0.926536 0.000000 0.376206 1.000000 1.000000 1.000000
6768.398926 0.000000 2649.395752 0.000000 0.759808 0.000000 0.650147 1.000000 1.000000 1.000000
6734.690918 0.000000 2664.042969 0.000000 0.194606 0.000000 0.980881 1.000000 1.000000 1.000000
6732.961914 0.000000 2665.047363 0.000000 0.991061 0.000000 0.133409 1.000000 1.000000 1.000000
6769.240234 0.000000 2666.537598 0.000000 0.610099 0.000000 0.792326 1.000000 1.000000 1.000000
6749.827637 0.000000 2657.401367 0.000000 0.343138 0.000000 0.939285 1.000000 1.000000 1.000000
6758.478516 0.000000 2674.279053 0.000000 0.986056 0.000000 0.166415 1.000000 1.000000 1.000000
6739.186035 0.000000 2671.180420 0.000000 0.153810 0.000000 0.988100 1.000000 1.000000 1.000000
6763.355469 0.000000 2662.275879 0.000000 0.777968 0.000000 0.628303 1.000000 1.000000 1.000000
6729.750488 0.000000 2679.177734 0.000000 0.783118 0.000000 0.621874 1.000000 1.000000 1.000000
6730.579102 0.000000 2666.187256 0.000000 0.414957 0.000000 0.909841 1.000000 1.000000 1.000000
6763.911133 0.000000 2666.177246 0.000000 0.995692 0.000000 0.092722 1.000000 1.000000 1.000000
6723.085449 0.000000 2679.590820 0.000000 0.999989 0.000000 0.004730 1.000000 1.000000 1.000000
6726.844727 0.000000 2670.461182 0.000000 0.623047 0.000000 0.782184 1.000000 1.000000 1.000000
6766.522461 0.000000 2665.116699 0.000000 0.351274 0.000000 0.936273 1.000000 1.000000 1.000000
6762.112793 0.000000 2667.929443 0.000000 0.637803 0.000000 0.770199 1.000000 1.000000 1.000000
6725.726562 0.000000 2681.021240 0.000000 0.975100 0.000000 0.221764 1.000000 1.000000 1.000000
6738.708008 0.000000 2669.426270 0.000000 0.039803 0.000000 0.999208 1.000000 1.000000 1.000000
6725.628906 0.000000 2673.109131 0.000000 0.285358 0.000000 0.958421 1.000000 1.000000 1.000000
6775.667969 0.000000 2660.756104 0.000000 0.964191 0.000000 0.265210 1.000000 1.000000 1.000000
6758.048828 0.000000 2666.777832 0.000000 0.616990 0.000000 0.786971 1.000000 1.000000 1.000000
6771.335938 0.000000 2667.718506 0.000000 0.122354 0.000000 0.992487 1.000000 1.000000 1.000000
6732.726074 0.000000 2667.889893 0.000000 0.471526 0.000000 0.881852 1.000000 1.000000 1.000000
6780.468262 0.000000 2665.745117 0.000000 0.749244 0.000000 0.662294 1.000000 1.000000 1.000000
6731.557617 0.000000 2676.694336 0.000000 0.469155 0.000000 0.883116 1.000000 1.000000 1.000000
6759.054199 0.000000 2673.145996 0.000000 0.480845 0.000000 0.876806 1.000000 1.000000 1.000000
6722.375488 0.000000 2678.615479 0.000000 0.076177 0.000000 0.997094 1.000000 1.000000 1.000000
6730.068848 0.000000 2677.022705 0.000000 0.288651 0.000000 0.957434 1.000000 1.000000 1.000000
6758.657715 0.000000 2672.357178 0.000000 0.791510 0.000000 0.611156 1.000000 1.000000 1.000000
6765.790039 0.000000 2640.965820 0.000000 0.974349 0.000000 0.225040 1.000000 1.000000 1.000000
6765.254883 0.000000 2640.232666 0.000000 0.963225 0.000000 0.268698 1.000000 1.000000 1.000000
6690.320801 0.000000 2698.679199 0.000000 0.999867 0.000000 0.016333 1.000000 1.000000 1.000000
6671.678223 0.000000 2704.114014 0.000000 0.940197 0.000000 0.340630 1.000000 1.000000 1.000000
6695.261719 0.000000 2690.412354 0.000000 0.994284 0.000000 0.106764 1.000000 1.000000 1.000000
6707.150391 0.000000 2683.629150 0.000000 0.652064 0.000000 0.758164 1.000000 1.000000 1.000000
6700.241699 0.000000 2695.854980 0.000000 0.129932 0.000000 0.991523 1.000000 1.000000 1.000000
6697.638672 0.000000 2701.094727 0.000000 0.999367 0.000000 0.035568 1.000000 1.000000 1.000000
6688.288086 0.000000 2697.067871 0.000000 0.848206 0.000000 0.529666 1.000000 1.000000 1.000000
6717.921875 0.000000 2686.192627 0.000000 0.115367 0.000000 0.993323 1.000000 1.000000 1.000000
6695.960449 0.000000 2688.529053 0.000000 0.016548 0.000000 0.999863 1.000000 1.000000 1.000000
6697.062012 0.000000 2691.726562 0.000000 0.682536 0.000000 0.730852 1.000000 1.000000 1.000000
6703.758789 0.000000 2687.870117 0.000000 0.630140 0.000000 0.776481 1.000000 1.000000 1.000000
6713.966797 0.000000 2687.801270 0.000000 0.999803 0.000000 0.019868 1.000000 1.000000 1.000000
6691.539062 0.000000 2697.519043 0.000000 0.979336 0.000000 0.202240 1.000000 1.000000 1.000000
6700.707520 0.000000 2687.165771 0.000000 0.600018 0.000000 0.799986 1.000000 1.000000 1.000000
6670.249512 0.000000 2704.458496 0.000000 0.786760 0.000000 0.617259 1.000000 1.000000 1.000000
6682.481934 0.000000 2705.231445 0.000000 0.969755 0.000000 0.244080 1.000000 1.000000 1.000000
6683.849121 0.000000 2705.881592 0.000000 0.399840 0.000000 0.916585 1.000000 1.000000 1.000000
6713.044434 0.000000 2687.059570 0.000000 0.704646 0.000000 0.709559 1.000000 1.000000 1.000000
6706.125977 0.000000 2683.812256 0.000000 0.948384 0.000000 0.317125 1.000000 1.000000 1.000000
6777.185059 0.000000 2710.994629 0.000000 0.547049 0.000000 0.837100 1.000000 1.000000 1.000000
6741.788086 0.000000 2697.313965 0.000000 0.776574 0.000000 0.630026 1.000000 1.000000 1.000000
6757.068848 0.000000 2694.491943 0.000000 0.697230 0.000000 0.716848 1.000000 1.000000 1.000000
6743.688477 0.000000 2702.256836 0.000000 0.968740 0.000000 0.248077 1.000000 1.000000 1.000000
6726.757812 0.000000 2721.768066 0.000000 0.950615 0.000000 0.310371 1.000000 1.000000 1.000000
6748.225586 0.000000 2701.775391 0.000000 0.920933 0.000000 0.389721 1.000000 1.000000 1.000000
6734.560059 0.000000 2709.847656 0.000000 0.238753 0.000000 0.971080 1.000000 1.000000 1.000000
6757.214355 0.000000 2697.387207 0.000000 0.881933 0.000000 0.471375 1.000000 1.000000 1.000000
6743.687012 0.000000 2684.989746 0.000000 0.487253 0.000000 0.873261 1.000000 1.000000 1.000000
6771.108887 0.000000 2698.891602 0.000000 0.028351 0.000000 0.999598 1.000000 1.000000 1.000000
6745.518555 0.000000 2685.915771 0.000000 0.475784 0.000000 0.879562 1.000000 1.000000 1.000000
6749.162109 0.000000 2686.362793 0.000000 0.685089 0.000000 0.728459 1.000000 1.000000 1.000000
6751.045410 0.000000 2695.623535 0.000000 0.800515 0.000000 0.599313 1.000000 1.000000 1.000000
6779.774902 0.000000 2710.987549 0.000000 0.999599 0.000000 0.028332 1.000000 1.000000 1.000000
6734.118652 0.000000 2711.710449 0.000000 0.910598 0.000000 0.413292 1.000000 1.000000 1.000000
6760.259766 0.000000 2698.213379 0.000000 0.655892 0.000000 0.754854 1.000000 1.000000 1.000000
6755.531250 0.000000 2697.519043 0.000000 0.231271 0.000000 0.972889 1.000000 1.000000 1.000000
6737.714844 0.000000 2721.415039 0.000000 0.722467 0.000000 0.691405 1.000000 1.000000 1.000000
6742.100586 0.000000 2685.129883 0.000000 0.087433 0.000000 0.996170 1.000000 1.000000 1.000000
6756.245605 0.000000 2696.130371 0.000000 0.813209 0.000000 0.581972 1.000000 1.000000 1.000000
6735.552246 0.000000 2711.030029 0.000000 0.685227 0.000000 0.728330 1.000000 1.000000 1.000000
6743.833496 0.000000 2703.768555 0.000000 0.789236 0.000000 0.614090 1.000000 1.000000 1.000000
6733.337402 0.000000 2710.565186 0.000000 0.428773 0.000000 0.903412 1.000000 1.000000 1.000000
6772.402832 0.000000 2699.268555 0.000000 0.073538 0.000000 0.997292 1.000000 1.000000 1.000000
6760.735352 0.000000 2699.472900 0.000000 0.427530 0.000000 0.904001 1.000000 1.000000 1.000000
6742.619629 0.000000 2696.265381 0.000000 0.057211 0.000000 0.998362 1.000000 1.000000 1.000000
6745.441895 0.000000 2693.799072 0.000000 0.641204 0.000000 0.767370 1.000000 1.000000 1.000000
6748.706055 0.000000 2735.995361 0.000000 0.750721 0.000000 0.660619 1.000000 1.000000 1.000000
6730.921387 0.000000 2758.523926 0.000000 0.205725 0.000000 0.978610 1.000000 1.000000 1.000000
6739.454102 0.000000 2753.553223 0.000000 0.649386 0.000000 0.760459 1.000000 1.000000 1.000000
6772.267090 0.000000 2744.916016 0.000000 0.719832 0.000000 0.694148 1.000000 1.000000 1.000000
6734.070801 0.000000 2740.409912 0.000000 0.419069 0.000000 0.907954 1.000000 1.000000 1.000000
6749.097168 0.000000 2739.891113 0.000000 0.952285 0.000000 0.305212 1.000000 1.000000 1.000000
6731.610840 0.000000 2738.833496 0.000000 0.249349 0.000000 0.968414 1.000000 1.000000 1.000000
6740.827637 0.000000 2751.037598 0.000000 0.370695 0.000000 0.928755 1.000000 1.000000 1.000000
6767.062012 0.000000 2751.724121 0.000000 0.583365 0.000000 0.812210 1.000000 1.000000 1.000000
6746.959961 0.000000 2740.800537 0.000000 0.725025 0.000000 0.688722 1.000000 1.000000 1.000000
6730.495605 0.000000 2763.980957 0.000000 0.989843 0.000000 0.142165 1.000000 1.000000 1.000000
6748.711914 0.000000 2741.869629 0.000000 0.866363 0.000000 0.499414 1.000000 1.000000 1.000000
6734.690918 0.000000 2752.027344 0.000000 0.577936 0.000000 0.816082 1.000000 1.000000 1.000000
6772.190918 0.000000 2746.690674 0.000000 0.580949 0.000000 0.813940 1.000000 1.000000 1.000000
6730.071289 0.000000 2739.336426 0.000000 0.555956 0.000000 0.831212 1.000000 1.000000 1.000000
6735.505859 0.000000 2741.180420 0.000000 0.352878 0.000000 0.935669 1.000000 1.000000 1.000000
6730.280762 0.000000 2760.007080 0.000000 0.270723 0.000000 0.962657 1.000000 1.000000 1.000000
6740.777344 0.000000 2752.566406 0.000000 0.916408 0.000000 0.400245 1.000000 1.000000 1.000000
6728.638184 0.000000 2739.705078 0.000000 0.421411 0.000000 0.906870 1.000000 1.000000 1.000000
6747.533691 0.000000 2739.460449 0.000000 0.330243 0.000000 0.943896 1.000000 1.000000 1.000000
6748.185547 0.000000 2740.689453 0.000000 0.184437 0.000000 0.982844 1.000000 1.000000 1.000000
6769.634766 0.000000 2751.566650 0.000000 0.233246 0.000000 0.972418 1.000000 1.000000 1.000000
6749.288086 0.000000 2740.952637 0.000000 0.447726 0.000000 0.894171 1.000000 1.000000 1.000000
6746.880859 0.000000 2736.031982 0.000000 0.959843 0.000000 0.280536 1.000000 1.000000 1.000000
3748.374268 0.000000 3953.818604 0.000000 0.976905 0.000000 0.213672 1.000000 1.000000 1.000000
3761.461426 0.000000 3948.787109 0.000000 0.701724 0.000000 0.712449 1.000000 1.000000 1.000000
3760.823486 0.000000 3957.093262 0.000000 0.416886 0.000000 0.908959 1.000000 1.000000 1.000000
3766.109619 0.000000 3946.248047 0.000000 0.169605 0.000000 0.985512 1.000000 1.000000 1.000000
3753.673340 0.000000 3960.044678 0.000000 0.961258 0.000000 0.275650 1.000000 1.000000 1.000000
3129.630371 0.000000 4470.682129 0.000000 0.986992 0.000000 0.160768 1.000000 1.000000 1.000000
3129.964111 0.000000 4473.019043 0.000000 0.963159 0.000000 0.268933 1.000000 1.000000 1.000000
3118.857178 0.000000 4486.296875 0.000000 0.211528 0.000000 0.977372 1.000000 1.000000 1.000000
3140.320068 0.000000 4485.930176 0.000000 0.497941 0.000000 0.867211 1.000000 1.000000 1.000000
3139.752686 0.000000 4481.741211 0.000000 0.925210 0.000000 0.379457 1.000000 1.000000 1.000000
3143.401855 0.000000 4472.456055 0.000000 0.982081 0.000000 0.188457 1.000000 1.000000 1.000000
3092.591309 0.000000 4527.800781 0.000000 0.893417 0.000000 0.449228 1.000000 1.000000 1.000000
3114.187012 0.000000 4497.235352 0.000000 0.985041 0.000000 0.172319 1.000000 1.000000 1.000000
3117.040771 0.000000 4487.267578 0.000000 0.957260 0.000000 0.289228 1.000000 1.000000 1.000000
3103.163574 0.000000 4525.792480 0.000000 0.511244 0.000000 0.859436 1.000000 1.000000 1.000000
3111.041260 0.000000 4511.287598 0.000000 0.153062 0.000000 0.988217 1.000000 1.000000 1.000000
3115.982666 0.000000 4494.458984 0.000000 0.411977 0.000000 0.911194 1.000000 1.000000 1.000000
3086.718018 0.000000 4525.871094 0.000000 0.984530 0.000000 0.175214 1.000000 1.000000 1.000000
3103.742432 0.000000 4523.132812 0.000000 0.601141 0.000000 0.799143 1.000000 1.000000 1.000000
3087.398682 0.000000 4522.843262 0.000000 0.008193 0.000000 0.999966 1.000000 1.000000 1.000000
3090.197021 0.000000 4528.780762 0.000000 0.340379 0.000000 0.940288 1.000000 1.000000 1.000000
3109.906982 0.000000 4513.150879 0.000000 0.412351 0.000000 0.911025 1.000000 1.000000 1.000000
3088.530273 0.000000 4524.907227 0.000000 0.041866 0.000000 0.999123 1.000000 1.000000 1.000000
3134.568359 0.000000 4491.816895 0.000000 0.105534 0.000000 0.994416 1.000000 1.000000 1.000000
3117.144775 0.000000 4490.845703 0.000000 0.912663 0.000000 0.408712 1.000000 1.000000 1.000000
3134.966553 0.000000 4495.552246 0.000000 0.709676 0.000000 0.704528 1.000000 1.000000 1.000000
3134.079590 0.000000 4493.090820 0.000000 0.406863 0.000000 0.913489 1.000000 1.000000 1.000000
3122.233643 0.000000 4502.189453 0.000000 0.469175 0.000000 0.883105 1.000000 1.000000 1.000000
3136.411621 0.000000 4492.471680 0.000000 0.105903 0.000000 0.994376 1.000000 1.000000 1.000000
3135.620361 0.000000 4493.877441 0.000000 0.012475 0.000000 0.999922 1.000000 1.000000 1.000000
3102.701660 0.000000 4564.558105 0.000000 0.052066 0.000000 0.998644 1.000000 1.000000 1.000000
3098.609619 0.000000 4569.161621 0.000000 0.972519 0.000000 0.232824 1.000000 1.000000 1.000000
3082.147461 0.000000 4544.571289 0.000000 0.159945 0.000000 0.987126 1.000000 1.000000 1.000000
3106.376221 0.000000 4566.243164 0.000000 0.891659 0.000000 0.452708 1.000000 1.000000 1.000000
3097.118164 0.000000 4566.648438 0.000000 0.659093 0.000000 0.752062 1.000000 1.000000 1.000000
3094.904053 0.000000 4558.455078 0.000000 0.192564 0.000000 0.981284 1.000000 1.000000 1.000000
3092.155762 0.000000 4558.799316 0.000000 0.169687 0.000000 0.985498 1.000000 1.000000 1.000000
3091.152832 0.000000 4561.090332 0.000000 0.283205 0.000000 0.959060 1.000000 1.000000 1.000000
3084.543457 0.000000 4550.253906 0.000000 0.087668 0.000000 0.996150 1.000000 1.000000 1.000000
3088.843994 0.000000 4554.041504 0.000000 0.024505 0.000000 0.999700 1.000000 1.000000 1.000000
3092.348145 0.000000 4560.171387 0.000000 0.931775 0.000000 0.363036 1.000000 1.000000 1.000000
3094.756104 0.000000 4559.678711 0.000000 0.971089 0.000000 0.238718 1.000000 1.000000 1.000000
3095.277344 0.000000 4561.247559 0.000000 0.593273 0.000000 0.805001 1.000000 1.000000 1.000000
"}
object={
	name="tree_willow_generator_1_1"
	render_pass=Map
	clamp_to_water_level=no
	generated_content=yes
	layer="tree_high_layer"
	pdxmesh="tree_willow_02_mesh"
	count=186
	transform="3702.786865 0.000000 925.413208 0.000000 0.987902 0.000000 -0.155082 1.000000 1.000000 1.000000
591.815186 0.000000 1748.617065 0.000000 0.900960 0.000000 -0.433903 1.000000 1.000000 1.000000
5222.666016 0.000000 1134.552246 0.000000 0.410228 0.000000 -0.911983 1.000000 1.000000 1.000000
5200.802734 0.000000 1163.102539 0.000000 0.178163 0.000000 -0.984001 1.000000 1.000000 1.000000
5218.035156 0.000000 1149.945068 0.000000 0.987921 0.000000 -0.154957 1.000000 1.000000 1.000000
5218.877441 0.000000 1149.046753 0.000000 0.994346 0.000000 -0.106189 1.000000 1.000000 1.000000
5260.137207 0.000000 1158.350098 0.000000 0.875681 0.000000 -0.482890 1.000000 1.000000 1.000000
5254.159180 0.000000 1147.335083 0.000000 0.946105 0.000000 -0.323860 1.000000 1.000000 1.000000
5282.492676 0.000000 2082.788574 0.000000 0.679599 0.000000 -0.733584 1.000000 1.000000 1.000000
5298.980469 0.000000 2091.595215 0.000000 0.980453 0.000000 -0.196751 1.000000 1.000000 1.000000
5299.485352 0.000000 2078.819336 0.000000 0.836125 0.000000 -0.548539 1.000000 1.000000 1.000000
5321.311035 0.000000 2091.877686 0.000000 0.765592 0.000000 -0.643327 1.000000 1.000000 1.000000
5921.085449 0.000000 2493.686279 0.000000 0.990075 0.000000 -0.140537 1.000000 1.000000 1.000000
5928.468262 0.000000 2501.616943 0.000000 0.225574 0.000000 -0.974226 1.000000 1.000000 1.000000
5914.448730 0.000000 2492.253418 0.000000 0.910090 0.000000 -0.414410 1.000000 1.000000 1.000000
5901.672363 0.000000 2486.195801 0.000000 0.782057 0.000000 -0.623207 1.000000 1.000000 1.000000
5982.350098 0.000000 2496.925049 0.000000 0.209939 0.000000 -0.977714 1.000000 1.000000 1.000000
5967.159180 0.000000 2496.484375 0.000000 0.040814 0.000000 -0.999167 1.000000 1.000000 1.000000
5969.267090 0.000000 2496.111084 0.000000 0.263307 0.000000 -0.964712 1.000000 1.000000 1.000000
5975.849121 0.000000 2505.389893 0.000000 0.790597 0.000000 -0.612336 1.000000 1.000000 1.000000
5962.263184 0.000000 2506.906250 0.000000 0.197623 0.000000 -0.980278 1.000000 1.000000 1.000000
5943.694336 0.000000 2544.407959 0.000000 0.308403 0.000000 -0.951256 1.000000 1.000000 1.000000
5995.811035 0.000000 2509.797607 0.000000 0.620425 0.000000 -0.784266 1.000000 1.000000 1.000000
6009.020020 0.000000 2520.183594 0.000000 0.899729 0.000000 -0.436449 1.000000 1.000000 1.000000
6004.241699 0.000000 2509.549561 0.000000 0.828837 0.000000 -0.559491 1.000000 1.000000 1.000000
6015.311035 0.000000 2518.799561 0.000000 0.285236 0.000000 -0.958457 1.000000 1.000000 1.000000
6603.502930 0.000000 2418.334473 0.000000 0.999502 0.000000 -0.031570 1.000000 1.000000 1.000000
6594.522949 0.000000 2425.856689 0.000000 0.038232 0.000000 -0.999269 1.000000 1.000000 1.000000
6601.285156 0.000000 2419.784180 0.000000 0.439377 0.000000 -0.898303 1.000000 1.000000 1.000000
6610.159668 0.000000 2438.697998 0.000000 0.110997 0.000000 -0.993821 1.000000 1.000000 1.000000
6718.842285 0.000000 2673.475098 0.000000 0.402478 0.000000 -0.915430 1.000000 1.000000 1.000000
6711.572754 0.000000 2681.684082 0.000000 0.950074 0.000000 -0.312026 1.000000 1.000000 1.000000
6707.096191 0.000000 2682.187988 0.000000 0.995406 0.000000 -0.095740 1.000000 1.000000 1.000000
6708.181641 0.000000 2680.000732 0.000000 0.998008 0.000000 -0.063086 1.000000 1.000000 1.000000
6721.530762 0.000000 2682.698486 0.000000 0.208221 0.000000 -0.978082 1.000000 1.000000 1.000000
6762.272461 0.000000 2666.383301 0.000000 0.907370 0.000000 -0.420334 1.000000 1.000000 1.000000
6751.374512 0.000000 2657.976562 0.000000 0.897645 0.000000 -0.440718 1.000000 1.000000 1.000000
6772.267090 0.000000 2656.931641 0.000000 0.984391 0.000000 -0.175995 1.000000 1.000000 1.000000
6761.125000 0.000000 2670.597168 0.000000 0.556365 0.000000 -0.830938 1.000000 1.000000 1.000000
6724.654297 0.000000 2680.033691 0.000000 0.948592 0.000000 -0.316502 1.000000 1.000000 1.000000
6731.960938 0.000000 2666.787354 0.000000 0.772365 0.000000 -0.635178 1.000000 1.000000 1.000000
6757.305664 0.000000 2643.101074 0.000000 0.651559 0.000000 -0.758598 1.000000 1.000000 1.000000
6756.299316 0.000000 2680.968018 0.000000 0.960478 0.000000 -0.278355 1.000000 1.000000 1.000000
6757.637695 0.000000 2675.673340 0.000000 0.966976 0.000000 -0.254869 1.000000 1.000000 1.000000
6748.225586 0.000000 2657.783203 0.000000 0.633530 0.000000 -0.773718 1.000000 1.000000 1.000000
6734.560059 0.000000 2665.855469 0.000000 0.306162 0.000000 -0.951979 1.000000 1.000000 1.000000
6759.370605 0.000000 2666.335938 0.000000 0.725371 0.000000 -0.688358 1.000000 1.000000 1.000000
6769.531738 0.000000 2650.803711 0.000000 0.420286 0.000000 -0.907392 1.000000 1.000000 1.000000
6753.437500 0.000000 2677.237305 0.000000 0.999823 0.000000 -0.018812 1.000000 1.000000 1.000000
6729.255371 0.000000 2677.689209 0.000000 0.271551 0.000000 -0.962424 1.000000 1.000000 1.000000
6757.202637 0.000000 2647.956543 0.000000 0.788178 0.000000 -0.615447 1.000000 1.000000 1.000000
6753.628418 0.000000 2657.001465 0.000000 0.727413 0.000000 -0.686200 1.000000 1.000000 1.000000
6763.128418 0.000000 2660.702148 0.000000 0.874082 0.000000 -0.485778 1.000000 1.000000 1.000000
6746.845215 0.000000 2662.740234 0.000000 0.334303 0.000000 -0.942466 1.000000 1.000000 1.000000
6732.805664 0.000000 2671.896484 0.000000 0.579513 0.000000 -0.814963 1.000000 1.000000 1.000000
6761.468262 0.000000 2645.862549 0.000000 0.705360 0.000000 -0.708849 1.000000 1.000000 1.000000
6723.315430 0.000000 2678.061279 0.000000 0.970823 0.000000 -0.239798 1.000000 1.000000 1.000000
6759.952637 0.000000 2644.536865 0.000000 0.996966 0.000000 -0.077838 1.000000 1.000000 1.000000
6720.286133 0.000000 2674.888184 0.000000 0.152683 0.000000 -0.988275 1.000000 1.000000 1.000000
6745.381348 0.000000 2663.873047 0.000000 0.695896 0.000000 -0.718142 1.000000 1.000000 1.000000
6741.898438 0.000000 2669.199707 0.000000 0.271262 0.000000 -0.962506 1.000000 1.000000 1.000000
6768.212402 0.000000 2667.905273 0.000000 0.456305 0.000000 -0.889823 1.000000 1.000000 1.000000
6764.699707 0.000000 2643.173584 0.000000 0.473040 0.000000 -0.881041 1.000000 1.000000 1.000000
6780.536133 0.000000 2664.175293 0.000000 0.895559 0.000000 -0.444942 1.000000 1.000000 1.000000
6745.361328 0.000000 2662.141357 0.000000 0.288055 0.000000 -0.957614 1.000000 1.000000 1.000000
6751.075684 0.000000 2656.382568 0.000000 0.205917 0.000000 -0.978569 1.000000 1.000000 1.000000
6754.857910 0.000000 2681.844482 0.000000 0.803642 0.000000 -0.595113 1.000000 1.000000 1.000000
6773.537598 0.000000 2656.009033 0.000000 0.543902 0.000000 -0.839149 1.000000 1.000000 1.000000
6758.658691 0.000000 2643.758545 0.000000 0.060491 0.000000 -0.998169 1.000000 1.000000 1.000000
6724.976074 0.000000 2674.725098 0.000000 0.681949 0.000000 -0.731400 1.000000 1.000000 1.000000
6748.831543 0.000000 2659.241699 0.000000 0.746875 0.000000 -0.664965 1.000000 1.000000 1.000000
6730.853027 0.000000 2677.751709 0.000000 0.910445 0.000000 -0.413630 1.000000 1.000000 1.000000
6758.473633 0.000000 2671.485352 0.000000 0.576041 0.000000 -0.817421 1.000000 1.000000 1.000000
6732.028809 0.000000 2673.061523 0.000000 0.931865 0.000000 -0.362805 1.000000 1.000000 1.000000
6768.678223 0.000000 2651.952881 0.000000 0.999199 0.000000 -0.040007 1.000000 1.000000 1.000000
6733.337402 0.000000 2666.572998 0.000000 0.600247 0.000000 -0.799814 1.000000 1.000000 1.000000
6739.902832 0.000000 2668.507080 0.000000 0.944273 0.000000 -0.329163 1.000000 1.000000 1.000000
6755.074219 0.000000 2680.367920 0.000000 0.864401 0.000000 -0.502804 1.000000 1.000000 1.000000
6722.802734 0.000000 2683.103516 0.000000 0.871920 0.000000 -0.489648 1.000000 1.000000 1.000000
6781.605957 0.000000 2665.103271 0.000000 0.556883 0.000000 -0.830591 1.000000 1.000000 1.000000
6733.793457 0.000000 2672.721924 0.000000 0.216243 0.000000 -0.976340 1.000000 1.000000 1.000000
6758.723145 0.000000 2645.178223 0.000000 0.358941 0.000000 -0.933360 1.000000 1.000000 1.000000
6761.997559 0.000000 2671.687256 0.000000 0.999947 0.000000 -0.010297 1.000000 1.000000 1.000000
6753.248535 0.000000 2664.369873 0.000000 0.970263 0.000000 -0.242053 1.000000 1.000000 1.000000
6770.330566 0.000000 2667.126953 0.000000 0.966667 0.000000 -0.256036 1.000000 1.000000 1.000000
6760.884277 0.000000 2671.870361 0.000000 0.725103 0.000000 -0.688641 1.000000 1.000000 1.000000
6752.934570 0.000000 2665.813477 0.000000 0.974779 0.000000 -0.223173 1.000000 1.000000 1.000000
6740.422852 0.000000 2670.902100 0.000000 0.678525 0.000000 -0.734577 1.000000 1.000000 1.000000
6722.133789 0.000000 2679.832764 0.000000 0.982655 0.000000 -0.185445 1.000000 1.000000 1.000000
6715.509277 0.000000 2686.941406 0.000000 0.996249 0.000000 -0.086528 1.000000 1.000000 1.000000
6703.278809 0.000000 2696.111328 0.000000 0.915184 0.000000 -0.403036 1.000000 1.000000 1.000000
6697.476074 0.000000 2689.854736 0.000000 0.392890 0.000000 -0.919585 1.000000 1.000000 1.000000
6696.492188 0.000000 2702.350098 0.000000 0.999728 0.000000 -0.023336 1.000000 1.000000 1.000000
6700.766602 0.000000 2697.533203 0.000000 0.607960 0.000000 -0.793968 1.000000 1.000000 1.000000
6703.875488 0.000000 2697.656982 0.000000 0.914374 0.000000 -0.404870 1.000000 1.000000 1.000000
6696.062500 0.000000 2700.764160 0.000000 0.647013 0.000000 -0.762479 1.000000 1.000000 1.000000
6702.623535 0.000000 2687.075439 0.000000 0.525890 0.000000 -0.850553 1.000000 1.000000 1.000000
6737.506836 0.000000 2719.666748 0.000000 0.850493 0.000000 -0.525986 1.000000 1.000000 1.000000
6752.538574 0.000000 2694.365479 0.000000 0.377394 0.000000 -0.926053 1.000000 1.000000 1.000000
6779.890625 0.000000 2712.979980 0.000000 0.361568 0.000000 -0.932346 1.000000 1.000000 1.000000
6773.614258 0.000000 2698.373047 0.000000 0.116568 0.000000 -0.993183 1.000000 1.000000 1.000000
6754.698242 0.000000 2695.939209 0.000000 0.834158 0.000000 -0.551526 1.000000 1.000000 1.000000
6742.431152 0.000000 2704.572266 0.000000 0.419481 0.000000 -0.907764 1.000000 1.000000 1.000000
6746.340332 0.000000 2692.778076 0.000000 0.298894 0.000000 -0.954286 1.000000 1.000000 1.000000
6752.280273 0.000000 2697.067871 0.000000 0.796302 0.000000 -0.604899 1.000000 1.000000 1.000000
6744.212402 0.000000 2693.343018 0.000000 0.969478 0.000000 -0.245178 1.000000 1.000000 1.000000
6736.085449 0.000000 2721.227295 0.000000 0.975323 0.000000 -0.220785 1.000000 1.000000 1.000000
6734.690918 0.000000 2708.035156 0.000000 0.984537 0.000000 -0.175175 1.000000 1.000000 1.000000
6726.913086 0.000000 2720.027100 0.000000 0.989386 0.000000 -0.145310 1.000000 1.000000 1.000000
6733.510254 0.000000 2726.959961 0.000000 0.829251 0.000000 -0.558877 1.000000 1.000000 1.000000
6778.502441 0.000000 2712.034912 0.000000 0.233224 0.000000 -0.972423 1.000000 1.000000 1.000000
6737.958984 0.000000 2708.910889 0.000000 0.893817 0.000000 -0.448432 1.000000 1.000000 1.000000
6742.116699 0.000000 2702.135742 0.000000 0.473921 0.000000 -0.880567 1.000000 1.000000 1.000000
6723.268066 0.000000 2685.807373 0.000000 0.834165 0.000000 -0.551514 1.000000 1.000000 1.000000
6743.693848 0.000000 2713.039795 0.000000 0.537357 0.000000 -0.843355 1.000000 1.000000 1.000000
6748.831543 0.000000 2703.233887 0.000000 0.389128 0.000000 -0.921184 1.000000 1.000000 1.000000
6722.073242 0.000000 2684.797852 0.000000 0.486808 0.000000 -0.873509 1.000000 1.000000 1.000000
6742.311035 0.000000 2712.006592 0.000000 0.924081 0.000000 -0.382196 1.000000 1.000000 1.000000
6750.878418 0.000000 2686.966309 0.000000 0.094154 0.000000 -0.995558 1.000000 1.000000 1.000000
6722.551270 0.000000 2683.579590 0.000000 0.711386 0.000000 -0.702802 1.000000 1.000000 1.000000
6749.193848 0.000000 2702.265137 0.000000 0.986697 0.000000 -0.162569 1.000000 1.000000 1.000000
6742.934570 0.000000 2697.124512 0.000000 0.506704 0.000000 -0.862120 1.000000 1.000000 1.000000
6736.476074 0.000000 2751.774170 0.000000 0.994943 0.000000 -0.100442 1.000000 1.000000 1.000000
6734.560059 0.000000 2753.839844 0.000000 0.994024 0.000000 -0.109163 1.000000 1.000000 1.000000
6782.026367 0.000000 2758.797363 0.000000 0.904607 0.000000 -0.426248 1.000000 1.000000 1.000000
6773.815430 0.000000 2746.432373 0.000000 0.943123 0.000000 -0.332443 1.000000 1.000000 1.000000
6734.933105 0.000000 2750.154541 0.000000 0.918529 0.000000 -0.395354 1.000000 1.000000 1.000000
6733.271973 0.000000 2761.886475 0.000000 0.347981 0.000000 -0.937501 1.000000 1.000000 1.000000
6747.592773 0.000000 2728.842773 0.000000 0.113479 0.000000 -0.993540 1.000000 1.000000 1.000000
6748.915527 0.000000 2743.943115 0.000000 0.974989 0.000000 -0.222253 1.000000 1.000000 1.000000
6736.862305 0.000000 2741.029297 0.000000 0.597903 0.000000 -0.801568 1.000000 1.000000 1.000000
6768.424316 0.000000 2751.557373 0.000000 0.831525 0.000000 -0.555488 1.000000 1.000000 1.000000
6783.106934 0.000000 2759.489258 0.000000 0.079725 0.000000 -0.996817 1.000000 1.000000 1.000000
6783.294434 0.000000 2758.228271 0.000000 0.200538 0.000000 -0.979686 1.000000 1.000000 1.000000
3762.358643 0.000000 3954.061523 0.000000 0.846717 0.000000 -0.532044 1.000000 1.000000 1.000000
3764.555908 0.000000 3944.628906 0.000000 0.133354 0.000000 -0.991068 1.000000 1.000000 1.000000
3751.568359 0.000000 3957.450928 0.000000 0.305516 0.000000 -0.952187 1.000000 1.000000 1.000000
3767.448975 0.000000 3944.438965 0.000000 0.997316 0.000000 -0.073212 1.000000 1.000000 1.000000
3746.515381 0.000000 3955.172363 0.000000 0.205578 0.000000 -0.978641 1.000000 1.000000 1.000000
3757.603027 0.000000 3954.358154 0.000000 0.383848 0.000000 -0.923396 1.000000 1.000000 1.000000
3753.835205 0.000000 3965.628174 0.000000 0.951638 0.000000 -0.307221 1.000000 1.000000 1.000000
3132.309326 0.000000 4475.821777 0.000000 0.193259 0.000000 -0.981148 1.000000 1.000000 1.000000
3131.978516 0.000000 4480.762207 0.000000 0.121186 0.000000 -0.992630 1.000000 1.000000 1.000000
3132.335693 0.000000 4472.667969 0.000000 0.672036 0.000000 -0.740519 1.000000 1.000000 1.000000
3126.656738 0.000000 4469.947266 0.000000 0.991750 0.000000 -0.128185 1.000000 1.000000 1.000000
3129.101807 0.000000 4479.900879 0.000000 0.867869 0.000000 -0.496793 1.000000 1.000000 1.000000
3128.481445 0.000000 4469.143066 0.000000 0.834322 0.000000 -0.551277 1.000000 1.000000 1.000000
3140.761230 0.000000 4479.792969 0.000000 0.711577 0.000000 -0.702608 1.000000 1.000000 1.000000
3139.503418 0.000000 4473.206055 0.000000 0.554345 0.000000 -0.832287 1.000000 1.000000 1.000000
3144.601318 0.000000 4473.395996 0.000000 0.240871 0.000000 -0.970557 1.000000 1.000000 1.000000
3138.135010 0.000000 4479.882812 0.000000 0.834261 0.000000 -0.551369 1.000000 1.000000 1.000000
3141.489990 0.000000 4481.972168 0.000000 0.945895 0.000000 -0.324474 1.000000 1.000000 1.000000
3141.971436 0.000000 4471.450684 0.000000 0.903667 0.000000 -0.428236 1.000000 1.000000 1.000000
3140.682373 0.000000 4472.293457 0.000000 0.990950 0.000000 -0.134229 1.000000 1.000000 1.000000
3102.701660 0.000000 4520.565918 0.000000 0.991719 0.000000 -0.128429 1.000000 1.000000 1.000000
3109.333496 0.000000 4515.230957 0.000000 0.006373 0.000000 -0.999980 1.000000 1.000000 1.000000
3094.438477 0.000000 4521.449219 0.000000 0.490672 0.000000 -0.871344 1.000000 1.000000 1.000000
3114.696777 0.000000 4491.333496 0.000000 0.751778 0.000000 -0.659416 1.000000 1.000000 1.000000
3089.951904 0.000000 4523.346680 0.000000 0.896434 0.000000 -0.443176 1.000000 1.000000 1.000000
3128.801758 0.000000 4501.965820 0.000000 0.309026 0.000000 -0.951054 1.000000 1.000000 1.000000
3134.338623 0.000000 4496.997070 0.000000 0.944960 0.000000 -0.327187 1.000000 1.000000 1.000000
3118.581787 0.000000 4489.441406 0.000000 0.940813 0.000000 -0.338927 1.000000 1.000000 1.000000
3108.500244 0.000000 4511.584961 0.000000 0.208304 0.000000 -0.978064 1.000000 1.000000 1.000000
3126.629395 0.000000 4499.756348 0.000000 0.608164 0.000000 -0.793811 1.000000 1.000000 1.000000
3123.553711 0.000000 4502.571289 0.000000 0.422381 0.000000 -0.906418 1.000000 1.000000 1.000000
3123.153076 0.000000 4501.235352 0.000000 0.872619 0.000000 -0.488401 1.000000 1.000000 1.000000
3138.944580 0.000000 4493.489746 0.000000 0.795999 0.000000 -0.605297 1.000000 1.000000 1.000000
3108.452393 0.000000 4569.709473 0.000000 0.077688 0.000000 -0.996978 1.000000 1.000000 1.000000
3094.438477 0.000000 4565.441406 0.000000 0.368628 0.000000 -0.929577 1.000000 1.000000 1.000000
3098.419922 0.000000 4563.289551 0.000000 0.977186 0.000000 -0.212387 1.000000 1.000000 1.000000
3088.115479 0.000000 4551.786133 0.000000 0.701455 0.000000 -0.712714 1.000000 1.000000 1.000000
3095.565674 0.000000 4562.140137 0.000000 0.446067 0.000000 -0.895000 1.000000 1.000000 1.000000
3094.581787 0.000000 4556.923340 0.000000 0.491870 0.000000 -0.870669 1.000000 1.000000 1.000000
3090.033691 0.000000 4562.179199 0.000000 0.864223 0.000000 -0.503108 1.000000 1.000000 1.000000
3090.935791 0.000000 4559.653809 0.000000 0.966723 0.000000 -0.255826 1.000000 1.000000 1.000000
3089.964355 0.000000 4553.057617 0.000000 0.729374 0.000000 -0.684116 1.000000 1.000000 1.000000
3083.625000 0.000000 4549.146973 0.000000 0.999810 0.000000 -0.019495 1.000000 1.000000 1.000000
3093.751221 0.000000 4563.406738 0.000000 0.638706 0.000000 -0.769451 1.000000 1.000000 1.000000
3098.268066 0.000000 4565.134277 0.000000 0.967872 0.000000 -0.251443 1.000000 1.000000 1.000000
3084.004883 0.000000 4547.478516 0.000000 0.494320 0.000000 -0.869280 1.000000 1.000000 1.000000
3096.139160 0.000000 4560.711914 0.000000 0.258250 0.000000 -0.966078 1.000000 1.000000 1.000000
3087.447754 0.000000 4550.444336 0.000000 0.943443 0.000000 -0.331533 1.000000 1.000000 1.000000
3080.636230 0.000000 4544.812988 0.000000 0.977333 0.000000 -0.211708 1.000000 1.000000 1.000000
3081.514160 0.000000 4545.720703 0.000000 0.695401 0.000000 -0.718622 1.000000 1.000000 1.000000
3085.055176 0.000000 4546.804688 0.000000 0.031563 0.000000 -0.999502 1.000000 1.000000 1.000000
3093.306152 0.000000 4560.569336 0.000000 0.849156 0.000000 -0.528143 1.000000 1.000000 1.000000
"}
