object={
	name="tree_leaf_2_high_generator_1_0"
	clamp_to_water_level=no
	render_under_water=no
	generated_content=yes
	layer="tree_high_layer"
	pdxmesh="tree_leaf_01_a_mesh"
	count=144
	transform="2448.769531 0.000000 2768.745605 0.000000 0.061880 0.000000 0.998084 0.568357 0.568357 0.568357
2451.578857 0.000000 2772.806885 0.000000 0.779580 0.000000 0.626303 0.572627 0.572627 0.572627
2467.991943 0.000000 2767.878174 0.000000 0.345708 0.000000 -0.938342 0.623714 0.623714 0.623714
2470.189453 0.000000 2772.001709 0.000000 0.665038 0.000000 -0.746810 0.692209 0.692209 0.692209
2462.780273 0.000000 2762.740479 0.000000 0.704318 0.000000 -0.709885 0.656754 0.656754 0.656754
2459.031738 0.000000 2763.220703 0.000000 0.738883 0.000000 -0.673834 0.656485 0.656485 0.656485
2450.540283 0.000000 2776.218994 0.000000 0.199669 0.000000 0.979863 0.493305 0.493305 0.493305
2472.178955 0.000000 2774.009521 0.000000 0.060197 0.000000 0.998187 0.448398 0.448398 0.448398
2478.792236 0.000000 2765.962891 0.000000 0.972244 0.000000 -0.233969 0.610966 0.610966 0.610966
2467.854736 0.000000 2770.685791 0.000000 0.899138 0.000000 0.437664 0.575572 0.575572 0.575572
2487.527588 0.000000 2765.020020 0.000000 0.882587 0.000000 -0.470150 0.630793 0.630793 0.630793
2462.414551 0.000000 2765.149414 0.000000 0.923914 0.000000 -0.382601 0.624700 0.624700 0.624700
2455.990967 0.000000 2796.713623 0.000000 0.394787 0.000000 -0.918773 0.804168 0.804168 0.804168
2446.823486 0.000000 2770.676758 0.000000 0.215437 0.000000 -0.976518 0.721661 0.721661 0.721661
2449.008789 0.000000 2779.797852 0.000000 0.511788 0.000000 -0.859112 0.872476 0.872476 0.872476
2457.793213 0.000000 2795.516113 0.000000 0.962184 0.000000 -0.272402 0.630581 0.630581 0.630581
2458.019775 0.000000 2786.304688 0.000000 0.079220 0.000000 -0.996857 0.785435 0.785435 0.785435
2452.940918 0.000000 2767.036865 0.000000 0.761925 0.000000 0.647666 0.539847 0.539847 0.539847
2448.631104 0.000000 2776.123535 0.000000 0.766793 0.000000 -0.641895 0.791053 0.791053 0.791053
2449.609619 0.000000 2777.692139 0.000000 0.989188 0.000000 0.146655 0.559653 0.559653 0.559653
2454.422607 0.000000 2794.466553 0.000000 0.794232 0.000000 0.607615 0.520763 0.520763 0.520763
2476.189697 0.000000 2775.950195 0.000000 0.033668 0.000000 0.999433 0.376658 0.376658 0.376658
2477.408447 0.000000 2778.618896 0.000000 0.824892 0.000000 -0.565291 0.709792 0.709792 0.709792
2477.669189 0.000000 2780.198242 0.000000 0.878522 0.000000 -0.477703 0.705936 0.705936 0.705936
2476.487793 0.000000 2781.199707 0.000000 0.914686 0.000000 -0.404166 0.688500 0.688500 0.688500
2505.370605 0.000000 2761.573486 0.000000 0.170909 0.000000 -0.985287 0.656583 0.656583 0.656583
2495.816162 0.000000 2763.815674 0.000000 0.773166 0.000000 0.634204 0.570158 0.570158 0.570158
2504.836182 0.000000 2764.420166 0.000000 0.935256 0.000000 0.353971 0.577779 0.577779 0.577779
2470.189453 0.000000 2835.986084 0.000000 0.549927 0.000000 -0.835213 0.622211 0.622211 0.622211
2597.035400 0.000000 2976.411621 0.000000 0.846528 0.000000 0.532344 0.596636 0.596636 0.596636
2582.696533 0.000000 2983.820557 0.000000 0.047422 0.000000 0.998875 0.565772 0.565772 0.565772
2605.074463 0.000000 2989.675293 0.000000 0.753597 0.000000 -0.657337 0.627935 0.627935 0.627935
2597.194336 0.000000 2978.776855 0.000000 0.466932 0.000000 -0.884293 0.684511 0.684511 0.684511
2625.125244 0.000000 2957.174561 0.000000 0.281615 0.000000 -0.959528 0.719370 0.719370 0.719370
4024.155762 0.000000 2291.807373 0.000000 0.998803 0.000000 0.048915 0.599634 0.599634 0.599634
4025.185059 0.000000 2287.147949 0.000000 0.872197 0.000000 0.489155 0.580094 0.580094 0.580094
4052.473877 0.000000 2298.499512 0.000000 0.990485 0.000000 -0.137624 0.607859 0.607859 0.607859
4089.918457 0.000000 2252.978516 0.000000 0.716798 0.000000 0.697281 0.579196 0.579196 0.579196
4040.068848 0.000000 2289.321289 0.000000 0.668112 0.000000 0.744061 0.561034 0.561034 0.561034
4055.178711 0.000000 2289.868652 0.000000 0.810816 0.000000 0.585301 0.595317 0.595317 0.595317
4071.354980 0.000000 2278.892334 0.000000 0.905591 0.000000 0.424152 0.592126 0.592126 0.592126
4039.764648 0.000000 2282.945557 0.000000 0.838881 0.000000 0.544315 0.582757 0.582757 0.582757
4076.723389 0.000000 2275.842773 0.000000 0.999713 0.000000 -0.023959 0.600610 0.600610 0.600610
4049.589111 0.000000 2291.897217 0.000000 0.822794 0.000000 -0.568339 0.622637 0.622637 0.622637
4047.880371 0.000000 2301.594482 0.000000 0.127280 0.000000 0.991867 0.515691 0.515691 0.515691
4083.959229 0.000000 2264.555664 0.000000 0.132801 0.000000 0.991143 0.563392 0.563392 0.563392
4056.914795 0.000000 2276.183838 0.000000 0.991854 0.000000 -0.127382 0.603061 0.603061 0.603061
4089.811279 0.000000 2271.442139 0.000000 0.999956 0.000000 -0.009347 0.600434 0.600434 0.600434
4036.419189 0.000000 2292.874023 0.000000 0.356407 0.000000 0.934331 0.540367 0.540367 0.540367
4045.491455 0.000000 2289.112549 0.000000 0.801072 0.000000 -0.598568 0.634605 0.634605 0.634605
4031.541748 0.000000 2278.254395 0.000000 0.745658 0.000000 0.666329 0.573782 0.573782 0.573782
4065.940918 0.000000 2291.447998 0.000000 0.867719 0.000000 0.497055 0.582857 0.582857 0.582857
4032.807861 0.000000 2295.999023 0.000000 0.272147 0.000000 0.962256 0.561198 0.561198 0.561198
4062.234131 0.000000 2283.647217 0.000000 0.901126 0.000000 -0.433557 0.618137 0.618137 0.618137
4043.566162 0.000000 2285.107178 0.000000 0.754431 0.000000 0.656379 0.578549 0.578549 0.578549
4093.289062 0.000000 2255.919189 0.000000 0.402527 0.000000 0.915408 0.558423 0.558423 0.558423
4056.703857 0.000000 2299.537842 0.000000 0.646513 0.000000 -0.762903 0.624698 0.624698 0.624698
4086.203857 0.000000 2250.717041 0.000000 0.842887 0.000000 0.538090 0.577872 0.577872 0.577872
4082.561768 0.000000 2258.182617 0.000000 0.885883 0.000000 -0.463909 0.616620 0.616620 0.616620
4072.921631 0.000000 2273.886230 0.000000 0.941783 0.000000 -0.336222 0.613868 0.613868 0.613868
4079.681885 0.000000 2278.901855 0.000000 0.977388 0.000000 -0.211455 0.608298 0.608298 0.608298
4048.884277 0.000000 2296.769287 0.000000 0.997488 0.000000 -0.070840 0.601593 0.601593 0.601593
4089.610596 0.000000 2257.244629 0.000000 0.356653 0.000000 0.934237 0.531346 0.531346 0.531346
4050.260010 0.000000 2281.811768 0.000000 0.949384 0.000000 0.314119 0.588513 0.588513 0.588513
4061.603271 0.000000 2279.025635 0.000000 0.200643 0.000000 0.979664 0.563094 0.563094 0.563094
4080.936523 0.000000 2283.958740 0.000000 0.884745 0.000000 0.466076 0.578938 0.578938 0.578938
4087.125488 0.000000 2266.611816 0.000000 0.684581 0.000000 0.728936 0.553509 0.553509 0.553509
4094.166748 0.000000 2263.768799 0.000000 0.870641 0.000000 -0.491919 0.622341 0.622341 0.622341
4036.776367 0.000000 2281.127441 0.000000 0.138610 0.000000 -0.990347 0.653616 0.653616 0.653616
4065.252686 0.000000 2286.406250 0.000000 0.640472 0.000000 -0.767981 0.649845 0.649845 0.649845
4040.413574 0.000000 2298.099854 0.000000 0.830021 0.000000 -0.557732 0.630133 0.630133 0.630133
4039.090576 0.000000 2286.101562 0.000000 0.565696 0.000000 0.824614 0.559336 0.559336 0.559336
4046.966553 0.000000 2293.571777 0.000000 0.951621 0.000000 0.307275 0.589240 0.589240 0.589240
4048.518799 0.000000 2289.035645 0.000000 0.729993 0.000000 -0.683454 0.645087 0.645087 0.645087
4045.535400 0.000000 2282.834473 0.000000 0.999997 0.000000 -0.002427 0.600138 0.600138 0.600138
4070.938232 0.000000 2276.010010 0.000000 0.711507 0.000000 0.702679 0.569655 0.569655 0.569655
4045.796143 0.000000 2286.494873 0.000000 0.986222 0.000000 -0.165427 0.610954 0.610954 0.610954
4067.047852 0.000000 2270.696777 0.000000 0.536466 0.000000 0.843922 0.547334 0.547334 0.547334
4081.969971 0.000000 2263.002930 0.000000 0.864295 0.000000 -0.502986 0.633158 0.633158 0.633158
4052.691650 0.000000 2281.809326 0.000000 0.986552 0.000000 -0.163450 0.609838 0.609838 0.609838
4050.110840 0.000000 2298.849121 0.000000 0.848074 0.000000 0.529877 0.560683 0.560683 0.560683
4059.874756 0.000000 2311.102295 0.000000 0.699294 0.000000 -0.714834 0.635788 0.635788 0.635788
4048.100586 0.000000 2307.192139 0.000000 0.867159 0.000000 0.498032 0.591410 0.591410 0.591410
3956.439697 0.000000 2913.109863 0.000000 0.547859 0.000000 -0.836571 0.662346 0.662346 0.662346
4145.861816 0.000000 2171.876953 0.000000 0.909338 0.000000 -0.416059 0.605785 0.605785 0.605785
4129.167480 0.000000 2152.353027 0.000000 0.734970 0.000000 -0.678100 0.618976 0.618976 0.618976
4151.154297 0.000000 2169.234863 0.000000 0.246393 0.000000 0.969170 0.542579 0.542579 0.542579
4148.008789 0.000000 2162.030029 0.000000 0.935625 0.000000 -0.352996 0.618914 0.618914 0.618914
4144.928711 0.000000 2155.989990 0.000000 0.816882 0.000000 0.576805 0.565004 0.565004 0.565004
4153.019531 0.000000 2173.818848 0.000000 0.963006 0.000000 -0.269480 0.624114 0.624114 0.624114
4136.741699 0.000000 2170.416748 0.000000 0.299786 0.000000 -0.954007 0.649319 0.649319 0.649319
4149.869629 0.000000 2166.259521 0.000000 0.398884 0.000000 -0.917001 0.667795 0.667795 0.667795
4154.054688 0.000000 2169.912598 0.000000 0.524399 0.000000 -0.851473 0.650360 0.650360 0.650360
4120.329590 0.000000 2145.155518 0.000000 0.071905 0.000000 0.997411 0.530401 0.530401 0.530401
4142.693359 0.000000 2144.601562 0.000000 0.639287 0.000000 -0.768968 0.647305 0.647305 0.647305
4144.119629 0.000000 2153.500977 0.000000 0.849177 0.000000 0.528108 0.571664 0.571664 0.571664
4152.360352 0.000000 2166.344727 0.000000 0.755448 0.000000 -0.655208 0.674915 0.674915 0.674915
4169.854004 0.000000 2173.182373 0.000000 0.924333 0.000000 -0.381588 0.606451 0.606451 0.606451
4152.193848 0.000000 2215.064941 0.000000 0.606347 0.000000 -0.795200 0.633051 0.633051 0.633051
4157.515625 0.000000 2205.370117 0.000000 0.980734 0.000000 -0.195348 0.615904 0.615904 0.615904
4146.719238 0.000000 2178.917969 0.000000 0.979304 0.000000 0.202396 0.594505 0.594505 0.594505
4149.488770 0.000000 2237.534912 0.000000 0.813209 0.000000 0.581972 0.586043 0.586043 0.586043
4151.404785 0.000000 2180.022949 0.000000 0.212540 0.000000 0.977152 0.559358 0.559358 0.559358
4117.983398 0.000000 2238.176270 0.000000 0.236493 0.000000 0.971633 0.540141 0.540141 0.540141
4153.857422 0.000000 2198.409424 0.000000 0.999637 0.000000 -0.026927 0.601210 0.601210 0.601210
4158.686035 0.000000 2182.371582 0.000000 0.998396 0.000000 0.056620 0.597115 0.597115 0.597115
4153.019531 0.000000 2237.803223 0.000000 0.359230 0.000000 0.933249 0.567554 0.567554 0.567554
4152.642578 0.000000 2212.730225 0.000000 0.394771 0.000000 0.918780 0.530198 0.530198 0.530198
4151.226074 0.000000 2205.595947 0.000000 0.999548 0.000000 0.030046 0.597974 0.597974 0.597974
4158.729980 0.000000 2207.064697 0.000000 0.661895 0.000000 -0.749597 0.678704 0.678704 0.678704
4176.558594 0.000000 2192.886230 0.000000 0.921533 0.000000 -0.388299 0.604779 0.604779 0.604779
4167.659180 0.000000 2204.793213 0.000000 0.981309 0.000000 -0.192437 0.610442 0.610442 0.610442
4169.167480 0.000000 2185.714111 0.000000 0.982889 0.000000 0.184199 0.598612 0.598612 0.598612
4170.864746 0.000000 2213.276855 0.000000 0.701443 0.000000 -0.712725 0.615449 0.615449 0.615449
4159.722656 0.000000 2200.347412 0.000000 0.989845 0.000000 -0.142154 0.604487 0.604487 0.604487
4167.749023 0.000000 2218.961182 0.000000 0.850568 0.000000 0.525865 0.592535 0.592535 0.592535
4166.280273 0.000000 2180.156250 0.000000 0.594614 0.000000 0.804011 0.580413 0.580413 0.580413
4174.231445 0.000000 2186.633789 0.000000 0.732777 0.000000 -0.680469 0.638116 0.638116 0.638116
4167.658691 0.000000 2209.652100 0.000000 0.999988 0.000000 0.004804 0.599849 0.599849 0.599849
4161.836914 0.000000 2196.047119 0.000000 0.107149 0.000000 -0.994243 0.639458 0.639458 0.639458
4163.908691 0.000000 2208.485840 0.000000 0.983403 0.000000 0.181435 0.591801 0.591801 0.591801
4162.772949 0.000000 2181.340088 0.000000 0.195168 0.000000 0.980770 0.534121 0.534121 0.534121
4171.275391 0.000000 2208.636230 0.000000 0.770652 0.000000 -0.637257 0.622769 0.622769 0.622769
4162.837402 0.000000 2188.531494 0.000000 0.896614 0.000000 -0.442813 0.616492 0.616492 0.616492
4168.639160 0.000000 2192.666748 0.000000 0.401182 0.000000 -0.915998 0.638161 0.638161 0.638161
4162.456543 0.000000 2201.886719 0.000000 0.911653 0.000000 0.410960 0.580969 0.580969 0.580969
4161.954590 0.000000 2212.165771 0.000000 0.155909 0.000000 0.987771 0.542802 0.542802 0.542802
4162.300293 0.000000 2215.410889 0.000000 0.754606 0.000000 -0.656178 0.630020 0.630020 0.630020
4178.726074 0.000000 2221.033203 0.000000 0.957731 0.000000 -0.287665 0.615735 0.615735 0.615735
4170.709473 0.000000 2197.726074 0.000000 0.562455 0.000000 -0.826828 0.651035 0.651035 0.651035
4177.681641 0.000000 2211.670410 0.000000 0.552863 0.000000 -0.833272 0.660494 0.660494 0.660494
4175.929688 0.000000 2218.375977 0.000000 0.777677 0.000000 0.628664 0.545009 0.545009 0.545009
4097.001953 0.000000 2255.309570 0.000000 0.599475 0.000000 0.800393 0.580540 0.580540 0.580540
4095.872559 0.000000 2242.746338 0.000000 0.324947 0.000000 -0.945732 0.637144 0.637144 0.637144
4155.164551 0.000000 2245.830566 0.000000 0.992761 0.000000 -0.120105 0.602164 0.602164 0.602164
4100.860840 0.000000 2263.779541 0.000000 0.190926 0.000000 -0.981604 0.641304 0.641304 0.641304
4097.844727 0.000000 2260.031494 0.000000 0.365022 0.000000 -0.930999 0.652004 0.652004 0.652004
4158.159180 0.000000 2263.768799 0.000000 0.342725 0.000000 -0.939436 0.680473 0.680473 0.680473
4098.845215 0.000000 2252.515869 0.000000 0.944572 0.000000 0.328305 0.587473 0.587473 0.587473
4158.356445 0.000000 2252.843994 0.000000 0.841896 0.000000 -0.539639 0.622200 0.622200 0.622200
4154.479980 0.000000 2250.006348 0.000000 0.152170 0.000000 0.988354 0.540525 0.540525 0.540525
4101.555664 0.000000 2260.893555 0.000000 0.455521 0.000000 -0.890225 0.646046 0.646046 0.646046
4099.733398 0.000000 2255.347168 0.000000 0.891411 0.000000 0.453195 0.566886 0.566886 0.566886
4153.922852 0.000000 2243.750244 0.000000 0.950735 0.000000 -0.310004 0.618886 0.618886 0.618886
"}
object={
	name="tree_leaf_2_high_generator_1_1"
	clamp_to_water_level=no
	render_under_water=no
	generated_content=yes
	layer="tree_high_layer"
	pdxmesh="tree_leaf_01_b_mesh"
	count=157
	transform="2479.981201 0.000000 2773.271484 0.000000 0.764515 0.000000 0.644606 0.570619 0.570619 0.570619
2451.341797 0.000000 2760.351807 0.000000 0.570020 0.000000 -0.821630 0.651998 0.651998 0.651998
2481.461914 0.000000 2764.809814 0.000000 0.729291 0.000000 -0.684203 0.665465 0.665465 0.665465
2447.908936 0.000000 2777.915771 0.000000 0.905841 0.000000 0.423617 0.571824 0.571824 0.571824
2467.225830 0.000000 2762.472900 0.000000 0.969876 0.000000 0.243601 0.565720 0.565720 0.565720
2471.630859 0.000000 2776.911865 0.000000 0.433752 0.000000 -0.901032 0.673959 0.673959 0.673959
2485.815674 0.000000 2767.109131 0.000000 0.405742 0.000000 0.913988 0.560276 0.560276 0.560276
2455.992432 0.000000 2761.251709 0.000000 0.274329 0.000000 -0.961636 0.687151 0.687151 0.687151
2493.717285 0.000000 2761.595947 0.000000 0.934959 0.000000 -0.354755 0.610865 0.610865 0.610865
2486.399170 0.000000 2762.592041 0.000000 0.605650 0.000000 0.795731 0.529701 0.529701 0.529701
2454.712158 0.000000 2791.867432 0.000000 0.502339 0.000000 -0.864671 0.668841 0.668841 0.668841
2488.210205 0.000000 2759.521484 0.000000 0.194081 0.000000 0.980986 0.542310 0.542310 0.542310
2453.921387 0.000000 2787.596191 0.000000 0.709342 0.000000 -0.704864 0.649213 0.649213 0.649213
2475.412354 0.000000 2770.005127 0.000000 0.785776 0.000000 -0.618510 0.622974 0.622974 0.622974
2474.280273 0.000000 2778.764404 0.000000 0.993822 0.000000 0.110985 0.590171 0.590171 0.590171
2453.080566 0.000000 2762.953857 0.000000 0.985140 0.000000 0.171754 0.593278 0.593278 0.593278
2457.506836 0.000000 2765.861816 0.000000 0.999891 0.000000 -0.014753 0.600796 0.600796 0.600796
2484.307861 0.000000 2764.607666 0.000000 0.996399 0.000000 0.084790 0.596312 0.596312 0.596312
2448.744629 0.000000 2771.565430 0.000000 0.944443 0.000000 0.328677 0.578429 0.578429 0.578429
2454.031250 0.000000 2759.251953 0.000000 0.450978 0.000000 0.892535 0.515742 0.515742 0.515742
2457.229004 0.000000 2790.809326 0.000000 0.984364 0.000000 0.176148 0.585942 0.585942 0.585942
2460.012939 0.000000 2786.044189 0.000000 0.921829 0.000000 0.387596 0.533225 0.533225 0.533225
2460.670898 0.000000 2761.431641 0.000000 0.502208 0.000000 -0.864747 0.671981 0.671981 0.671981
2492.316895 0.000000 2763.772217 0.000000 0.276776 0.000000 -0.960934 0.717905 0.717905 0.717905
2455.091309 0.000000 2789.622559 0.000000 0.957903 0.000000 0.287092 0.572084 0.572084 0.572084
2488.606934 0.000000 2762.968506 0.000000 0.080005 0.000000 -0.996795 0.776405 0.776405 0.776405
2486.036377 0.000000 2760.350342 0.000000 0.914221 0.000000 0.405216 0.553128 0.553128 0.553128
2450.822754 0.000000 2770.675537 0.000000 0.622745 0.000000 0.782425 0.524626 0.524626 0.524626
2453.514893 0.000000 2800.642578 0.000000 0.632265 0.000000 -0.774752 0.687625 0.687625 0.687625
2450.668945 0.000000 2801.695312 0.000000 0.492041 0.000000 -0.870572 0.734500 0.734500 0.734500
2468.451904 0.000000 2772.976562 0.000000 0.975421 0.000000 -0.220350 0.625958 0.625958 0.625958
2453.145752 0.000000 2761.033691 0.000000 0.989268 0.000000 -0.146115 0.613179 0.613179 0.613179
2487.662598 0.000000 2761.317383 0.000000 0.145415 0.000000 0.989371 0.439924 0.439924 0.439924
2472.891357 0.000000 2775.613281 0.000000 0.964053 0.000000 0.265710 0.573009 0.573009 0.573009
2454.580322 0.000000 2797.245850 0.000000 0.471453 0.000000 -0.881891 0.789254 0.789254 0.789254
2460.972168 0.000000 2787.505127 0.000000 0.930302 0.000000 -0.366795 0.663007 0.663007 0.663007
2510.434814 0.000000 2762.493164 0.000000 0.925706 0.000000 0.378244 0.583731 0.583731 0.583731
2501.683105 0.000000 2762.500244 0.000000 0.942002 0.000000 -0.335608 0.613329 0.613329 0.613329
2514.893555 0.000000 2767.081299 0.000000 0.979345 0.000000 0.202195 0.589021 0.589021 0.589021
2503.686279 0.000000 2762.774170 0.000000 0.392495 0.000000 0.919754 0.479335 0.479335 0.479335
2476.336670 0.000000 2827.970947 0.000000 0.586656 0.000000 0.809837 0.530721 0.530721 0.530721
2477.549316 0.000000 2835.871094 0.000000 0.495675 0.000000 0.868508 0.538532 0.538532 0.538532
2472.880615 0.000000 2835.254639 0.000000 0.809291 0.000000 -0.587408 0.643262 0.643262 0.643262
2586.656982 0.000000 2985.086670 0.000000 0.964726 0.000000 0.263255 0.596010 0.596010 0.596010
2605.576660 0.000000 2986.581787 0.000000 0.024805 0.000000 -0.999692 0.616211 0.616211 0.616211
2585.940674 0.000000 2989.666748 0.000000 0.928053 0.000000 -0.372449 0.608003 0.608003 0.608003
2568.593262 0.000000 3001.927979 0.000000 0.013997 0.000000 -0.999902 0.700275 0.700275 0.700275
2622.544189 0.000000 2956.672119 0.000000 0.217574 0.000000 -0.976044 0.650610 0.650610 0.650610
2584.072510 0.000000 2986.290527 0.000000 0.722590 0.000000 -0.691277 0.648019 0.648019 0.648019
2584.903564 0.000000 2984.562012 0.000000 0.965245 0.000000 0.261345 0.571879 0.571879 0.571879
4029.682861 0.000000 2290.539307 0.000000 0.179857 0.000000 -0.983693 0.685364 0.685364 0.685364
4022.274414 0.000000 2287.978027 0.000000 0.655455 0.000000 0.755235 0.556404 0.556404 0.556404
4033.483643 0.000000 2282.464600 0.000000 0.954461 0.000000 0.298335 0.596370 0.596370 0.596370
4047.948730 0.000000 2284.811279 0.000000 0.729288 0.000000 0.684207 0.570653 0.570653 0.570653
4068.855713 0.000000 2272.583496 0.000000 0.006899 0.000000 0.999976 0.525037 0.525037 0.525037
4090.777344 0.000000 2266.046143 0.000000 0.252812 0.000000 -0.967515 0.649252 0.649252 0.649252
4042.880371 0.000000 2277.261230 0.000000 0.072742 0.000000 -0.997351 0.620195 0.620195 0.620195
4062.206543 0.000000 2288.120361 0.000000 0.624947 0.000000 0.780667 0.582557 0.582557 0.582557
4085.027100 0.000000 2269.676025 0.000000 0.351672 0.000000 -0.936123 0.665327 0.665327 0.665327
4070.459717 0.000000 2291.841553 0.000000 0.613579 0.000000 0.789633 0.587729 0.587729 0.587729
4065.175293 0.000000 2280.321777 0.000000 0.353180 0.000000 0.935555 0.581878 0.581878 0.581878
4053.572510 0.000000 2284.075928 0.000000 0.157270 0.000000 0.987556 0.564022 0.564022 0.564022
4035.765137 0.000000 2286.814209 0.000000 0.840638 0.000000 -0.541597 0.607716 0.607716 0.607716
4078.080566 0.000000 2256.783936 0.000000 0.743064 0.000000 0.669221 0.572545 0.572545 0.572545
4093.521973 0.000000 2249.720947 0.000000 0.969157 0.000000 0.246442 0.591421 0.591421 0.591421
4076.928467 0.000000 2265.323242 0.000000 0.875436 0.000000 0.483334 0.584131 0.584131 0.584131
4060.176025 0.000000 2291.862793 0.000000 0.480493 0.000000 0.876999 0.569559 0.569559 0.569559
4053.278320 0.000000 2293.799316 0.000000 0.745964 0.000000 0.665986 0.575982 0.575982 0.575982
4081.207275 0.000000 2267.836670 0.000000 0.838231 0.000000 0.545316 0.583585 0.583585 0.583585
4031.715332 0.000000 2285.888428 0.000000 0.991312 0.000000 -0.131528 0.603557 0.603557 0.603557
4043.108154 0.000000 2281.033936 0.000000 0.960903 0.000000 -0.276886 0.615969 0.615969 0.615969
4044.016113 0.000000 2292.342529 0.000000 0.997323 0.000000 -0.073121 0.602521 0.602521 0.602521
4094.693604 0.000000 2246.355957 0.000000 0.585870 0.000000 0.810405 0.575940 0.575940 0.575940
4034.992920 0.000000 2300.754639 0.000000 0.852392 0.000000 0.522903 0.571976 0.571976 0.571976
4058.453613 0.000000 2288.954346 0.000000 0.913727 0.000000 0.406328 0.584957 0.584957 0.584957
4075.872314 0.000000 2272.525391 0.000000 0.949962 0.000000 0.312367 0.590007 0.590007 0.590007
4080.048096 0.000000 2264.609619 0.000000 0.397874 0.000000 0.917440 0.553020 0.553020 0.553020
4090.488037 0.000000 2250.006348 0.000000 0.245576 0.000000 -0.969377 0.661420 0.661420 0.661420
4054.590088 0.000000 2286.926758 0.000000 0.807926 0.000000 -0.589283 0.633038 0.633038 0.633038
4073.925049 0.000000 2276.787109 0.000000 0.149439 0.000000 0.988771 0.519126 0.519126 0.519126
4059.801758 0.000000 2276.784424 0.000000 0.966248 0.000000 -0.257614 0.614831 0.614831 0.614831
4050.741699 0.000000 2285.017578 0.000000 0.906951 0.000000 0.421236 0.579158 0.579158 0.579158
4038.033691 0.000000 2295.333252 0.000000 0.323912 0.000000 0.946087 0.521929 0.521929 0.521929
4057.033691 0.000000 2278.934326 0.000000 0.995776 0.000000 0.091813 0.594353 0.594353 0.594353
4095.487305 0.000000 2261.322510 0.000000 0.825591 0.000000 -0.564269 0.628739 0.628739 0.628739
4051.632324 0.000000 2295.918945 0.000000 0.962453 0.000000 -0.271447 0.616471 0.616471 0.616471
4067.969482 0.000000 2279.199463 0.000000 0.636625 0.000000 0.771174 0.548551 0.548551 0.548551
4033.457764 0.000000 2298.613770 0.000000 0.318735 0.000000 -0.947844 0.663479 0.663479 0.663479
4053.082275 0.000000 2303.791504 0.000000 0.917187 0.000000 -0.398458 0.606139 0.606139 0.606139
4056.965820 0.000000 2305.100098 0.000000 0.672136 0.000000 0.740428 0.565033 0.565033 0.565033
4049.037598 0.000000 2303.443359 0.000000 0.998977 0.000000 -0.045221 0.601559 0.601559 0.601559
4049.915039 0.000000 2305.599365 0.000000 0.540702 0.000000 0.841214 0.538614 0.538614 0.538614
3960.217529 0.000000 2918.893066 0.000000 0.999844 0.000000 -0.017641 0.600793 0.600793 0.600793
3961.826904 0.000000 2911.285889 0.000000 0.181670 0.000000 0.983360 0.548018 0.548018 0.548018
3959.301025 0.000000 2914.588135 0.000000 0.932880 0.000000 -0.360187 0.614350 0.614350 0.614350
4152.140137 0.000000 2163.838623 0.000000 0.943888 0.000000 0.330266 0.567732 0.567732 0.567732
4118.473633 0.000000 2142.916260 0.000000 0.161386 0.000000 0.986891 0.587339 0.587339 0.587339
4126.215820 0.000000 2147.293213 0.000000 0.921775 0.000000 -0.387724 0.610736 0.610736 0.610736
4140.715820 0.000000 2147.874023 0.000000 0.118291 0.000000 -0.992979 0.639156 0.639156 0.639156
4146.675781 0.000000 2166.049805 0.000000 0.539513 0.000000 0.841977 0.571513 0.571513 0.571513
4140.446777 0.000000 2169.706055 0.000000 0.019894 0.000000 0.999802 0.504751 0.504751 0.504751
4153.169434 0.000000 2159.179199 0.000000 0.986422 0.000000 -0.164228 0.611615 0.611615 0.611615
4131.513672 0.000000 2148.625000 0.000000 0.194235 0.000000 -0.980955 0.641203 0.641203 0.641203
4154.684082 0.000000 2167.045654 0.000000 0.953237 0.000000 0.302225 0.579304 0.579304 0.579304
4140.041016 0.000000 2174.249756 0.000000 0.647876 0.000000 0.761746 0.562381 0.562381 0.562381
4144.775391 0.000000 2163.041016 0.000000 0.495748 0.000000 -0.868466 0.629943 0.629943 0.629943
4149.134277 0.000000 2150.737061 0.000000 0.773497 0.000000 0.633800 0.576350 0.576350 0.576350
4150.258789 0.000000 2160.009277 0.000000 0.728160 0.000000 0.685408 0.551359 0.551359 0.551359
4129.547363 0.000000 2146.502930 0.000000 0.997817 0.000000 -0.066039 0.604356 0.604356 0.604356
4131.961914 0.000000 2151.230713 0.000000 0.999622 0.000000 0.027499 0.598682 0.598682 0.598682
4146.368652 0.000000 2159.733154 0.000000 0.985092 0.000000 0.172030 0.589900 0.589900 0.589900
4150.644043 0.000000 2157.512207 0.000000 0.913782 0.000000 -0.406204 0.648247 0.648247 0.648247
4152.203125 0.000000 2161.332520 0.000000 0.520976 0.000000 -0.853571 0.667412 0.667412 0.667412
4146.128906 0.000000 2157.689453 0.000000 0.957099 0.000000 0.289761 0.568294 0.568294 0.568294
4153.896973 0.000000 2171.985840 0.000000 0.035879 0.000000 -0.999356 0.735652 0.735652 0.735652
4155.164551 0.000000 2181.846191 0.000000 0.943530 0.000000 0.331287 0.586343 0.586343 0.586343
4149.019531 0.000000 2205.691650 0.000000 0.355609 0.000000 0.934635 0.571066 0.571066 0.571066
4153.803223 0.000000 2207.457764 0.000000 0.468998 0.000000 0.883199 0.564322 0.564322 0.564322
4151.277344 0.000000 2210.760010 0.000000 0.989934 0.000000 -0.141529 0.608083 0.608083 0.608083
4157.378906 0.000000 2179.625732 0.000000 0.974726 0.000000 -0.223405 0.611137 0.611137 0.611137
4154.940430 0.000000 2214.089355 0.000000 0.350310 0.000000 0.936634 0.554579 0.554579 0.554579
4134.930176 0.000000 2175.522705 0.000000 0.892883 0.000000 0.450289 0.576911 0.576911 0.576911
4157.991699 0.000000 2202.525146 0.000000 0.597387 0.000000 0.801953 0.540062 0.540062 0.540062
4155.297852 0.000000 2238.634277 0.000000 0.015363 0.000000 -0.999882 0.697857 0.697857 0.697857
4153.922852 0.000000 2179.765869 0.000000 0.152369 0.000000 -0.988324 0.731676 0.731676 0.731676
4152.846680 0.000000 2175.539307 0.000000 0.402189 0.000000 0.915557 0.518552 0.518552 0.518552
4159.864746 0.000000 2178.761963 0.000000 0.990207 0.000000 -0.139610 0.608602 0.608602 0.608602
4168.053223 0.000000 2225.336914 0.000000 0.525898 0.000000 0.850547 0.590859 0.590859 0.590859
4166.316895 0.000000 2190.372314 0.000000 0.996151 0.000000 -0.087651 0.601840 0.601840 0.601840
4165.479980 0.000000 2186.640869 0.000000 0.780359 0.000000 0.625332 0.562558 0.562558 0.562558
4175.274414 0.000000 2212.367188 0.000000 0.305078 0.000000 -0.952327 0.630217 0.630217 0.630217
4176.100586 0.000000 2198.489014 0.000000 0.801424 0.000000 0.598096 0.582714 0.582714 0.582714
4164.760742 0.000000 2217.143066 0.000000 0.924800 0.000000 -0.380453 0.615785 0.615785 0.615785
4159.516602 0.000000 2182.152588 0.000000 0.559163 0.000000 -0.829058 0.649780 0.649780 0.649780
4165.379883 0.000000 2183.364014 0.000000 0.361363 0.000000 -0.932425 0.644978 0.644978 0.644978
4164.938477 0.000000 2203.573730 0.000000 0.522588 0.000000 0.852585 0.552593 0.552593 0.552593
4159.541992 0.000000 2203.452393 0.000000 0.910159 0.000000 0.414260 0.582085 0.582085 0.582085
4169.153809 0.000000 2179.449219 0.000000 0.461388 0.000000 0.887199 0.542789 0.542789 0.542789
4117.074219 0.000000 2239.807129 0.000000 0.615139 0.000000 0.788419 0.559186 0.559186 0.559186
4095.730469 0.000000 2264.331787 0.000000 0.239942 0.000000 -0.970787 0.671639 0.671639 0.671639
4097.817383 0.000000 2248.915039 0.000000 0.453745 0.000000 0.891131 0.588468 0.588468 0.588468
4156.929688 0.000000 2260.276855 0.000000 0.887214 0.000000 -0.461359 0.620831 0.620831 0.620831
4102.288086 0.000000 2244.140625 0.000000 0.725326 0.000000 -0.688405 0.637533 0.637533 0.637533
4107.603027 0.000000 2245.059326 0.000000 0.724156 0.000000 0.689636 0.584041 0.584041 0.584041
4150.195801 0.000000 2250.717041 0.000000 0.249826 0.000000 0.968291 0.568405 0.568405 0.568405
4100.988281 0.000000 2257.775391 0.000000 0.273981 0.000000 0.961735 0.561256 0.561256 0.561256
4095.620850 0.000000 2251.940674 0.000000 0.097530 0.000000 0.995233 0.558074 0.558074 0.558074
4153.877441 0.000000 2241.421387 0.000000 0.588198 0.000000 -0.808717 0.629631 0.629631 0.629631
4103.501953 0.000000 2265.574951 0.000000 0.260060 0.000000 0.965592 0.533399 0.533399 0.533399
4098.272461 0.000000 2257.590820 0.000000 0.743112 0.000000 -0.669167 0.665887 0.665887 0.665887
4171.350098 0.000000 2254.881836 0.000000 0.474127 0.000000 -0.880456 0.632260 0.632260 0.632260
4166.316895 0.000000 2254.356689 0.000000 0.730568 0.000000 -0.682840 0.614637 0.614637 0.614637
4165.479980 0.000000 2250.625244 0.000000 0.218884 0.000000 0.975751 0.535283 0.535283 0.535283
4162.772949 0.000000 2245.324463 0.000000 0.921215 0.000000 -0.389054 0.614366 0.614366 0.614366
4164.980469 0.000000 2257.775391 0.000000 0.676480 0.000000 0.736461 0.565279 0.565279 0.565279
4162.837402 0.000000 2252.515869 0.000000 0.544594 0.000000 -0.838700 0.655140 0.655140 0.655140
4168.633301 0.000000 2252.545166 0.000000 0.531193 0.000000 0.847251 0.536408 0.536408 0.536408
"}
