object={
	name="tree_birch_yellow_generator_1_0"
	render_pass=Map
	clamp_to_water_level=no
	generated_content=yes
	layer="tree_high_layer"
	pdxmesh="tree_birch_yellow_01_a_mesh"
	count=27
	transform="1522.631958 0.000000 2326.350586 0.000000 0.133984 0.000000 0.990983 1.000000 1.000000 1.000000
1529.265503 0.000000 2326.269531 0.000000 0.859035 0.000000 0.511916 1.000000 1.000000 1.000000
1528.329224 0.000000 2328.012939 0.000000 0.329129 0.000000 0.944285 1.000000 1.000000 1.000000
1514.254272 0.000000 2320.910400 0.000000 0.178234 0.000000 0.983988 1.000000 1.000000 1.000000
1516.551270 0.000000 2314.239746 0.000000 0.465112 0.000000 0.885252 1.000000 1.000000 1.000000
1530.615356 0.000000 2324.031006 0.000000 0.002547 0.000000 0.999997 1.000000 1.000000 1.000000
1522.640015 0.000000 2360.244385 0.000000 0.987080 0.000000 0.160230 1.000000 1.000000 1.000000
1521.643921 0.000000 2349.416016 0.000000 0.663009 0.000000 0.748611 1.000000 1.000000 1.000000
1529.712158 0.000000 2342.733398 0.000000 0.940401 0.000000 0.340066 1.000000 1.000000 1.000000
1536.499268 0.000000 2329.064941 0.000000 0.421804 0.000000 0.906687 1.000000 1.000000 1.000000
1539.900513 0.000000 2333.869873 0.000000 0.992337 0.000000 0.123559 1.000000 1.000000 1.000000
1535.821655 0.000000 2349.307129 0.000000 0.978302 0.000000 0.207183 1.000000 1.000000 1.000000
3802.699219 0.000000 4276.497070 0.000000 0.922565 0.000000 0.385842 1.000000 1.000000 1.000000
5630.270996 0.000000 2875.225342 0.000000 0.301748 0.000000 0.953388 1.000000 1.000000 1.000000
5616.513184 0.000000 2897.486572 0.000000 0.987073 0.000000 0.160271 1.000000 1.000000 1.000000
5617.939941 0.000000 2899.968262 0.000000 0.836875 0.000000 0.547394 1.000000 1.000000 1.000000
5627.375977 0.000000 2904.989258 0.000000 0.091504 0.000000 0.995805 1.000000 1.000000 1.000000
5632.382324 0.000000 2875.905762 0.000000 0.735268 0.000000 0.677776 1.000000 1.000000 1.000000
5633.998047 0.000000 2872.821045 0.000000 0.769511 0.000000 0.638634 1.000000 1.000000 1.000000
5688.758301 0.000000 2898.167969 0.000000 0.637142 0.000000 0.770746 1.000000 1.000000 1.000000
5653.034668 0.000000 2879.103760 0.000000 0.578623 0.000000 0.815595 1.000000 1.000000 1.000000
5633.728027 0.000000 2874.693604 0.000000 0.727139 0.000000 0.686490 1.000000 1.000000 1.000000
5654.249512 0.000000 2878.104492 0.000000 0.312912 0.000000 0.949782 1.000000 1.000000 1.000000
5681.554199 0.000000 2909.418945 0.000000 0.975232 0.000000 0.221182 1.000000 1.000000 1.000000
5641.147949 0.000000 2913.965820 0.000000 0.723428 0.000000 0.690400 1.000000 1.000000 1.000000
5691.368164 0.000000 2904.989258 0.000000 0.702344 0.000000 0.711838 1.000000 1.000000 1.000000
5635.065918 0.000000 2915.464355 0.000000 0.591834 0.000000 0.806060 1.000000 1.000000 1.000000
"}
object={
	name="tree_birch_yellow_generator_1_1"
	render_pass=Map
	clamp_to_water_level=no
	generated_content=yes
	layer="tree_high_layer"
	pdxmesh="tree_birch_yellow_01_b_mesh"
	count=21
	transform="1523.172485 0.000000 2318.893311 0.000000 0.627731 0.000000 -0.778431 1.000000 1.000000 1.000000
1529.296997 0.000000 2324.283691 0.000000 0.966240 0.000000 -0.257645 1.000000 1.000000 1.000000
1522.439575 0.000000 2328.069824 0.000000 0.480519 0.000000 -0.876984 1.000000 1.000000 1.000000
1531.786499 0.000000 2326.612305 0.000000 0.844951 0.000000 -0.534844 1.000000 1.000000 1.000000
1527.605713 0.000000 2348.668457 0.000000 0.980694 0.000000 -0.195547 1.000000 1.000000 1.000000
1531.368408 0.000000 2345.003906 0.000000 0.976893 0.000000 -0.213729 1.000000 1.000000 1.000000
1520.531006 0.000000 2348.635498 0.000000 0.028749 0.000000 -0.999587 1.000000 1.000000 1.000000
1528.055176 0.000000 2343.676025 0.000000 0.016717 0.000000 -0.999860 1.000000 1.000000 1.000000
1538.938721 0.000000 2328.965820 0.000000 0.502922 0.000000 -0.864332 1.000000 1.000000 1.000000
1538.705933 0.000000 2332.860352 0.000000 0.667486 0.000000 -0.744622 1.000000 1.000000 1.000000
3805.456299 0.000000 4279.617676 0.000000 0.189309 0.000000 -0.981918 1.000000 1.000000 1.000000
5618.132324 0.000000 2898.249023 0.000000 0.839142 0.000000 -0.543912 1.000000 1.000000 1.000000
5680.395996 0.000000 2889.605713 0.000000 0.655784 0.000000 -0.754948 1.000000 1.000000 1.000000
5690.375000 0.000000 2899.744141 0.000000 0.994211 0.000000 -0.107441 1.000000 1.000000 1.000000
5680.345215 0.000000 2887.866211 0.000000 0.351745 0.000000 -0.936096 1.000000 1.000000 1.000000
5681.373047 0.000000 2886.498535 0.000000 0.422111 0.000000 -0.906544 1.000000 1.000000 1.000000
5655.966309 0.000000 2879.737305 0.000000 0.883725 0.000000 -0.468007 1.000000 1.000000 1.000000
5673.874512 0.000000 2913.516602 0.000000 0.638469 0.000000 -0.769648 1.000000 1.000000 1.000000
5639.357422 0.000000 2915.992188 0.000000 0.816080 0.000000 -0.577940 1.000000 1.000000 1.000000
5671.687012 0.000000 2915.041748 0.000000 0.401225 0.000000 -0.915979 1.000000 1.000000 1.000000
5675.221191 0.000000 2912.430664 0.000000 0.992379 0.000000 -0.123221 1.000000 1.000000 1.000000
"}
