object={
	name="tree_mallorn_generator_1_0"
	clamp_to_water_level=no
	render_under_water=no
	generated_content=yes
	layer="tree_high_layer"
	pdxmesh="tree_mallorn_02_mesh"
	count=63
	transform="3760.605957 0.000000 4286.712891 0.000000 0.477991 0.000000 -0.878365 1.000000 1.000000 1.000000
3739.504639 0.000000 4282.833984 0.000000 0.143623 0.000000 0.989632 1.000000 1.000000 1.000000
3719.701904 0.000000 4272.080078 0.000000 0.585538 0.000000 -0.810645 1.000000 1.000000 1.000000
3771.900146 0.000000 4304.792969 0.000000 0.112687 0.000000 -0.993631 1.000000 1.000000 1.000000
3757.349609 0.000000 4297.875488 0.000000 0.112799 0.000000 -0.993618 1.000000 1.000000 1.000000
3760.629639 0.000000 4297.355469 0.000000 0.057459 0.000000 0.998348 1.000000 1.000000 1.000000
3772.257324 0.000000 4296.698730 0.000000 0.226929 0.000000 0.973911 1.000000 1.000000 1.000000
3753.997559 0.000000 4284.812988 0.000000 0.943279 0.000000 -0.332000 1.000000 1.000000 1.000000
3748.905029 0.000000 4283.533691 0.000000 0.478134 0.000000 -0.878287 1.000000 1.000000 1.000000
3736.578857 0.000000 4277.061523 0.000000 0.216407 0.000000 0.976303 1.000000 1.000000 1.000000
3771.094971 0.000000 4280.660156 0.000000 0.042722 0.000000 -0.999087 1.000000 1.000000 1.000000
3750.153076 0.000000 4279.608887 0.000000 0.913975 0.000000 -0.405771 1.000000 1.000000 1.000000
3748.612305 0.000000 4279.849121 0.000000 0.947660 0.000000 -0.319282 1.000000 1.000000 1.000000
3748.038330 0.000000 4282.541016 0.000000 0.389803 0.000000 -0.920898 1.000000 1.000000 1.000000
3749.727051 0.000000 4277.020020 0.000000 0.194067 0.000000 -0.980988 1.000000 1.000000 1.000000
3748.479004 0.000000 4278.805664 0.000000 0.137509 0.000000 0.990501 1.000000 1.000000 1.000000
3741.786621 0.000000 4275.042969 0.000000 0.238181 0.000000 0.971221 1.000000 1.000000 1.000000
3740.150391 0.000000 4274.255859 0.000000 0.011477 0.000000 0.999934 1.000000 1.000000 1.000000
3810.671875 0.000000 4282.397949 0.000000 0.983666 0.000000 -0.180001 1.000000 1.000000 1.000000
3787.492188 0.000000 4275.763184 0.000000 0.004944 0.000000 0.999988 1.000000 1.000000 1.000000
3812.366211 0.000000 4305.755859 0.000000 0.993400 0.000000 0.114699 1.000000 1.000000 1.000000
3782.730469 0.000000 4277.118652 0.000000 0.307276 0.000000 -0.951620 1.000000 1.000000 1.000000
3794.346924 0.000000 4283.808594 0.000000 0.889107 0.000000 -0.457700 1.000000 1.000000 1.000000
3821.341797 0.000000 4297.875488 0.000000 0.426465 0.000000 0.904504 1.000000 1.000000 1.000000
3787.509033 0.000000 4287.658691 0.000000 0.811628 0.000000 -0.584175 1.000000 1.000000 1.000000
3778.224121 0.000000 4280.570801 0.000000 0.519882 0.000000 -0.854238 1.000000 1.000000 1.000000
3796.579590 0.000000 4278.046875 0.000000 0.380431 0.000000 -0.924809 1.000000 1.000000 1.000000
3782.674316 0.000000 4310.110840 0.000000 0.442473 0.000000 0.896782 1.000000 1.000000 1.000000
3821.391846 0.000000 4292.860840 0.000000 0.981351 0.000000 0.192222 1.000000 1.000000 1.000000
3801.501465 0.000000 4288.248047 0.000000 0.842688 0.000000 -0.538401 1.000000 1.000000 1.000000
3798.789795 0.000000 4288.291016 0.000000 0.639540 0.000000 0.768758 1.000000 1.000000 1.000000
3792.166748 0.000000 4285.241211 0.000000 0.580742 0.000000 -0.814088 1.000000 1.000000 1.000000
3809.934570 0.000000 4287.124023 0.000000 0.921265 0.000000 -0.388936 1.000000 1.000000 1.000000
3780.619385 0.000000 4301.085449 0.000000 0.964148 0.000000 0.265364 1.000000 1.000000 1.000000
3797.186279 0.000000 4290.764160 0.000000 0.320402 0.000000 -0.947282 1.000000 1.000000 1.000000
3805.127686 0.000000 4304.347656 0.000000 0.913761 0.000000 0.406253 1.000000 1.000000 1.000000
3819.645996 0.000000 4299.562988 0.000000 0.536175 0.000000 -0.844107 1.000000 1.000000 1.000000
3793.297363 0.000000 4293.893555 0.000000 0.254688 0.000000 -0.967023 1.000000 1.000000 1.000000
3829.676270 0.000000 4304.853027 0.000000 0.245304 0.000000 -0.969446 1.000000 1.000000 1.000000
3800.365479 0.000000 4280.550293 0.000000 0.992543 0.000000 0.121894 1.000000 1.000000 1.000000
3805.071045 0.000000 4281.595703 0.000000 0.763207 0.000000 -0.646153 1.000000 1.000000 1.000000
3815.119141 0.000000 4295.790039 0.000000 0.681481 0.000000 0.731836 1.000000 1.000000 1.000000
3799.736572 0.000000 4284.285156 0.000000 0.888529 0.000000 -0.458821 1.000000 1.000000 1.000000
3798.475586 0.000000 4285.854004 0.000000 0.068470 0.000000 0.997653 1.000000 1.000000 1.000000
3828.613770 0.000000 4298.588867 0.000000 0.737546 0.000000 0.675297 1.000000 1.000000 1.000000
3793.656982 0.000000 4285.136719 0.000000 0.958031 0.000000 0.286666 1.000000 1.000000 1.000000
3795.935303 0.000000 4290.012695 0.000000 0.661635 0.000000 -0.749826 1.000000 1.000000 1.000000
3801.722656 0.000000 4280.382324 0.000000 0.733656 0.000000 0.679521 1.000000 1.000000 1.000000
3818.225830 0.000000 4292.866699 0.000000 0.450120 0.000000 0.892968 1.000000 1.000000 1.000000
3798.385010 0.000000 4284.370605 0.000000 0.110589 0.000000 -0.993866 1.000000 1.000000 1.000000
3833.520996 0.000000 4290.323730 0.000000 0.678993 0.000000 0.734145 1.000000 1.000000 1.000000
3816.150879 0.000000 4295.154785 0.000000 0.904064 0.000000 0.427397 1.000000 1.000000 1.000000
3802.750732 0.000000 4283.683594 0.000000 0.993601 0.000000 -0.112943 1.000000 1.000000 1.000000
3833.509766 0.000000 4291.814453 0.000000 0.266133 0.000000 -0.963936 1.000000 1.000000 1.000000
3811.151855 0.000000 4301.599121 0.000000 0.263516 0.000000 -0.964655 1.000000 1.000000 1.000000
3817.580811 0.000000 4295.159668 0.000000 0.042722 0.000000 -0.999087 1.000000 1.000000 1.000000
3790.176025 0.000000 4283.488770 0.000000 0.875946 0.000000 0.482410 1.000000 1.000000 1.000000
3832.988525 0.000000 4292.512207 0.000000 0.115374 0.000000 -0.993322 1.000000 1.000000 1.000000
3785.628418 0.000000 4311.447754 0.000000 0.940561 0.000000 0.339626 1.000000 1.000000 1.000000
3775.743652 0.000000 4313.918457 0.000000 0.600683 0.000000 -0.799487 1.000000 1.000000 1.000000
3777.161621 0.000000 4311.288574 0.000000 0.852010 0.000000 -0.523525 1.000000 1.000000 1.000000
3781.155518 0.000000 4313.241699 0.000000 0.994117 0.000000 -0.108310 1.000000 1.000000 1.000000
3787.339111 0.000000 4315.045410 0.000000 0.800080 0.000000 -0.599893 1.000000 1.000000 1.000000
"}
object={
	name="tree_mallorn_generator_1_1"
	clamp_to_water_level=no
	render_under_water=no
	generated_content=yes
	layer="tree_high_layer"
	pdxmesh="tree_mallorn_03_mesh"
	count=67
	transform="3764.704834 0.000000 4288.039551 0.000000 0.576460 0.000000 0.817125 1.000000 1.000000 1.000000
3745.384766 0.000000 4272.024902 0.000000 0.968583 0.000000 0.248689 1.000000 1.000000 1.000000
3729.043457 0.000000 4268.324707 0.000000 0.919245 0.000000 -0.393685 1.000000 1.000000 1.000000
3751.453613 0.000000 4280.659180 0.000000 0.393770 0.000000 -0.919209 1.000000 1.000000 1.000000
3763.167480 0.000000 4291.204102 0.000000 0.910901 0.000000 -0.412625 1.000000 1.000000 1.000000
3745.245850 0.000000 4289.818359 0.000000 0.301860 0.000000 0.953352 1.000000 1.000000 1.000000
3743.841797 0.000000 4272.954102 0.000000 0.652928 0.000000 -0.757420 1.000000 1.000000 1.000000
3766.830322 0.000000 4287.703125 0.000000 0.947035 0.000000 0.321130 1.000000 1.000000 1.000000
3739.023438 0.000000 4277.968262 0.000000 0.937781 0.000000 -0.347226 1.000000 1.000000 1.000000
3739.983398 0.000000 4276.549805 0.000000 0.294603 0.000000 -0.955620 1.000000 1.000000 1.000000
3751.325195 0.000000 4279.641602 0.000000 0.000109 0.000000 -1.000000 1.000000 1.000000 1.000000
3740.120361 0.000000 4275.555664 0.000000 0.377344 0.000000 0.926073 1.000000 1.000000 1.000000
3752.822266 0.000000 4280.952148 0.000000 0.832949 0.000000 -0.553351 1.000000 1.000000 1.000000
3753.955566 0.000000 4278.213867 0.000000 0.805795 0.000000 0.592194 1.000000 1.000000 1.000000
3749.380859 0.000000 4279.107422 0.000000 0.320318 0.000000 -0.947310 1.000000 1.000000 1.000000
3751.901123 0.000000 4281.395508 0.000000 0.787831 0.000000 -0.615892 1.000000 1.000000 1.000000
3806.615479 0.000000 4300.604492 0.000000 0.322738 0.000000 0.946488 1.000000 1.000000 1.000000
3827.468750 0.000000 4311.133789 0.000000 0.094200 0.000000 0.995553 1.000000 1.000000 1.000000
3783.264160 0.000000 4294.818848 0.000000 0.442465 0.000000 0.896786 1.000000 1.000000 1.000000
3793.388916 0.000000 4277.150879 0.000000 0.300688 0.000000 0.953722 1.000000 1.000000 1.000000
3798.793701 0.000000 4275.953613 0.000000 0.633720 0.000000 0.773562 1.000000 1.000000 1.000000
3793.865723 0.000000 4303.385254 0.000000 0.704228 0.000000 -0.709974 1.000000 1.000000 1.000000
3779.425049 0.000000 4297.236816 0.000000 0.454096 0.000000 0.890953 1.000000 1.000000 1.000000
3785.498047 0.000000 4291.486816 0.000000 0.507448 0.000000 -0.861683 1.000000 1.000000 1.000000
3779.056396 0.000000 4277.118164 0.000000 0.442411 0.000000 -0.896812 1.000000 1.000000 1.000000
3795.180908 0.000000 4300.450195 0.000000 0.968320 0.000000 -0.249714 1.000000 1.000000 1.000000
3787.846191 0.000000 4309.998535 0.000000 0.910077 0.000000 -0.414440 1.000000 1.000000 1.000000
3787.969482 0.000000 4278.559570 0.000000 0.995183 0.000000 -0.098040 1.000000 1.000000 1.000000
3780.915771 0.000000 4279.087402 0.000000 0.834709 0.000000 0.550691 1.000000 1.000000 1.000000
3831.324219 0.000000 4284.324707 0.000000 0.845281 0.000000 0.534322 1.000000 1.000000 1.000000
3789.547119 0.000000 4274.111816 0.000000 0.531512 0.000000 -0.847051 1.000000 1.000000 1.000000
3775.708496 0.000000 4281.081055 0.000000 0.159180 0.000000 0.987249 1.000000 1.000000 1.000000
3812.414062 0.000000 4291.623535 0.000000 0.705818 0.000000 -0.708393 1.000000 1.000000 1.000000
3781.967529 0.000000 4297.154297 0.000000 0.397672 0.000000 0.917528 1.000000 1.000000 1.000000
3808.638916 0.000000 4280.786133 0.000000 0.994815 0.000000 0.101704 1.000000 1.000000 1.000000
3812.897217 0.000000 4283.533691 0.000000 0.757698 0.000000 0.652605 1.000000 1.000000 1.000000
3823.235840 0.000000 4288.702637 0.000000 0.588596 0.000000 -0.808428 1.000000 1.000000 1.000000
3796.041748 0.000000 4282.138184 0.000000 0.999481 0.000000 0.032198 1.000000 1.000000 1.000000
3817.060791 0.000000 4296.003418 0.000000 0.577579 0.000000 0.816335 1.000000 1.000000 1.000000
3785.736084 0.000000 4289.164062 0.000000 0.944081 0.000000 -0.329714 1.000000 1.000000 1.000000
3807.276855 0.000000 4298.403320 0.000000 0.166008 0.000000 -0.986124 1.000000 1.000000 1.000000
3808.736572 0.000000 4294.444336 0.000000 0.503723 0.000000 0.863865 1.000000 1.000000 1.000000
3813.820801 0.000000 4293.189453 0.000000 0.991919 0.000000 0.126869 1.000000 1.000000 1.000000
3798.449463 0.000000 4283.146484 0.000000 0.980190 0.000000 0.198060 1.000000 1.000000 1.000000
3797.260742 0.000000 4286.853516 0.000000 0.083780 0.000000 0.996484 1.000000 1.000000 1.000000
3786.854248 0.000000 4303.707520 0.000000 0.802877 0.000000 0.596144 1.000000 1.000000 1.000000
3819.496338 0.000000 4292.265137 0.000000 0.245984 0.000000 0.969274 1.000000 1.000000 1.000000
3811.990234 0.000000 4293.849121 0.000000 0.910929 0.000000 -0.412562 1.000000 1.000000 1.000000
3789.321045 0.000000 4292.757812 0.000000 0.635151 0.000000 0.772388 1.000000 1.000000 1.000000
3816.843018 0.000000 4286.068848 0.000000 0.998601 0.000000 0.052881 1.000000 1.000000 1.000000
3824.788330 0.000000 4288.353027 0.000000 0.568532 0.000000 -0.822661 1.000000 1.000000 1.000000
3810.776855 0.000000 4298.102051 0.000000 0.978906 0.000000 -0.204309 1.000000 1.000000 1.000000
3811.117432 0.000000 4286.079102 0.000000 0.147659 0.000000 0.989038 1.000000 1.000000 1.000000
3806.648438 0.000000 4304.346680 0.000000 0.968178 0.000000 0.250262 1.000000 1.000000 1.000000
3820.733643 0.000000 4291.460938 0.000000 0.991969 0.000000 0.126479 1.000000 1.000000 1.000000
3806.523438 0.000000 4286.437988 0.000000 0.372856 0.000000 -0.927889 1.000000 1.000000 1.000000
3807.737305 0.000000 4287.067383 0.000000 0.438862 0.000000 0.898554 1.000000 1.000000 1.000000
3809.401123 0.000000 4301.428711 0.000000 0.998972 0.000000 -0.045326 1.000000 1.000000 1.000000
3796.870605 0.000000 4281.113281 0.000000 0.511447 0.000000 0.859315 1.000000 1.000000 1.000000
3819.409180 0.000000 4291.089355 0.000000 0.466582 0.000000 0.884478 1.000000 1.000000 1.000000
3808.801514 0.000000 4287.252441 0.000000 0.886940 0.000000 0.461885 1.000000 1.000000 1.000000
3816.451416 0.000000 4293.318359 0.000000 0.507930 0.000000 -0.861398 1.000000 1.000000 1.000000
3791.027588 0.000000 4283.033203 0.000000 0.567681 0.000000 -0.823248 1.000000 1.000000 1.000000
3817.330078 0.000000 4288.594238 0.000000 0.836094 0.000000 -0.548586 1.000000 1.000000 1.000000
3823.510742 0.000000 4319.697266 0.000000 0.994613 0.000000 -0.103657 1.000000 1.000000 1.000000
3822.257080 0.000000 4316.056641 0.000000 0.391778 0.000000 -0.920060 1.000000 1.000000 1.000000
3778.172119 0.000000 4314.049805 0.000000 0.919008 0.000000 0.394238 1.000000 1.000000 1.000000
"}
object={
	name="tree_mallorn_generator_1_2"
	clamp_to_water_level=no
	render_under_water=no
	generated_content=yes
	layer="tree_high_layer"
	pdxmesh="tree_mallorn_04_mesh"
	count=65
	transform="3747.673096 0.000000 4273.768066 0.000000 0.377539 0.000000 -0.925994 1.000000 1.000000 1.000000
3773.945312 0.000000 4294.112305 0.000000 0.961618 0.000000 -0.274391 1.000000 1.000000 1.000000
3741.463867 0.000000 4279.617188 0.000000 0.392593 0.000000 0.919712 1.000000 1.000000 1.000000
3722.744873 0.000000 4272.729980 0.000000 0.679643 0.000000 -0.733543 1.000000 1.000000 1.000000
3763.193115 0.000000 4293.746582 0.000000 0.310155 0.000000 0.950686 1.000000 1.000000 1.000000
3771.120117 0.000000 4287.556152 0.000000 0.998886 0.000000 -0.047190 1.000000 1.000000 1.000000
3745.995361 0.000000 4284.712402 0.000000 0.063114 0.000000 -0.998006 1.000000 1.000000 1.000000
3742.625732 0.000000 4277.619141 0.000000 0.812653 0.000000 0.582748 1.000000 1.000000 1.000000
3751.726074 0.000000 4276.399902 0.000000 0.663746 0.000000 0.747958 1.000000 1.000000 1.000000
3762.607422 0.000000 4288.431152 0.000000 0.159928 0.000000 -0.987129 1.000000 1.000000 1.000000
3764.187988 0.000000 4289.753906 0.000000 0.334068 0.000000 0.942549 1.000000 1.000000 1.000000
3764.557373 0.000000 4286.416992 0.000000 0.998278 0.000000 -0.058653 1.000000 1.000000 1.000000
3746.317383 0.000000 4277.679199 0.000000 0.457339 0.000000 0.889292 1.000000 1.000000 1.000000
3765.767090 0.000000 4284.994141 0.000000 0.401934 0.000000 0.915669 1.000000 1.000000 1.000000
3750.825439 0.000000 4278.721680 0.000000 0.448657 0.000000 0.893704 1.000000 1.000000 1.000000
3750.602539 0.000000 4281.201172 0.000000 0.010730 0.000000 0.999942 1.000000 1.000000 1.000000
3748.557861 0.000000 4277.710938 0.000000 0.310120 0.000000 -0.950698 1.000000 1.000000 1.000000
3789.529541 0.000000 4284.175293 0.000000 0.450803 0.000000 0.892623 1.000000 1.000000 1.000000
3823.992188 0.000000 4293.987305 0.000000 0.993925 0.000000 0.110062 1.000000 1.000000 1.000000
3786.061279 0.000000 4280.617676 0.000000 0.981574 0.000000 -0.191083 1.000000 1.000000 1.000000
3814.955078 0.000000 4291.326172 0.000000 0.900055 0.000000 -0.435776 1.000000 1.000000 1.000000
3801.772949 0.000000 4278.817871 0.000000 0.982324 0.000000 0.187190 1.000000 1.000000 1.000000
3779.703125 0.000000 4286.439453 0.000000 0.300721 0.000000 -0.953712 1.000000 1.000000 1.000000
3790.429688 0.000000 4280.136230 0.000000 0.975423 0.000000 -0.220340 1.000000 1.000000 1.000000
3784.908936 0.000000 4303.011719 0.000000 0.999540 0.000000 0.030318 1.000000 1.000000 1.000000
3781.013184 0.000000 4307.744629 0.000000 0.190162 0.000000 0.981753 1.000000 1.000000 1.000000
3777.952393 0.000000 4301.058594 0.000000 0.665662 0.000000 0.746253 1.000000 1.000000 1.000000
3825.545654 0.000000 4290.223633 0.000000 0.942070 0.000000 0.335416 1.000000 1.000000 1.000000
3832.563232 0.000000 4291.332520 0.000000 0.912626 0.000000 -0.408796 1.000000 1.000000 1.000000
3794.535400 0.000000 4280.321777 0.000000 0.921789 0.000000 0.387692 1.000000 1.000000 1.000000
3781.749268 0.000000 4274.274902 0.000000 0.839830 0.000000 -0.542849 1.000000 1.000000 1.000000
3790.918945 0.000000 4293.566406 0.000000 0.732152 0.000000 -0.681141 1.000000 1.000000 1.000000
3791.884277 0.000000 4282.491699 0.000000 0.957035 0.000000 -0.289972 1.000000 1.000000 1.000000
3807.656250 0.000000 4303.171387 0.000000 0.538612 0.000000 0.842554 1.000000 1.000000 1.000000
3826.891113 0.000000 4298.541504 0.000000 0.098909 0.000000 0.995097 1.000000 1.000000 1.000000
3789.820068 0.000000 4286.750977 0.000000 0.458847 0.000000 0.888515 1.000000 1.000000 1.000000
3785.020264 0.000000 4299.922852 0.000000 0.331679 0.000000 0.943392 1.000000 1.000000 1.000000
3801.987793 0.000000 4284.645020 0.000000 0.231385 0.000000 -0.972862 1.000000 1.000000 1.000000
3810.906006 0.000000 4295.471680 0.000000 0.379482 0.000000 -0.925199 1.000000 1.000000 1.000000
3827.254395 0.000000 4301.504395 0.000000 0.336343 0.000000 0.941740 1.000000 1.000000 1.000000
3788.024658 0.000000 4296.412109 0.000000 0.316237 0.000000 0.948680 1.000000 1.000000 1.000000
3791.049805 0.000000 4291.753906 0.000000 0.643408 0.000000 0.765523 1.000000 1.000000 1.000000
3802.031006 0.000000 4281.802734 0.000000 0.078844 0.000000 -0.996887 1.000000 1.000000 1.000000
3795.522461 0.000000 4285.056152 0.000000 0.798000 0.000000 0.602658 1.000000 1.000000 1.000000
3833.975098 0.000000 4292.752930 0.000000 0.604386 0.000000 0.796692 1.000000 1.000000 1.000000
3786.639893 0.000000 4299.733398 0.000000 0.881561 0.000000 0.472070 1.000000 1.000000 1.000000
3826.494629 0.000000 4302.873047 0.000000 0.649887 0.000000 0.760031 1.000000 1.000000 1.000000
3791.910889 0.000000 4294.748535 0.000000 0.514763 0.000000 -0.857332 1.000000 1.000000 1.000000
3792.836670 0.000000 4283.890625 0.000000 0.555350 0.000000 -0.831617 1.000000 1.000000 1.000000
3797.450928 0.000000 4288.971191 0.000000 0.998413 0.000000 -0.056323 1.000000 1.000000 1.000000
3803.495605 0.000000 4284.466309 0.000000 0.798554 0.000000 -0.601923 1.000000 1.000000 1.000000
3792.214600 0.000000 4292.893066 0.000000 0.995646 0.000000 0.093213 1.000000 1.000000 1.000000
3799.392334 0.000000 4281.752441 0.000000 0.753535 0.000000 0.657408 1.000000 1.000000 1.000000
3810.095215 0.000000 4294.379883 0.000000 0.911626 0.000000 -0.411021 1.000000 1.000000 1.000000
3811.529541 0.000000 4292.581055 0.000000 0.792598 0.000000 -0.609745 1.000000 1.000000 1.000000
3803.859375 0.000000 4281.628906 0.000000 0.986044 0.000000 0.166487 1.000000 1.000000 1.000000
3811.693359 0.000000 4300.682617 0.000000 0.622950 0.000000 -0.782262 1.000000 1.000000 1.000000
3816.427002 0.000000 4288.545410 0.000000 0.088826 0.000000 -0.996047 1.000000 1.000000 1.000000
3833.330566 0.000000 4293.653809 0.000000 0.971884 0.000000 0.235460 1.000000 1.000000 1.000000
3801.353760 0.000000 4282.397461 0.000000 0.619872 0.000000 -0.784703 1.000000 1.000000 1.000000
3805.854004 0.000000 4311.581543 0.000000 0.581851 0.000000 -0.813296 1.000000 1.000000 1.000000
3827.501221 0.000000 4311.339844 0.000000 0.746142 0.000000 -0.665787 1.000000 1.000000 1.000000
3820.592529 0.000000 4323.565430 0.000000 0.476959 0.000000 0.878926 1.000000 1.000000 1.000000
3785.826904 0.000000 4314.111816 0.000000 0.962350 0.000000 -0.271814 1.000000 1.000000 1.000000
3800.046143 0.000000 4312.700195 0.000000 0.792229 0.000000 -0.610223 1.000000 1.000000 1.000000
"}
object={
	name="tree_mallorn_generator_1_3"
	clamp_to_water_level=no
	render_under_water=no
	generated_content=yes
	layer="tree_high_layer"
	pdxmesh="tree_mallorn_05_mesh"
	count=54
	transform="3752.733643 0.000000 4305.296387 0.000000 0.870101 0.000000 -0.492873 1.000000 1.000000 1.000000
3744.406738 0.000000 4274.594238 0.000000 0.949386 0.000000 0.314111 1.000000 1.000000 1.000000
3774.260254 0.000000 4277.035645 0.000000 0.985091 0.000000 0.172036 1.000000 1.000000 1.000000
3757.399658 0.000000 4292.860840 0.000000 0.196865 0.000000 -0.980431 1.000000 1.000000 1.000000
3740.244141 0.000000 4273.315918 0.000000 0.323655 0.000000 0.946175 1.000000 1.000000 1.000000
3758.833984 0.000000 4296.263184 0.000000 0.199005 0.000000 -0.979998 1.000000 1.000000 1.000000
3740.415527 0.000000 4277.797363 0.000000 0.918881 0.000000 0.394536 1.000000 1.000000 1.000000
3745.814941 0.000000 4288.524902 0.000000 0.935934 0.000000 -0.352177 1.000000 1.000000 1.000000
3741.108398 0.000000 4274.304688 0.000000 0.999797 0.000000 0.020171 1.000000 1.000000 1.000000
3737.808350 0.000000 4277.517578 0.000000 0.482123 0.000000 -0.876104 1.000000 1.000000 1.000000
3752.572510 0.000000 4279.975586 0.000000 0.043175 0.000000 -0.999067 1.000000 1.000000 1.000000
3738.725830 0.000000 4279.484863 0.000000 0.675039 0.000000 0.737782 1.000000 1.000000 1.000000
3746.302490 0.000000 4278.771484 0.000000 0.560079 0.000000 -0.828439 1.000000 1.000000 1.000000
3744.335205 0.000000 4289.341309 0.000000 0.974059 0.000000 -0.226293 1.000000 1.000000 1.000000
3753.550049 0.000000 4281.782715 0.000000 0.930495 0.000000 -0.366304 1.000000 1.000000 1.000000
3833.544189 0.000000 4294.712891 0.000000 0.864696 0.000000 0.502296 1.000000 1.000000 1.000000
3817.215088 0.000000 4287.664551 0.000000 0.968979 0.000000 0.247143 1.000000 1.000000 1.000000
3805.611328 0.000000 4310.004395 0.000000 0.398032 0.000000 0.917371 1.000000 1.000000 1.000000
3798.147217 0.000000 4281.032227 0.000000 0.805296 0.000000 0.592873 1.000000 1.000000 1.000000
3831.235596 0.000000 4303.199707 0.000000 0.999902 0.000000 0.014022 1.000000 1.000000 1.000000
3775.583984 0.000000 4278.486816 0.000000 0.741998 0.000000 -0.670402 1.000000 1.000000 1.000000
3800.712402 0.000000 4310.457520 0.000000 0.435971 0.000000 -0.899961 1.000000 1.000000 1.000000
3782.657227 0.000000 4299.548340 0.000000 0.823949 0.000000 0.566664 1.000000 1.000000 1.000000
3808.897705 0.000000 4278.083984 0.000000 0.045030 0.000000 -0.998986 1.000000 1.000000 1.000000
3830.570557 0.000000 4293.978027 0.000000 0.989156 0.000000 0.146869 1.000000 1.000000 1.000000
3797.202393 0.000000 4284.791504 0.000000 0.985649 0.000000 0.168808 1.000000 1.000000 1.000000
3800.467041 0.000000 4282.753906 0.000000 0.955753 0.000000 0.294170 1.000000 1.000000 1.000000
3814.802246 0.000000 4297.666016 0.000000 0.608509 0.000000 0.793547 1.000000 1.000000 1.000000
3820.882324 0.000000 4295.371094 0.000000 0.534897 0.000000 0.844918 1.000000 1.000000 1.000000
3799.141602 0.000000 4278.653809 0.000000 0.222410 0.000000 -0.974953 1.000000 1.000000 1.000000
3785.865479 0.000000 4295.255859 0.000000 0.954102 0.000000 0.299481 1.000000 1.000000 1.000000
3793.878174 0.000000 4289.104004 0.000000 0.926955 0.000000 -0.375173 1.000000 1.000000 1.000000
3795.009033 0.000000 4291.224121 0.000000 0.563714 0.000000 -0.825970 1.000000 1.000000 1.000000
3789.630615 0.000000 4301.612793 0.000000 0.905553 0.000000 -0.424234 1.000000 1.000000 1.000000
3802.831787 0.000000 4286.620605 0.000000 0.706711 0.000000 0.707502 1.000000 1.000000 1.000000
3816.171387 0.000000 4299.836426 0.000000 0.852780 0.000000 0.522270 1.000000 1.000000 1.000000
3783.758057 0.000000 4285.928711 0.000000 0.889315 0.000000 0.457294 1.000000 1.000000 1.000000
3777.202148 0.000000 4277.038086 0.000000 0.686863 0.000000 -0.726787 1.000000 1.000000 1.000000
3808.085205 0.000000 4301.528809 0.000000 0.958922 0.000000 -0.283671 1.000000 1.000000 1.000000
3811.622314 0.000000 4284.577637 0.000000 0.896116 0.000000 -0.443820 1.000000 1.000000 1.000000
3814.837646 0.000000 4301.989746 0.000000 0.671265 0.000000 -0.741217 1.000000 1.000000 1.000000
3794.317871 0.000000 4292.629395 0.000000 0.999738 0.000000 0.022901 1.000000 1.000000 1.000000
3794.933838 0.000000 4276.806152 0.000000 0.858839 0.000000 0.512246 1.000000 1.000000 1.000000
3827.348633 0.000000 4299.974121 0.000000 0.500416 0.000000 -0.865785 1.000000 1.000000 1.000000
3809.356201 0.000000 4295.820801 0.000000 0.956163 0.000000 0.292836 1.000000 1.000000 1.000000
3817.166260 0.000000 4294.246094 0.000000 0.891085 0.000000 0.453837 1.000000 1.000000 1.000000
3789.696045 0.000000 4294.283691 0.000000 0.249340 0.000000 0.968416 1.000000 1.000000 1.000000
3822.112793 0.000000 4289.091309 0.000000 0.469043 0.000000 0.883175 1.000000 1.000000 1.000000
3800.863525 0.000000 4281.641602 0.000000 0.123698 0.000000 0.992320 1.000000 1.000000 1.000000
3812.863037 0.000000 4296.587402 0.000000 0.197664 0.000000 -0.980270 1.000000 1.000000 1.000000
3818.719971 0.000000 4291.813965 0.000000 0.988637 0.000000 -0.150322 1.000000 1.000000 1.000000
3802.086670 0.000000 4311.534180 0.000000 0.923139 0.000000 0.384467 1.000000 1.000000 1.000000
3825.780029 0.000000 4317.168945 0.000000 0.988513 0.000000 0.151138 1.000000 1.000000 1.000000
3778.758301 0.000000 4315.777832 0.000000 0.285482 0.000000 -0.958384 1.000000 1.000000 1.000000
"}
object={
	name="tree_mallorn_generator_1_4"
	clamp_to_water_level=no
	render_under_water=no
	generated_content=yes
	layer="tree_high_layer"
	pdxmesh="tree_mallorn_06_mesh"
	count=49
	transform="3768.377197 0.000000 4286.878418 0.000000 0.997224 0.000000 0.074456 1.000000 1.000000 1.000000
3747.032715 0.000000 4289.483887 0.000000 0.104254 0.000000 -0.994551 1.000000 1.000000 1.000000
3750.962891 0.000000 4291.326172 0.000000 0.935365 0.000000 0.353684 1.000000 1.000000 1.000000
3737.797852 0.000000 4274.159180 0.000000 0.930141 0.000000 -0.367203 1.000000 1.000000 1.000000
3739.668701 0.000000 4270.639648 0.000000 0.888162 0.000000 -0.459531 1.000000 1.000000 1.000000
3771.542725 0.000000 4282.668945 0.000000 0.991055 0.000000 0.133457 1.000000 1.000000 1.000000
3755.720215 0.000000 4305.125000 0.000000 0.497595 0.000000 0.867410 1.000000 1.000000 1.000000
3770.317627 0.000000 4285.014160 0.000000 0.620982 0.000000 0.783825 1.000000 1.000000 1.000000
3739.326904 0.000000 4280.526855 0.000000 0.813455 0.000000 -0.581627 1.000000 1.000000 1.000000
3766.182373 0.000000 4286.158691 0.000000 0.867842 0.000000 0.496840 1.000000 1.000000 1.000000
3754.280029 0.000000 4282.569824 0.000000 0.331003 0.000000 -0.943630 1.000000 1.000000 1.000000
3744.365967 0.000000 4288.291992 0.000000 0.957080 0.000000 -0.289823 1.000000 1.000000 1.000000
3747.897705 0.000000 4281.237305 0.000000 0.722785 0.000000 0.691073 1.000000 1.000000 1.000000
3742.636719 0.000000 4275.636230 0.000000 0.923362 0.000000 -0.383931 1.000000 1.000000 1.000000
3750.792725 0.000000 4277.607422 0.000000 0.988156 0.000000 0.153451 1.000000 1.000000 1.000000
3765.596680 0.000000 4287.264648 0.000000 0.832654 0.000000 0.553794 1.000000 1.000000 1.000000
3753.955322 0.000000 4279.662598 0.000000 0.928622 0.000000 0.371027 1.000000 1.000000 1.000000
3791.424561 0.000000 4300.163574 0.000000 0.682981 0.000000 0.730437 1.000000 1.000000 1.000000
3810.279541 0.000000 4293.032227 0.000000 0.972797 0.000000 0.231660 1.000000 1.000000 1.000000
3811.389648 0.000000 4299.551758 0.000000 0.291283 0.000000 0.956637 1.000000 1.000000 1.000000
3778.802734 0.000000 4289.742676 0.000000 0.432565 0.000000 0.901603 1.000000 1.000000 1.000000
3784.522949 0.000000 4297.426758 0.000000 0.475758 0.000000 0.879576 1.000000 1.000000 1.000000
3816.518311 0.000000 4301.872070 0.000000 0.037943 0.000000 -0.999280 1.000000 1.000000 1.000000
3794.503174 0.000000 4286.369629 0.000000 0.539113 0.000000 -0.842234 1.000000 1.000000 1.000000
3784.104248 0.000000 4282.252441 0.000000 0.785100 0.000000 0.619369 1.000000 1.000000 1.000000
3809.011475 0.000000 4300.121582 0.000000 0.491752 0.000000 -0.870735 1.000000 1.000000 1.000000
3806.437256 0.000000 4287.817383 0.000000 0.821789 0.000000 0.569792 1.000000 1.000000 1.000000
3819.487305 0.000000 4288.412598 0.000000 0.778440 0.000000 -0.627719 1.000000 1.000000 1.000000
3789.164551 0.000000 4299.607422 0.000000 0.970925 0.000000 -0.239383 1.000000 1.000000 1.000000
3812.384766 0.000000 4301.770996 0.000000 0.561901 0.000000 0.827205 1.000000 1.000000 1.000000
3786.456543 0.000000 4282.618164 0.000000 0.066731 0.000000 0.997771 1.000000 1.000000 1.000000
3816.951416 0.000000 4292.447266 0.000000 0.728742 0.000000 -0.684789 1.000000 1.000000 1.000000
3793.697510 0.000000 4282.011230 0.000000 0.896159 0.000000 0.443733 1.000000 1.000000 1.000000
3790.477783 0.000000 4295.429199 0.000000 0.999986 0.000000 0.005261 1.000000 1.000000 1.000000
3790.103271 0.000000 4282.500977 0.000000 0.262314 0.000000 -0.964983 1.000000 1.000000 1.000000
3786.099609 0.000000 4296.888672 0.000000 0.425142 0.000000 -0.905127 1.000000 1.000000 1.000000
3809.168945 0.000000 4303.572754 0.000000 0.657737 0.000000 -0.753248 1.000000 1.000000 1.000000
3810.487549 0.000000 4300.767578 0.000000 0.557801 0.000000 0.829975 1.000000 1.000000 1.000000
3813.800781 0.000000 4296.608398 0.000000 0.830706 0.000000 0.556711 1.000000 1.000000 1.000000
3801.739990 0.000000 4283.199707 0.000000 0.990676 0.000000 0.136238 1.000000 1.000000 1.000000
3811.192871 0.000000 4283.442383 0.000000 0.194630 0.000000 0.980877 1.000000 1.000000 1.000000
3803.406006 0.000000 4285.614746 0.000000 0.598750 0.000000 -0.800936 1.000000 1.000000 1.000000
3800.758789 0.000000 4283.766602 0.000000 0.996992 0.000000 -0.077502 1.000000 1.000000 1.000000
3819.341064 0.000000 4293.288086 0.000000 0.502826 0.000000 0.864388 1.000000 1.000000 1.000000
3819.804199 0.000000 4295.997070 0.000000 0.988836 0.000000 0.149011 1.000000 1.000000 1.000000
3810.152100 0.000000 4285.849121 0.000000 0.498628 0.000000 0.866816 1.000000 1.000000 1.000000
3820.498047 0.000000 4290.534180 0.000000 0.281890 0.000000 -0.959447 1.000000 1.000000 1.000000
3817.391602 0.000000 4293.312012 0.000000 0.056653 0.000000 -0.998394 1.000000 1.000000 1.000000
3779.869385 0.000000 4311.988281 0.000000 0.996222 0.000000 0.086847 1.000000 1.000000 1.000000
"}
object={
	name="tree_mallorn_generator_1_5"
	clamp_to_water_level=no
	render_under_water=no
	generated_content=yes
	layer="tree_high_layer"
	pdxmesh="tree_mallorn_01_mesh"
	count=12
	transform="3734.801514 0.000000 4275.953613 0.000000 0.224982 0.000000 0.974363 1.000000 1.000000 1.000000
3772.899170 0.000000 4285.366211 0.000000 0.666782 0.000000 -0.745252 1.000000 1.000000 1.000000
3748.535156 0.000000 4276.744629 0.000000 0.204450 0.000000 0.978877 1.000000 1.000000 1.000000
3828.625732 0.000000 4284.642090 0.000000 0.299283 0.000000 0.954164 1.000000 1.000000 1.000000
3793.386719 0.000000 4306.709961 0.000000 0.439351 0.000000 0.898316 1.000000 1.000000 1.000000
3790.330811 0.000000 4277.130859 0.000000 0.772398 0.000000 -0.635138 1.000000 1.000000 1.000000
3816.509766 0.000000 4291.063965 0.000000 0.777119 0.000000 0.629354 1.000000 1.000000 1.000000
3792.757812 0.000000 4290.087891 0.000000 0.413588 0.000000 -0.910464 1.000000 1.000000 1.000000
3788.968994 0.000000 4282.851074 0.000000 0.506880 0.000000 0.862017 1.000000 1.000000 1.000000
3813.459229 0.000000 4297.679199 0.000000 0.996663 0.000000 -0.081621 1.000000 1.000000 1.000000
3791.947998 0.000000 4283.459961 0.000000 0.973080 0.000000 -0.230469 1.000000 1.000000 1.000000
3821.129883 0.000000 4320.886719 0.000000 0.569448 0.000000 0.822027 1.000000 1.000000 1.000000
"}
