object={
	name="tree_leaf_yellow_generator_1_0"
	render_pass=Map
	clamp_to_water_level=no
	generated_content=yes
	layer="tree_high_layer"
	pdxmesh="tree_leaf_yellow_01_a_mesh"
	count=98
	transform="501.449280 0.000000 1783.779297 0.000000 0.682385 0.000000 0.730993 1.000000 1.000000 1.000000
497.951935 0.000000 1782.669189 0.000000 0.435867 0.000000 0.900011 1.000000 1.000000 1.000000
505.390442 0.000000 1798.363037 0.000000 0.404425 0.000000 0.914571 1.000000 1.000000 1.000000
487.208588 0.000000 1790.111328 0.000000 0.217875 0.000000 0.975977 1.000000 1.000000 1.000000
495.867828 0.000000 1791.817505 0.000000 0.324670 0.000000 0.945827 1.000000 1.000000 1.000000
557.630371 0.000000 1800.783203 0.000000 0.364262 0.000000 0.931296 1.000000 1.000000 1.000000
562.749023 0.000000 1798.444214 0.000000 0.547398 0.000000 0.836873 1.000000 1.000000 1.000000
564.402161 0.000000 1795.740356 0.000000 0.756022 0.000000 0.654546 1.000000 1.000000 1.000000
574.775757 0.000000 1797.500000 0.000000 0.580505 0.000000 0.814257 1.000000 1.000000 1.000000
528.842651 0.000000 1797.391235 0.000000 0.016595 0.000000 0.999862 1.000000 1.000000 1.000000
570.707581 0.000000 1797.470703 0.000000 0.329497 0.000000 0.944156 1.000000 1.000000 1.000000
583.507324 0.000000 1797.931885 0.000000 0.325522 0.000000 0.945534 1.000000 1.000000 1.000000
578.447327 0.000000 1796.358887 0.000000 0.031786 0.000000 0.999495 1.000000 1.000000 1.000000
577.035461 0.000000 1795.044312 0.000000 0.194928 0.000000 0.980818 1.000000 1.000000 1.000000
581.078125 0.000000 1797.458984 0.000000 0.719364 0.000000 0.694633 1.000000 1.000000 1.000000
570.603210 0.000000 1803.734497 0.000000 0.189082 0.000000 0.981961 1.000000 1.000000 1.000000
5439.080078 0.000000 2064.854004 0.000000 0.605285 0.000000 0.796009 1.000000 1.000000 1.000000
5449.295410 0.000000 2091.877686 0.000000 0.020866 0.000000 0.999782 1.000000 1.000000 1.000000
5449.663086 0.000000 2095.646484 0.000000 0.269271 0.000000 0.963065 1.000000 1.000000 1.000000
5574.456055 0.000000 2066.509277 0.000000 0.474367 0.000000 0.880327 1.000000 1.000000 1.000000
5545.890137 0.000000 2077.665039 0.000000 0.283427 0.000000 0.958994 1.000000 1.000000 1.000000
5548.382324 0.000000 2079.964355 0.000000 0.046003 0.000000 0.998941 1.000000 1.000000 1.000000
5548.919434 0.000000 2077.285156 0.000000 0.595952 0.000000 0.803020 1.000000 1.000000 1.000000
5569.671387 0.000000 2110.800049 0.000000 0.106178 0.000000 0.994347 1.000000 1.000000 1.000000
5572.175781 0.000000 2071.340576 0.000000 0.143507 0.000000 0.989649 1.000000 1.000000 1.000000
5590.923340 0.000000 2123.036865 0.000000 0.649968 0.000000 0.759961 1.000000 1.000000 1.000000
5580.098145 0.000000 2126.178467 0.000000 0.335966 0.000000 0.941874 1.000000 1.000000 1.000000
5560.773926 0.000000 2194.292969 0.000000 0.126163 0.000000 0.992010 1.000000 1.000000 1.000000
5627.674316 0.000000 2237.160645 0.000000 0.442359 0.000000 0.896838 1.000000 1.000000 1.000000
5628.494141 0.000000 2239.808350 0.000000 0.438236 0.000000 0.898860 1.000000 1.000000 1.000000
5622.713379 0.000000 2221.789307 0.000000 0.357834 0.000000 0.933785 1.000000 1.000000 1.000000
5627.211426 0.000000 2252.022217 0.000000 0.405285 0.000000 0.914191 1.000000 1.000000 1.000000
5631.447266 0.000000 2236.693115 0.000000 0.565219 0.000000 0.824941 1.000000 1.000000 1.000000
5631.357910 0.000000 2254.846436 0.000000 0.275043 0.000000 0.961432 1.000000 1.000000 1.000000
5681.093750 0.000000 2251.510986 0.000000 0.130421 0.000000 0.991459 1.000000 1.000000 1.000000
5649.471680 0.000000 2258.370850 0.000000 0.552697 0.000000 0.833382 1.000000 1.000000 1.000000
5755.987793 0.000000 2374.564697 0.000000 0.385195 0.000000 0.922835 1.000000 1.000000 1.000000
5753.857422 0.000000 2366.606934 0.000000 0.512949 0.000000 0.858419 1.000000 1.000000 1.000000
5746.657227 0.000000 2406.877686 0.000000 0.539252 0.000000 0.842144 1.000000 1.000000 1.000000
5742.483887 0.000000 2395.188721 0.000000 0.482832 0.000000 0.875713 1.000000 1.000000 1.000000
5743.227539 0.000000 2451.700439 0.000000 0.629308 0.000000 0.777156 1.000000 1.000000 1.000000
5778.105469 0.000000 2392.144775 0.000000 0.606874 0.000000 0.794798 1.000000 1.000000 1.000000
5765.204102 0.000000 2399.711426 0.000000 0.440568 0.000000 0.897719 1.000000 1.000000 1.000000
5766.114258 0.000000 2393.015137 0.000000 0.544784 0.000000 0.838577 1.000000 1.000000 1.000000
5780.103027 0.000000 2412.792969 0.000000 0.068286 0.000000 0.997666 1.000000 1.000000 1.000000
5791.035156 0.000000 2406.739258 0.000000 0.599074 0.000000 0.800694 1.000000 1.000000 1.000000
5767.261719 0.000000 2400.885986 0.000000 0.737957 0.000000 0.674847 1.000000 1.000000 1.000000
5767.232910 0.000000 2398.688965 0.000000 0.597168 0.000000 0.802116 1.000000 1.000000 1.000000
5786.091797 0.000000 2451.664307 0.000000 0.094355 0.000000 0.995539 1.000000 1.000000 1.000000
5797.768555 0.000000 2441.002686 0.000000 0.106336 0.000000 0.994330 1.000000 1.000000 1.000000
5786.464355 0.000000 2448.261230 0.000000 0.680051 0.000000 0.733164 1.000000 1.000000 1.000000
5785.259766 0.000000 2440.576416 0.000000 0.762868 0.000000 0.646554 1.000000 1.000000 1.000000
5791.147461 0.000000 2460.609863 0.000000 0.162077 0.000000 0.986778 1.000000 1.000000 1.000000
5758.018555 0.000000 2473.356201 0.000000 0.478530 0.000000 0.878071 1.000000 1.000000 1.000000
5769.386719 0.000000 2463.776367 0.000000 0.405783 0.000000 0.913969 1.000000 1.000000 1.000000
5773.091309 0.000000 2487.295654 0.000000 0.648178 0.000000 0.761489 1.000000 1.000000 1.000000
5788.342773 0.000000 2481.814453 0.000000 0.302843 0.000000 0.953040 1.000000 1.000000 1.000000
5778.704102 0.000000 2463.699951 0.000000 0.117017 0.000000 0.993130 1.000000 1.000000 1.000000
5792.127441 0.000000 2463.652100 0.000000 0.632065 0.000000 0.774916 1.000000 1.000000 1.000000
3774.497314 0.000000 4282.975586 0.000000 0.247920 0.000000 0.968780 1.000000 1.000000 1.000000
3771.680420 0.000000 4291.600098 0.000000 0.731243 0.000000 0.682117 1.000000 1.000000 1.000000
3775.927979 0.000000 4289.151367 0.000000 0.103019 0.000000 0.994679 1.000000 1.000000 1.000000
3788.864502 0.000000 4303.552246 0.000000 0.300247 0.000000 0.953861 1.000000 1.000000 1.000000
3793.389160 0.000000 4277.151367 0.000000 0.300688 0.000000 0.953722 1.000000 1.000000 1.000000
3791.424805 0.000000 4300.164062 0.000000 0.682981 0.000000 0.730437 1.000000 1.000000 1.000000
3801.790283 0.000000 4274.159668 0.000000 0.611589 0.000000 0.791176 1.000000 1.000000 1.000000
3787.923584 0.000000 4306.770996 0.000000 0.262444 0.000000 0.964947 1.000000 1.000000 1.000000
3782.674561 0.000000 4310.111328 0.000000 0.442473 0.000000 0.896782 1.000000 1.000000 1.000000
3779.361816 0.000000 4283.636719 0.000000 0.755140 0.000000 0.655563 1.000000 1.000000 1.000000
3807.656494 0.000000 4303.171875 0.000000 0.538612 0.000000 0.842554 1.000000 1.000000 1.000000
3776.257080 0.000000 4286.443848 0.000000 0.620239 0.000000 0.784413 1.000000 1.000000 1.000000
3798.790039 0.000000 4288.291504 0.000000 0.639540 0.000000 0.768758 1.000000 1.000000 1.000000
3793.947754 0.000000 4298.226074 0.000000 0.501660 0.000000 0.865065 1.000000 1.000000 1.000000
3781.967773 0.000000 4297.154785 0.000000 0.397672 0.000000 0.917528 1.000000 1.000000 1.000000
3823.461914 0.000000 4299.372559 0.000000 0.599162 0.000000 0.800628 1.000000 1.000000 1.000000
3776.225830 0.000000 4308.713867 0.000000 0.461319 0.000000 0.887234 1.000000 1.000000 1.000000
3777.869385 0.000000 4287.790527 0.000000 0.048672 0.000000 0.998815 1.000000 1.000000 1.000000
3826.599854 0.000000 4288.431641 0.000000 0.500408 0.000000 0.865790 1.000000 1.000000 1.000000
3778.007324 0.000000 4285.206055 0.000000 0.515775 0.000000 0.856724 1.000000 1.000000 1.000000
3781.786865 0.000000 4293.396484 0.000000 0.397972 0.000000 0.917398 1.000000 1.000000 1.000000
3833.015869 0.000000 4303.932129 0.000000 0.634509 0.000000 0.772915 1.000000 1.000000 1.000000
3785.297363 0.000000 4293.408203 0.000000 0.519932 0.000000 0.854207 1.000000 1.000000 1.000000
3827.160156 0.000000 4291.204590 0.000000 0.693325 0.000000 0.720625 1.000000 1.000000 1.000000
3777.954102 0.000000 4282.443848 0.000000 0.125591 0.000000 0.992082 1.000000 1.000000 1.000000
3789.321289 0.000000 4292.758301 0.000000 0.635151 0.000000 0.772388 1.000000 1.000000 1.000000
3783.875000 0.000000 4278.143066 0.000000 0.632465 0.000000 0.774589 1.000000 1.000000 1.000000
3796.069824 0.000000 4294.846191 0.000000 0.447771 0.000000 0.894148 1.000000 1.000000 1.000000
3780.214355 0.000000 4280.390137 0.000000 0.617574 0.000000 0.786513 1.000000 1.000000 1.000000
3779.999023 0.000000 4308.569336 0.000000 0.425517 0.000000 0.904950 1.000000 1.000000 1.000000
3803.975830 0.000000 4276.550293 0.000000 0.650948 0.000000 0.759122 1.000000 1.000000 1.000000
3776.718018 0.000000 4285.280273 0.000000 0.375083 0.000000 0.926991 1.000000 1.000000 1.000000
4022.524414 0.000000 4398.016602 0.000000 0.676718 0.000000 0.736242 1.000000 1.000000 1.000000
4026.577637 0.000000 4395.478516 0.000000 0.081543 0.000000 0.996670 1.000000 1.000000 1.000000
4026.285889 0.000000 4393.010254 0.000000 0.332950 0.000000 0.942944 1.000000 1.000000 1.000000
4024.593750 0.000000 4392.915039 0.000000 0.697073 0.000000 0.717000 1.000000 1.000000 1.000000
4022.747803 0.000000 4400.796387 0.000000 0.320665 0.000000 0.947193 1.000000 1.000000 1.000000
4020.602539 0.000000 4416.619141 0.000000 0.512940 0.000000 0.858425 1.000000 1.000000 1.000000
4035.672119 0.000000 4418.416504 0.000000 0.275794 0.000000 0.961217 1.000000 1.000000 1.000000
"}
object={
	name="tree_leaf_yellow_generator_1_1"
	render_pass=Map
	clamp_to_water_level=no
	generated_content=yes
	layer="tree_high_layer"
	pdxmesh="tree_leaf_yellow_01_b_mesh"
	count=123
	transform="504.591431 0.000000 1791.256592 0.000000 0.909971 0.000000 -0.414672 1.000000 1.000000 1.000000
494.559174 0.000000 1793.786743 0.000000 0.998432 0.000000 0.055983 1.000000 1.000000 1.000000
495.827362 0.000000 1783.895996 0.000000 0.955409 0.000000 0.295285 1.000000 1.000000 1.000000
504.462128 0.000000 1793.502686 0.000000 0.984185 0.000000 -0.177142 1.000000 1.000000 1.000000
502.507935 0.000000 1790.630859 0.000000 0.844097 0.000000 0.536191 1.000000 1.000000 1.000000
499.566071 0.000000 1783.649658 0.000000 0.994027 0.000000 -0.109137 1.000000 1.000000 1.000000
485.879272 0.000000 1791.217896 0.000000 0.999912 0.000000 -0.013249 1.000000 1.000000 1.000000
505.043823 0.000000 1794.845703 0.000000 0.845631 0.000000 0.533768 1.000000 1.000000 1.000000
503.344971 0.000000 1794.226929 0.000000 0.784703 0.000000 0.619872 1.000000 1.000000 1.000000
506.611023 0.000000 1803.734497 0.000000 0.934241 0.000000 0.356643 1.000000 1.000000 1.000000
538.921936 0.000000 1797.653320 0.000000 0.985570 0.000000 0.169268 1.000000 1.000000 1.000000
570.489990 0.000000 1794.708496 0.000000 0.997895 0.000000 -0.064853 1.000000 1.000000 1.000000
535.878052 0.000000 1790.631958 0.000000 0.883622 0.000000 0.468200 1.000000 1.000000 1.000000
566.946167 0.000000 1802.477173 0.000000 0.934411 0.000000 0.356196 1.000000 1.000000 1.000000
537.430542 0.000000 1795.140381 0.000000 0.991839 0.000000 -0.127494 1.000000 1.000000 1.000000
532.743042 0.000000 1796.902100 0.000000 0.999960 0.000000 -0.008936 1.000000 1.000000 1.000000
566.074646 0.000000 1797.298462 0.000000 0.963874 0.000000 -0.266360 1.000000 1.000000 1.000000
536.798889 0.000000 1793.055298 0.000000 0.981649 0.000000 0.190695 1.000000 1.000000 1.000000
559.499634 0.000000 1800.995361 0.000000 0.995516 0.000000 0.094592 1.000000 1.000000 1.000000
576.616333 0.000000 1801.158569 0.000000 0.991332 0.000000 -0.131381 1.000000 1.000000 1.000000
563.899780 0.000000 1803.785278 0.000000 0.988008 0.000000 -0.154403 1.000000 1.000000 1.000000
5441.568848 0.000000 2063.240967 0.000000 0.858206 0.000000 0.513305 1.000000 1.000000 1.000000
5456.169434 0.000000 2096.591797 0.000000 0.925540 0.000000 -0.378650 1.000000 1.000000 1.000000
5447.061523 0.000000 2095.209717 0.000000 0.974878 0.000000 0.222739 1.000000 1.000000 1.000000
5441.568848 0.000000 2107.233154 0.000000 0.861345 0.000000 0.508020 1.000000 1.000000 1.000000
5572.023438 0.000000 2066.359375 0.000000 0.999988 0.000000 -0.004866 1.000000 1.000000 1.000000
5556.299316 0.000000 2071.878906 0.000000 0.944856 0.000000 0.327486 1.000000 1.000000 1.000000
5563.649902 0.000000 2115.042969 0.000000 0.998542 0.000000 -0.053980 1.000000 1.000000 1.000000
5581.311035 0.000000 2128.558105 0.000000 0.829350 0.000000 0.558729 1.000000 1.000000 1.000000
5567.525391 0.000000 2114.309326 0.000000 0.999169 0.000000 0.040769 1.000000 1.000000 1.000000
5558.360352 0.000000 2182.353027 0.000000 0.973137 0.000000 0.230229 1.000000 1.000000 1.000000
5561.880859 0.000000 2190.638184 0.000000 0.999450 0.000000 -0.033169 1.000000 1.000000 1.000000
5565.783691 0.000000 2176.408203 0.000000 0.866548 0.000000 0.499094 1.000000 1.000000 1.000000
5569.733887 0.000000 2189.433838 0.000000 0.782368 0.000000 0.622816 1.000000 1.000000 1.000000
5569.838379 0.000000 2192.288818 0.000000 0.958854 0.000000 -0.283898 1.000000 1.000000 1.000000
5571.456055 0.000000 2194.147217 0.000000 0.848686 0.000000 0.528897 1.000000 1.000000 1.000000
5623.105957 0.000000 2216.691895 0.000000 0.803712 0.000000 0.595019 1.000000 1.000000 1.000000
5617.031738 0.000000 2259.536377 0.000000 0.862697 0.000000 0.505721 1.000000 1.000000 1.000000
5635.135254 0.000000 2216.003662 0.000000 0.982635 0.000000 0.185548 1.000000 1.000000 1.000000
5681.722168 0.000000 2244.837646 0.000000 0.981719 0.000000 -0.190335 1.000000 1.000000 1.000000
5682.416504 0.000000 2247.839355 0.000000 0.918527 0.000000 -0.395359 1.000000 1.000000 1.000000
5702.644043 0.000000 2257.828857 0.000000 0.970189 0.000000 -0.242348 1.000000 1.000000 1.000000
5750.313965 0.000000 2374.375732 0.000000 0.982919 0.000000 0.184040 1.000000 1.000000 1.000000
5739.088867 0.000000 2418.638916 0.000000 0.935395 0.000000 -0.353604 1.000000 1.000000 1.000000
5742.537109 0.000000 2418.663818 0.000000 0.967545 0.000000 0.252697 1.000000 1.000000 1.000000
5758.255371 0.000000 2435.303467 0.000000 0.815735 0.000000 0.578426 1.000000 1.000000 1.000000
5746.659668 0.000000 2438.523438 0.000000 0.923274 0.000000 0.384141 1.000000 1.000000 1.000000
5750.309570 0.000000 2432.123291 0.000000 0.967558 0.000000 0.252649 1.000000 1.000000 1.000000
5780.263184 0.000000 2416.175293 0.000000 0.811152 0.000000 0.584836 1.000000 1.000000 1.000000
5790.373535 0.000000 2408.940674 0.000000 0.948122 0.000000 0.317906 1.000000 1.000000 1.000000
5764.299805 0.000000 2403.185791 0.000000 0.999134 0.000000 -0.041603 1.000000 1.000000 1.000000
5788.885742 0.000000 2412.683594 0.000000 0.969283 0.000000 0.245947 1.000000 1.000000 1.000000
5780.263184 0.000000 2460.167480 0.000000 0.996442 0.000000 -0.084284 1.000000 1.000000 1.000000
5769.386719 0.000000 2419.784180 0.000000 0.983842 0.000000 -0.179041 1.000000 1.000000 1.000000
5789.612305 0.000000 2419.917480 0.000000 0.897225 0.000000 0.441574 1.000000 1.000000 1.000000
5764.771484 0.000000 2460.072754 0.000000 0.892901 0.000000 0.450252 1.000000 1.000000 1.000000
5769.585449 0.000000 2422.447754 0.000000 0.998251 0.000000 -0.059112 1.000000 1.000000 1.000000
5799.671387 0.000000 2431.127686 0.000000 0.928572 0.000000 -0.371153 1.000000 1.000000 1.000000
5790.195312 0.000000 2440.145996 0.000000 0.999879 0.000000 0.015581 1.000000 1.000000 1.000000
5782.207520 0.000000 2435.474854 0.000000 0.999954 0.000000 -0.009598 1.000000 1.000000 1.000000
5789.292480 0.000000 2441.964600 0.000000 0.849919 0.000000 0.526914 1.000000 1.000000 1.000000
5781.905273 0.000000 2477.353027 0.000000 0.958657 0.000000 -0.284563 1.000000 1.000000 1.000000
5793.805664 0.000000 2465.682617 0.000000 0.857214 0.000000 0.514961 1.000000 1.000000 1.000000
5781.859863 0.000000 2463.640381 0.000000 0.950693 0.000000 0.310132 1.000000 1.000000 1.000000
3773.538818 0.000000 4280.503906 0.000000 0.986325 0.000000 0.164812 1.000000 1.000000 1.000000
3768.377686 0.000000 4286.878906 0.000000 0.997224 0.000000 0.074456 1.000000 1.000000 1.000000
3761.095215 0.000000 4303.500488 0.000000 0.857760 0.000000 0.514050 1.000000 1.000000 1.000000
3774.548828 0.000000 4291.651367 0.000000 0.932950 0.000000 -0.360006 1.000000 1.000000 1.000000
3774.296387 0.000000 4296.539062 0.000000 0.982895 0.000000 -0.184169 1.000000 1.000000 1.000000
3772.141846 0.000000 4294.706543 0.000000 0.821334 0.000000 0.570448 1.000000 1.000000 1.000000
3768.403320 0.000000 4293.174316 0.000000 0.969752 0.000000 -0.244094 1.000000 1.000000 1.000000
3770.429443 0.000000 4291.195801 0.000000 0.887072 0.000000 0.461631 1.000000 1.000000 1.000000
3764.833008 0.000000 4294.677246 0.000000 0.789006 0.000000 0.614386 1.000000 1.000000 1.000000
3772.442383 0.000000 4288.688477 0.000000 0.904792 0.000000 -0.425854 1.000000 1.000000 1.000000
3769.983154 0.000000 4292.753418 0.000000 0.901965 0.000000 0.431810 1.000000 1.000000 1.000000
3773.265137 0.000000 4295.529297 0.000000 0.803522 0.000000 0.595275 1.000000 1.000000 1.000000
3770.738281 0.000000 4293.993652 0.000000 0.954049 0.000000 -0.299650 1.000000 1.000000 1.000000
3773.036133 0.000000 4289.607910 0.000000 0.889789 0.000000 0.456372 1.000000 1.000000 1.000000
3833.544434 0.000000 4294.713379 0.000000 0.864696 0.000000 0.502296 1.000000 1.000000 1.000000
3810.672119 0.000000 4282.398438 0.000000 0.983666 0.000000 -0.180001 1.000000 1.000000 1.000000
3824.598633 0.000000 4286.713379 0.000000 0.952906 0.000000 0.303264 1.000000 1.000000 1.000000
3829.043213 0.000000 4291.334473 0.000000 0.935604 0.000000 -0.353052 1.000000 1.000000 1.000000
3801.773193 0.000000 4278.818359 0.000000 0.982324 0.000000 0.187190 1.000000 1.000000 1.000000
3832.185303 0.000000 4298.811523 0.000000 0.871112 0.000000 0.491085 1.000000 1.000000 1.000000
3790.429932 0.000000 4280.136719 0.000000 0.975423 0.000000 -0.220340 1.000000 1.000000 1.000000
3781.446289 0.000000 4291.375488 0.000000 0.995336 0.000000 -0.096466 1.000000 1.000000 1.000000
3825.545898 0.000000 4290.224121 0.000000 0.942070 0.000000 0.335416 1.000000 1.000000 1.000000
3827.185547 0.000000 4293.747070 0.000000 0.863183 0.000000 0.504892 1.000000 1.000000 1.000000
3775.687012 0.000000 4292.078125 0.000000 0.962113 0.000000 -0.272650 1.000000 1.000000 1.000000
3790.632080 0.000000 4305.910156 0.000000 0.926432 0.000000 -0.376462 1.000000 1.000000 1.000000
3787.969727 0.000000 4278.560059 0.000000 0.995183 0.000000 -0.098040 1.000000 1.000000 1.000000
3811.057129 0.000000 4279.658203 0.000000 0.827774 0.000000 0.561062 1.000000 1.000000 1.000000
3785.865723 0.000000 4295.256348 0.000000 0.954102 0.000000 0.299481 1.000000 1.000000 1.000000
3805.127930 0.000000 4304.348145 0.000000 0.913761 0.000000 0.406253 1.000000 1.000000 1.000000
3784.104492 0.000000 4282.252930 0.000000 0.785100 0.000000 0.619369 1.000000 1.000000 1.000000
3833.878174 0.000000 4297.050293 0.000000 0.962252 0.000000 -0.272160 1.000000 1.000000 1.000000
3826.894043 0.000000 4286.195312 0.000000 0.999810 0.000000 -0.019469 1.000000 1.000000 1.000000
3780.241943 0.000000 4309.961426 0.000000 0.944662 0.000000 -0.328045 1.000000 1.000000 1.000000
3793.145508 0.000000 4301.368164 0.000000 0.924026 0.000000 -0.382330 1.000000 1.000000 1.000000
3822.826416 0.000000 4296.263672 0.000000 0.976144 0.000000 -0.217125 1.000000 1.000000 1.000000
3778.665283 0.000000 4308.614258 0.000000 0.998003 0.000000 0.063161 1.000000 1.000000 1.000000
3805.833008 0.000000 4302.572754 0.000000 0.983899 0.000000 0.178728 1.000000 1.000000 1.000000
3825.218750 0.000000 4298.954590 0.000000 0.998863 0.000000 0.047682 1.000000 1.000000 1.000000
3824.571533 0.000000 4295.616211 0.000000 0.983531 0.000000 0.180737 1.000000 1.000000 1.000000
3811.890137 0.000000 4281.237793 0.000000 0.981626 0.000000 -0.190814 1.000000 1.000000 1.000000
3780.953857 0.000000 4283.294922 0.000000 0.934687 0.000000 -0.355472 1.000000 1.000000 1.000000
3780.389160 0.000000 4290.140625 0.000000 0.962375 0.000000 -0.271725 1.000000 1.000000 1.000000
3810.196045 0.000000 4280.913574 0.000000 0.999471 0.000000 -0.032526 1.000000 1.000000 1.000000
3797.136719 0.000000 4292.293457 0.000000 0.982312 0.000000 -0.187251 1.000000 1.000000 1.000000
3783.664307 0.000000 4308.971191 0.000000 0.996998 0.000000 0.077430 1.000000 1.000000 1.000000
3797.198486 0.000000 4293.838379 0.000000 0.888824 0.000000 0.458249 1.000000 1.000000 1.000000
3794.709229 0.000000 4294.284668 0.000000 0.984446 0.000000 0.175689 1.000000 1.000000 1.000000
3775.806396 0.000000 4296.496094 0.000000 0.995151 0.000000 -0.098361 1.000000 1.000000 1.000000
3776.488281 0.000000 4287.892578 0.000000 0.984998 0.000000 0.172564 1.000000 1.000000 1.000000
3779.278320 0.000000 4285.016602 0.000000 0.955026 0.000000 0.296522 1.000000 1.000000 1.000000
3785.628662 0.000000 4311.448242 0.000000 0.940561 0.000000 0.339626 1.000000 1.000000 1.000000
4017.063965 0.000000 4391.484863 0.000000 0.991421 0.000000 -0.130706 1.000000 1.000000 1.000000
4024.024658 0.000000 4395.645996 0.000000 0.963600 0.000000 -0.267348 1.000000 1.000000 1.000000
4032.194580 0.000000 4396.698242 0.000000 0.931723 0.000000 -0.363169 1.000000 1.000000 1.000000
4019.942627 0.000000 4412.166016 0.000000 0.993866 0.000000 0.110593 1.000000 1.000000 1.000000
4018.870605 0.000000 4418.171875 0.000000 0.955363 0.000000 0.295436 1.000000 1.000000 1.000000
4036.363037 0.000000 4402.926758 0.000000 0.944147 0.000000 -0.329523 1.000000 1.000000 1.000000
4032.225830 0.000000 4418.420410 0.000000 0.997880 0.000000 -0.065076 1.000000 1.000000 1.000000
"}
object={
	name="tree_leaf_yellow_generator_1_2"
	render_pass=Map
	clamp_to_water_level=no
	generated_content=yes
	layer="tree_high_layer"
	pdxmesh="tree_leaf_yellow_01_c_mesh"
	count=102
	transform="496.398590 0.000000 1786.432739 0.000000 0.721603 0.000000 -0.692307 1.000000 1.000000 1.000000
486.579865 0.000000 1792.895996 0.000000 0.131724 0.000000 -0.991286 1.000000 1.000000 1.000000
493.748047 0.000000 1790.320801 0.000000 0.708855 0.000000 -0.705355 1.000000 1.000000 1.000000
489.890167 0.000000 1790.753174 0.000000 0.353102 0.000000 -0.935585 1.000000 1.000000 1.000000
502.464142 0.000000 1799.661743 0.000000 0.429459 0.000000 -0.903086 1.000000 1.000000 1.000000
497.890381 0.000000 1784.856689 0.000000 0.524159 0.000000 -0.851621 1.000000 1.000000 1.000000
563.867310 0.000000 1803.579468 0.000000 0.766444 0.000000 -0.642311 1.000000 1.000000 1.000000
567.634155 0.000000 1795.645142 0.000000 0.764271 0.000000 -0.644895 1.000000 1.000000 1.000000
532.740540 0.000000 1794.815430 0.000000 0.536622 0.000000 -0.843823 1.000000 1.000000 1.000000
573.743042 0.000000 1796.431396 0.000000 0.385625 0.000000 -0.922656 1.000000 1.000000 1.000000
579.619568 0.000000 1794.940308 0.000000 0.769846 0.000000 -0.638230 1.000000 1.000000 1.000000
577.411133 0.000000 1797.773193 0.000000 0.835310 0.000000 -0.549780 1.000000 1.000000 1.000000
567.169434 0.000000 1805.257080 0.000000 0.880918 0.000000 -0.473268 1.000000 1.000000 1.000000
560.456055 0.000000 1803.760498 0.000000 0.708473 0.000000 -0.705738 1.000000 1.000000 1.000000
558.893982 0.000000 1805.917358 0.000000 0.378587 0.000000 -0.925566 1.000000 1.000000 1.000000
5448.320312 0.000000 2097.817383 0.000000 0.124557 0.000000 -0.992212 1.000000 1.000000 1.000000
5555.258301 0.000000 2067.532471 0.000000 0.354200 0.000000 -0.935170 1.000000 1.000000 1.000000
5558.560547 0.000000 2069.210205 0.000000 0.495931 0.000000 -0.868362 1.000000 1.000000 1.000000
5587.578613 0.000000 2118.170166 0.000000 0.106232 0.000000 -0.994341 1.000000 1.000000 1.000000
5582.112305 0.000000 2121.514160 0.000000 0.091910 0.000000 -0.995767 1.000000 1.000000 1.000000
5583.666016 0.000000 2126.874512 0.000000 0.424149 0.000000 -0.905592 1.000000 1.000000 1.000000
5559.025391 0.000000 2191.574951 0.000000 0.015665 0.000000 -0.999877 1.000000 1.000000 1.000000
5566.166992 0.000000 2193.429932 0.000000 0.009327 0.000000 -0.999956 1.000000 1.000000 1.000000
5567.709473 0.000000 2177.526123 0.000000 0.899387 0.000000 -0.437154 1.000000 1.000000 1.000000
5567.455078 0.000000 2192.700928 0.000000 0.776916 0.000000 -0.629605 1.000000 1.000000 1.000000
5572.794922 0.000000 2196.119629 0.000000 0.539537 0.000000 -0.841962 1.000000 1.000000 1.000000
5569.553223 0.000000 2195.217529 0.000000 0.405801 0.000000 -0.913961 1.000000 1.000000 1.000000
5620.479004 0.000000 2220.406982 0.000000 0.425482 0.000000 -0.904967 1.000000 1.000000 1.000000
5627.316895 0.000000 2215.036621 0.000000 0.151173 0.000000 -0.988507 1.000000 1.000000 1.000000
5626.091309 0.000000 2217.381592 0.000000 0.883043 0.000000 -0.469291 1.000000 1.000000 1.000000
5616.379883 0.000000 2263.072510 0.000000 0.313627 0.000000 -0.949546 1.000000 1.000000 1.000000
5620.407715 0.000000 2261.001953 0.000000 0.828525 0.000000 -0.559951 1.000000 1.000000 1.000000
5647.658203 0.000000 2258.851074 0.000000 0.711337 0.000000 -0.702851 1.000000 1.000000 1.000000
5727.499512 0.000000 2262.046875 0.000000 0.817971 0.000000 -0.575260 1.000000 1.000000 1.000000
5729.700684 0.000000 2263.483643 0.000000 0.117502 0.000000 -0.993073 1.000000 1.000000 1.000000
5739.412109 0.000000 2407.899170 0.000000 0.174519 0.000000 -0.984654 1.000000 1.000000 1.000000
5746.125000 0.000000 2404.236572 0.000000 0.571296 0.000000 -0.820744 1.000000 1.000000 1.000000
5748.315918 0.000000 2394.753174 0.000000 0.341682 0.000000 -0.939816 1.000000 1.000000 1.000000
5745.219238 0.000000 2453.052734 0.000000 0.847640 0.000000 -0.530572 1.000000 1.000000 1.000000
5751.090332 0.000000 2436.652832 0.000000 0.481949 0.000000 -0.876199 1.000000 1.000000 1.000000
5769.104004 0.000000 2392.739746 0.000000 0.215004 0.000000 -0.976613 1.000000 1.000000 1.000000
5777.145020 0.000000 2415.046143 0.000000 0.348897 0.000000 -0.937161 1.000000 1.000000 1.000000
5786.878906 0.000000 2416.487793 0.000000 0.714443 0.000000 -0.699694 1.000000 1.000000 1.000000
5778.261230 0.000000 2394.705811 0.000000 0.262030 0.000000 -0.965060 1.000000 1.000000 1.000000
5789.000000 0.000000 2415.658691 0.000000 0.660624 0.000000 -0.750717 1.000000 1.000000 1.000000
5783.894531 0.000000 2447.569336 0.000000 0.146594 0.000000 -0.989197 1.000000 1.000000 1.000000
5761.647949 0.000000 2462.737549 0.000000 0.842796 0.000000 -0.538233 1.000000 1.000000 1.000000
5775.787598 0.000000 2440.160889 0.000000 0.812528 0.000000 -0.582923 1.000000 1.000000 1.000000
5759.466797 0.000000 2433.409424 0.000000 0.672888 0.000000 -0.739745 1.000000 1.000000 1.000000
5796.655273 0.000000 2435.862305 0.000000 0.411550 0.000000 -0.911387 1.000000 1.000000 1.000000
5798.959961 0.000000 2438.205566 0.000000 0.564973 0.000000 -0.825110 1.000000 1.000000 1.000000
5785.746094 0.000000 2436.973145 0.000000 0.858366 0.000000 -0.513038 1.000000 1.000000 1.000000
5779.800293 0.000000 2434.466553 0.000000 0.732698 0.000000 -0.680554 1.000000 1.000000 1.000000
5786.590332 0.000000 2438.948730 0.000000 0.175092 0.000000 -0.984552 1.000000 1.000000 1.000000
5788.948730 0.000000 2439.280762 0.000000 0.763712 0.000000 -0.645558 1.000000 1.000000 1.000000
5773.287598 0.000000 2480.495605 0.000000 0.343251 0.000000 -0.939244 1.000000 1.000000 1.000000
5763.627441 0.000000 2464.316650 0.000000 0.802572 0.000000 -0.596555 1.000000 1.000000 1.000000
5790.383301 0.000000 2468.075684 0.000000 0.578150 0.000000 -0.815930 1.000000 1.000000 1.000000
3761.461426 0.000000 4300.725098 0.000000 0.508877 0.000000 -0.860839 1.000000 1.000000 1.000000
3768.571289 0.000000 4291.333008 0.000000 0.311288 0.000000 -0.950316 1.000000 1.000000 1.000000
3774.002197 0.000000 4288.033691 0.000000 0.891906 0.000000 -0.452222 1.000000 1.000000 1.000000
3771.601318 0.000000 4292.900879 0.000000 0.253108 0.000000 -0.967438 1.000000 1.000000 1.000000
3774.138672 0.000000 4289.830566 0.000000 0.841657 0.000000 -0.540013 1.000000 1.000000 1.000000
3774.992432 0.000000 4295.270020 0.000000 0.639836 0.000000 -0.768511 1.000000 1.000000 1.000000
3780.683105 0.000000 4303.824219 0.000000 0.395127 0.000000 -0.918627 1.000000 1.000000 1.000000
3775.661377 0.000000 4297.955078 0.000000 0.831971 0.000000 -0.554820 1.000000 1.000000 1.000000
3825.453613 0.000000 4300.725098 0.000000 0.491296 0.000000 -0.870993 1.000000 1.000000 1.000000
3802.523682 0.000000 4305.208496 0.000000 0.450833 0.000000 -0.892608 1.000000 1.000000 1.000000
3800.712646 0.000000 4310.458008 0.000000 0.435971 0.000000 -0.899961 1.000000 1.000000 1.000000
3803.789551 0.000000 4302.235352 0.000000 0.630630 0.000000 -0.776084 1.000000 1.000000 1.000000
3834.091797 0.000000 4302.263672 0.000000 0.572095 0.000000 -0.820187 1.000000 1.000000 1.000000
3790.331055 0.000000 4277.131348 0.000000 0.772398 0.000000 -0.635138 1.000000 1.000000 1.000000
3775.748291 0.000000 4295.013672 0.000000 0.400234 0.000000 -0.916413 1.000000 1.000000 1.000000
3798.495850 0.000000 4292.970215 0.000000 0.781225 0.000000 -0.624249 1.000000 1.000000 1.000000
3797.186523 0.000000 4290.764648 0.000000 0.320402 0.000000 -0.947282 1.000000 1.000000 1.000000
3791.312744 0.000000 4302.882324 0.000000 0.719809 0.000000 -0.694172 1.000000 1.000000 1.000000
3797.483154 0.000000 4295.294434 0.000000 0.818484 0.000000 -0.574529 1.000000 1.000000 1.000000
3783.503662 0.000000 4292.550293 0.000000 0.140455 0.000000 -0.990087 1.000000 1.000000 1.000000
3787.566406 0.000000 4292.412598 0.000000 0.835040 0.000000 -0.550189 1.000000 1.000000 1.000000
3777.374512 0.000000 4296.459961 0.000000 0.250235 0.000000 -0.968185 1.000000 1.000000 1.000000
3783.474609 0.000000 4290.353516 0.000000 0.172750 0.000000 -0.984966 1.000000 1.000000 1.000000
3800.571289 0.000000 4277.062012 0.000000 0.685422 0.000000 -0.728146 1.000000 1.000000 1.000000
3825.484375 0.000000 4292.411621 0.000000 0.298697 0.000000 -0.954348 1.000000 1.000000 1.000000
3779.546387 0.000000 4281.736816 0.000000 0.422860 0.000000 -0.906195 1.000000 1.000000 1.000000
3781.411865 0.000000 4306.003418 0.000000 0.826527 0.000000 -0.562897 1.000000 1.000000 1.000000
3822.354736 0.000000 4294.506348 0.000000 0.897052 0.000000 -0.441925 1.000000 1.000000 1.000000
3804.965088 0.000000 4300.914551 0.000000 0.109708 0.000000 -0.993964 1.000000 1.000000 1.000000
3825.599609 0.000000 4294.249023 0.000000 0.705977 0.000000 -0.708235 1.000000 1.000000 1.000000
3802.527588 0.000000 4303.577637 0.000000 0.570425 0.000000 -0.821350 1.000000 1.000000 1.000000
3782.637207 0.000000 4283.051758 0.000000 0.466245 0.000000 -0.884656 1.000000 1.000000 1.000000
3782.109619 0.000000 4280.281738 0.000000 0.553729 0.000000 -0.832697 1.000000 1.000000 1.000000
3822.861572 0.000000 4297.898926 0.000000 0.401374 0.000000 -0.915914 1.000000 1.000000 1.000000
3782.878174 0.000000 4281.469727 0.000000 0.188974 0.000000 -0.981982 1.000000 1.000000 1.000000
3803.015869 0.000000 4277.968750 0.000000 0.789030 0.000000 -0.614354 1.000000 1.000000 1.000000
3809.366699 0.000000 4281.955078 0.000000 0.827167 0.000000 -0.561956 1.000000 1.000000 1.000000
3782.722412 0.000000 4291.539551 0.000000 0.810395 0.000000 -0.585884 1.000000 1.000000 1.000000
3782.941650 0.000000 4293.583984 0.000000 0.274384 0.000000 -0.961620 1.000000 1.000000 1.000000
3781.169434 0.000000 4280.698242 0.000000 0.299087 0.000000 -0.954226 1.000000 1.000000 1.000000
4033.740723 0.000000 4394.827148 0.000000 0.895235 0.000000 -0.445593 1.000000 1.000000 1.000000
4017.221191 0.000000 4402.200684 0.000000 0.537068 0.000000 -0.843539 1.000000 1.000000 1.000000
4012.569336 0.000000 4411.550293 0.000000 0.529106 0.000000 -0.848556 1.000000 1.000000 1.000000
4034.193115 0.000000 4412.547852 0.000000 0.819553 0.000000 -0.573003 1.000000 1.000000 1.000000
"}
