object={
	name="tree_leaf_high_generator_2_0"
	clamp_to_water_level=no
	render_under_water=no
	generated_content=yes
	layer="tree_high_layer"
	pdxmesh="tree_leaf_01_b_mesh"
	count=31
	transform="3408.962402 0.000000 2488.722412 0.000000 0.910682 0.000000 0.413109 0.390006 0.390006 0.390006
3414.069092 0.000000 2494.113770 0.000000 0.993613 0.000000 0.112837 0.397516 0.397516 0.397516
3405.207031 0.000000 2491.426270 0.000000 0.135681 0.000000 0.990753 0.364899 0.364899 0.364899
3411.710449 0.000000 2487.872070 0.000000 0.065533 0.000000 0.997850 0.342129 0.342129 0.342129
3402.469238 0.000000 2488.478271 0.000000 0.438829 0.000000 -0.898571 0.459650 0.459650 0.459650
3405.154541 0.000000 2470.357422 0.000000 0.496752 0.000000 -0.867893 0.474514 0.474514 0.474514
3410.188965 0.000000 2490.802246 0.000000 0.003143 0.000000 -0.999995 0.505670 0.505670 0.505670
3414.562500 0.000000 2491.508789 0.000000 0.767954 0.000000 -0.640505 0.444776 0.444776 0.444776
3406.790527 0.000000 2489.088867 0.000000 0.833075 0.000000 0.553160 0.364294 0.364294 0.364294
3355.903564 0.000000 2530.106689 0.000000 0.070660 0.000000 0.997500 0.335586 0.335586 0.335586
3355.358887 0.000000 2534.852783 0.000000 0.702178 0.000000 -0.712002 0.453014 0.453014 0.453014
3409.115723 0.000000 2495.396484 0.000000 0.076682 0.000000 0.997056 0.368669 0.368669 0.368669
3316.517822 0.000000 2593.187988 0.000000 0.015160 0.000000 -0.999885 0.443498 0.443498 0.443498
3308.988525 0.000000 2605.769043 0.000000 0.980374 0.000000 0.197148 0.392668 0.392668 0.392668
3316.845215 0.000000 2603.228271 0.000000 0.988337 0.000000 -0.152281 0.408168 0.408168 0.408168
3320.744385 0.000000 2596.636475 0.000000 0.959556 0.000000 -0.281517 0.415531 0.415531 0.415531
3314.260498 0.000000 2594.197754 0.000000 0.005902 0.000000 -0.999983 0.480481 0.480481 0.480481
3314.230713 0.000000 2605.580078 0.000000 0.922396 0.000000 0.386245 0.375447 0.375447 0.375447
3311.151611 0.000000 2624.787598 0.000000 0.870161 0.000000 -0.492768 0.403602 0.403602 0.403602
3309.022217 0.000000 2649.229492 0.000000 0.913590 0.000000 0.406637 0.392891 0.392891 0.392891
3313.301025 0.000000 2651.742920 0.000000 0.891940 0.000000 -0.452153 0.407965 0.407965 0.407965
3309.125244 0.000000 2628.285400 0.000000 0.851414 0.000000 0.524495 0.389248 0.389248 0.389248
3304.270020 0.000000 2628.648682 0.000000 0.809330 0.000000 0.587354 0.384640 0.384640 0.384640
3294.718750 0.000000 2644.821533 0.000000 0.960707 0.000000 0.277565 0.388063 0.388063 0.388063
3327.695801 0.000000 2620.446533 0.000000 0.548525 0.000000 -0.836134 0.408405 0.408405 0.408405
3382.824219 0.000000 2583.156250 0.000000 0.980796 0.000000 -0.195037 0.407547 0.407547 0.407547
3394.550293 0.000000 2585.792969 0.000000 0.381642 0.000000 0.924310 0.361139 0.361139 0.361139
3340.079590 0.000000 2632.226807 0.000000 0.961444 0.000000 0.275000 0.389428 0.389428 0.389428
3344.925537 0.000000 2633.648926 0.000000 0.953081 0.000000 0.302714 0.372974 0.372974 0.372974
3342.141602 0.000000 2628.620850 0.000000 0.039608 0.000000 0.999215 0.316666 0.316666 0.316666
3341.611572 0.000000 2630.572021 0.000000 0.083245 0.000000 0.996529 0.309391 0.309391 0.309391
"}
