object={
	name="tree_leaf_high_generator_3_0"
	clamp_to_water_level=no
	render_under_water=no
	generated_content=yes
	layer="tree_high_layer"
	pdxmesh="tree_leaf_01_c_mesh"
	count=254
	transform="3518.936768 0.000000 759.897949 0.000000 0.998153 0.000000 0.060756 0.797050 0.797050 0.797050
3556.918213 0.000000 736.958557 0.000000 0.370727 0.000000 0.928742 0.720789 0.720789 0.720789
3547.138916 0.000000 736.078430 0.000000 0.628803 0.000000 0.777564 0.752498 0.752498 0.752498
3555.583984 0.000000 740.968872 0.000000 0.832957 0.000000 0.553338 0.765218 0.765218 0.765218
3567.848389 0.000000 789.755798 0.000000 0.209553 0.000000 0.977797 0.795927 0.795927 0.795927
3565.213623 0.000000 820.267761 0.000000 0.428221 0.000000 -0.903674 0.818929 0.818929 0.818929
3574.941895 0.000000 788.338806 0.000000 0.750846 0.000000 -0.660478 0.858789 0.858789 0.858789
3521.887695 0.000000 777.274353 0.000000 0.338208 0.000000 -0.941072 0.823503 0.823503 0.823503
3581.737549 0.000000 818.898682 0.000000 0.943463 0.000000 0.331478 0.793319 0.793319 0.793319
3582.928955 0.000000 823.882324 0.000000 0.358910 0.000000 -0.933372 0.836782 0.836782 0.836782
3570.624268 0.000000 786.542114 0.000000 0.011148 0.000000 -0.999938 0.891581 0.891581 0.891581
3578.754639 0.000000 823.373718 0.000000 0.110221 0.000000 -0.993907 0.866500 0.866500 0.866500
3577.927979 0.000000 790.753235 0.000000 0.524489 0.000000 -0.851417 0.865309 0.865309 0.865309
3570.423340 0.000000 831.787598 0.000000 0.905894 0.000000 0.423504 0.784017 0.784017 0.784017
3577.090088 0.000000 830.146973 0.000000 0.042952 0.000000 -0.999077 0.905275 0.905275 0.905275
3574.623535 0.000000 832.549133 0.000000 0.124960 0.000000 0.992162 0.775749 0.775749 0.775749
3581.217529 0.000000 832.603394 0.000000 0.943087 0.000000 -0.332545 0.817875 0.817875 0.817875
3577.947754 0.000000 833.765198 0.000000 0.957824 0.000000 0.287356 0.784981 0.784981 0.784981
3581.449463 0.000000 835.953918 0.000000 0.997363 0.000000 -0.072575 0.803917 0.803917 0.803917
3414.559326 0.000000 991.197510 0.000000 0.408190 0.000000 0.912897 0.624243 0.624243 0.624243
3443.282715 0.000000 996.600037 0.000000 0.976811 0.000000 0.214103 0.778927 0.778927 0.778927
3428.933838 0.000000 992.896057 0.000000 0.094267 0.000000 -0.995547 0.844231 0.844231 0.844231
3416.601074 0.000000 982.097778 0.000000 0.976018 0.000000 -0.217689 0.810124 0.810124 0.810124
3437.475098 0.000000 1003.066223 0.000000 0.389862 0.000000 -0.920873 0.878537 0.878537 0.878537
3422.519531 0.000000 988.025024 0.000000 0.369781 0.000000 -0.929119 0.820713 0.820713 0.820713
3422.301758 0.000000 995.574402 0.000000 0.590643 0.000000 -0.806933 0.860197 0.860197 0.860197
3453.753174 0.000000 1010.851807 0.000000 0.640263 0.000000 -0.768156 0.825193 0.825193 0.825193
3413.088379 0.000000 986.029724 0.000000 0.999905 0.000000 -0.013793 0.800942 0.800942 0.800942
3454.944580 0.000000 1015.835449 0.000000 0.328007 0.000000 -0.944675 0.902249 0.902249 0.902249
3449.255371 0.000000 1007.460571 0.000000 0.186549 0.000000 0.982446 0.725413 0.725413 0.725413
3417.775146 0.000000 987.604980 0.000000 0.977489 0.000000 -0.210986 0.823437 0.823437 0.823437
3421.155762 0.000000 983.398804 0.000000 0.499259 0.000000 -0.866453 0.847097 0.847097 0.847097
3450.770264 0.000000 1015.326843 0.000000 0.935769 0.000000 -0.352614 0.821160 0.821160 0.821160
3449.105713 0.000000 1022.100098 0.000000 0.030447 0.000000 0.999536 0.642179 0.642179 0.642179
3433.942871 0.000000 1011.290283 0.000000 0.999932 0.000000 -0.011688 0.801184 0.801184 0.801184
3444.502197 0.000000 993.578674 0.000000 0.997872 0.000000 0.065203 0.796403 0.796403 0.796403
3425.594238 0.000000 988.932678 0.000000 0.904155 0.000000 0.427205 0.780164 0.780164 0.780164
3452.477539 0.000000 1008.089233 0.000000 0.218761 0.000000 0.975779 0.653565 0.653565 0.653565
3436.880859 0.000000 1009.204102 0.000000 0.492104 0.000000 -0.870536 0.898099 0.898099 0.898099
3416.105225 0.000000 985.079651 0.000000 0.912819 0.000000 -0.408365 0.831758 0.831758 0.831758
3450.733154 0.000000 1010.491943 0.000000 0.910581 0.000000 0.413332 0.778043 0.778043 0.778043
3450.140381 0.000000 1018.193726 0.000000 0.701997 0.000000 0.712180 0.717367 0.717367 0.717367
3416.415527 0.000000 993.436768 0.000000 0.997318 0.000000 -0.073194 0.804609 0.804609 0.804609
3476.544189 0.000000 1018.811890 0.000000 0.978001 0.000000 -0.208601 0.800126 0.800126 0.800126
3457.080322 0.000000 975.622070 0.000000 0.144187 0.000000 0.989550 0.635085 0.635085 0.635085
3512.218262 0.000000 1012.119751 0.000000 0.780027 0.000000 0.625746 0.791898 0.791898 0.791898
3495.899658 0.000000 1021.706238 0.000000 0.361717 0.000000 -0.932288 0.811511 0.811511 0.811511
3463.745117 0.000000 989.090027 0.000000 0.544626 0.000000 0.838679 0.690320 0.690320 0.690320
3486.892822 0.000000 1015.699402 0.000000 0.941316 0.000000 -0.337527 0.832181 0.832181 0.832181
3486.276855 0.000000 1008.432739 0.000000 0.612594 0.000000 -0.790397 0.838775 0.838775 0.838775
3455.680176 0.000000 1020.837219 0.000000 0.975231 0.000000 -0.221188 0.812562 0.812562 0.812562
3473.659424 0.000000 1012.209839 0.000000 0.494180 0.000000 0.869360 0.741273 0.741273 0.741273
3481.282471 0.000000 1015.557495 0.000000 0.185829 0.000000 -0.982582 0.954228 0.954228 0.954228
3460.939209 0.000000 984.092102 0.000000 0.811334 0.000000 0.584584 0.733410 0.733410 0.733410
3493.562012 0.000000 1017.190491 0.000000 0.272237 0.000000 0.962230 0.772841 0.772841 0.772841
3460.489502 0.000000 1013.186462 0.000000 0.351497 0.000000 0.936189 0.747004 0.747004 0.747004
3469.561768 0.000000 1009.425110 0.000000 0.350809 0.000000 0.936447 0.708472 0.708472 0.708472
3513.247559 0.000000 1007.460571 0.000000 0.131226 0.000000 -0.991352 0.900029 0.900029 0.900029
3468.184082 0.000000 989.399414 0.000000 0.178129 0.000000 -0.984007 0.924247 0.924247 0.924247
3480.774170 0.000000 1019.850403 0.000000 0.997050 0.000000 0.076755 0.790839 0.790839 0.790839
3514.762451 0.000000 1015.326843 0.000000 0.992563 0.000000 -0.121735 0.808117 0.808117 0.808117
3472.954590 0.000000 1017.081787 0.000000 0.639483 0.000000 0.768805 0.733793 0.733793 0.733793
3478.061279 0.000000 1022.473083 0.000000 0.130695 0.000000 0.991423 0.698208 0.698208 0.698208
3484.288330 0.000000 1018.462463 0.000000 0.977637 0.000000 0.210301 0.788447 0.788447 0.788447
3461.066406 0.000000 978.088013 0.000000 0.775587 0.000000 -0.631240 0.861808 0.861808 0.861808
3468.086426 0.000000 1012.655151 0.000000 0.649446 0.000000 0.760408 0.757035 0.757035 0.757035
3458.542480 0.000000 986.183655 0.000000 0.462023 0.000000 -0.886868 0.865994 0.865994 0.865994
3471.036865 0.000000 1013.884277 0.000000 0.276284 0.000000 0.961076 0.658458 0.658458 0.658458
3486.438477 0.000000 1020.735413 0.000000 0.411114 0.000000 -0.911584 0.879729 0.879729 0.879729
3460.986816 0.000000 1010.058960 0.000000 0.002757 0.000000 0.999996 0.706048 0.706048 0.706048
3516.469727 0.000000 1008.089233 0.000000 0.051895 0.000000 0.998653 0.675321 0.675321 0.675321
3455.649414 0.000000 978.343018 0.000000 0.339500 0.000000 0.940606 0.706829 0.706829 0.706829
3461.024170 0.000000 987.870544 0.000000 0.916780 0.000000 0.399391 0.767259 0.767259 0.767259
3461.633545 0.000000 981.206055 0.000000 0.968818 0.000000 0.247773 0.774196 0.774196 0.774196
3487.097168 0.000000 1012.730225 0.000000 0.404916 0.000000 -0.914354 0.893338 0.893338 0.893338
3466.723877 0.000000 1008.265686 0.000000 0.803035 0.000000 -0.595931 0.842078 0.842078 0.842078
3527.737305 0.000000 989.090027 0.000000 0.370413 0.000000 -0.928867 0.830694 0.830694 0.830694
3528.371582 0.000000 980.093750 0.000000 0.999751 0.000000 -0.022329 0.800990 0.800990 0.800990
3520.071289 0.000000 1010.882202 0.000000 0.016015 0.000000 0.999872 0.727337 0.727337 0.727337
3532.997803 0.000000 1016.213684 0.000000 0.891026 0.000000 -0.453953 0.808187 0.808187 0.808187
3529.932129 0.000000 1021.463501 0.000000 0.536686 0.000000 -0.843782 0.839715 0.839715 0.839715
3525.147949 0.000000 1023.703308 0.000000 0.352305 0.000000 0.935885 0.780413 0.780413 0.780413
3522.332764 0.000000 989.307800 0.000000 0.981479 0.000000 -0.191570 0.808316 0.808316 0.808316
3536.178711 0.000000 982.785828 0.000000 0.609200 0.000000 -0.793017 0.916322 0.916322 0.916322
3522.534668 0.000000 986.183655 0.000000 0.926181 0.000000 -0.377080 0.825483 0.825483 0.825483
3525.016357 0.000000 987.870544 0.000000 0.016000 0.000000 -0.999872 0.881980 0.881980 0.881980
3519.620117 0.000000 987.749329 0.000000 0.543974 0.000000 0.839102 0.739748 0.739748 0.739748
3528.177734 0.000000 983.074036 0.000000 0.006529 0.000000 0.999979 0.677218 0.677218 0.677218
3583.664551 0.000000 828.884094 0.000000 0.743777 0.000000 -0.668427 0.840356 0.840356 0.840356
3593.924316 0.000000 829.510376 0.000000 0.403668 0.000000 -0.914906 0.818690 0.818690 0.818690
3589.140137 0.000000 831.750183 0.000000 0.840984 0.000000 -0.541061 0.851724 0.851724 0.851724
3588.473877 0.000000 821.233337 0.000000 0.976257 0.000000 0.216614 0.793982 0.793982 0.793982
3592.823242 0.000000 822.639038 0.000000 0.977872 0.000000 0.209206 0.790150 0.790150 0.790150
3600.938965 0.000000 825.128662 0.000000 0.036412 0.000000 -0.999337 0.909403 0.909403 0.909403
3606.045654 0.000000 830.519958 0.000000 0.967975 0.000000 0.251046 0.787836 0.787836 0.787836
3587.047607 0.000000 829.114136 0.000000 0.999314 0.000000 -0.037024 0.801664 0.801664 0.801664
3590.815430 0.000000 829.109131 0.000000 0.973953 0.000000 0.226751 0.787802 0.787802 0.787802
3597.261963 0.000000 830.676575 0.000000 0.598498 0.000000 0.801125 0.739316 0.739316 0.739316
3590.088379 0.000000 823.692688 0.000000 0.386937 0.000000 0.922106 0.707891 0.707891 0.707891
3587.408203 0.000000 823.694641 0.000000 0.271706 0.000000 0.962380 0.702962 0.702962 0.702962
3606.535889 0.000000 863.228760 0.000000 0.387775 0.000000 0.921754 0.769087 0.769087 0.769087
3594.944092 0.000000 832.583740 0.000000 0.892685 0.000000 0.450681 0.784873 0.784873 0.784873
3591.729492 0.000000 861.121277 0.000000 0.310971 0.000000 0.950419 0.782711 0.782711 0.782711
3605.064941 0.000000 858.060974 0.000000 0.216253 0.000000 -0.976337 0.927260 0.927260 0.927260
3609.751709 0.000000 859.636230 0.000000 0.854397 0.000000 0.519620 0.744016 0.744016 0.744016
3596.168457 0.000000 861.430664 0.000000 0.307739 0.000000 0.951471 0.716334 0.716334 0.716334
3612.230713 0.000000 884.206543 0.000000 0.988701 0.000000 0.149898 0.792697 0.792697 0.792697
3603.110840 0.000000 865.923950 0.000000 0.870064 0.000000 0.492939 0.753363 0.753363 0.753363
3639.340088 0.000000 867.088257 0.000000 0.981003 0.000000 -0.193995 0.806200 0.806200 0.806200
3602.511475 0.000000 861.639587 0.000000 0.610863 0.000000 -0.791737 0.878283 0.878283 0.878283
3606.571533 0.000000 872.336121 0.000000 0.982623 0.000000 -0.185613 0.809956 0.809956 0.809956
3601.092285 0.000000 831.802673 0.000000 0.885949 0.000000 -0.463782 0.862415 0.862415 0.862415
3608.081787 0.000000 857.110901 0.000000 0.251431 0.000000 -0.967875 0.875734 0.875734 0.875734
3606.644775 0.000000 879.270508 0.000000 0.138689 0.000000 -0.990336 0.885781 0.885781 0.885781
3615.081543 0.000000 884.761475 0.000000 0.278433 0.000000 0.960456 0.711979 0.711979 0.711979
3606.876953 0.000000 860.331726 0.000000 0.997453 0.000000 0.071322 0.793584 0.793584 0.793584
3597.605225 0.000000 856.359741 0.000000 0.573683 0.000000 0.819077 0.736741 0.736741 0.736741
3599.533691 0.000000 861.926514 0.000000 0.103341 0.000000 -0.994646 0.951213 0.951213 0.951213
3611.837158 0.000000 886.817078 0.000000 0.658567 0.000000 -0.752522 0.856657 0.856657 0.856657
3614.496094 0.000000 924.040649 0.000000 0.411749 0.000000 -0.911297 0.913339 0.913339 0.913339
3619.085205 0.000000 906.926147 0.000000 0.336108 0.000000 0.941823 0.699197 0.699197 0.699197
3614.278320 0.000000 931.590027 0.000000 0.755406 0.000000 0.655257 0.729788 0.729788 0.729788
3634.738037 0.000000 950.346741 0.000000 0.851563 0.000000 -0.524253 0.849266 0.849266 0.849266
3617.229980 0.000000 936.649841 0.000000 0.997150 0.000000 0.075441 0.791358 0.791358 0.791358
3631.805176 0.000000 943.980286 0.000000 0.999593 0.000000 -0.028525 0.800632 0.800632 0.800632
3611.131104 0.000000 928.031555 0.000000 0.994282 0.000000 -0.106785 0.812052 0.812052 0.812052
3624.921387 0.000000 939.304932 0.000000 0.632262 0.000000 -0.774755 0.829740 0.829740 0.829740
3614.288818 0.000000 939.975281 0.000000 0.155747 0.000000 0.987797 0.714405 0.714405 0.714405
3616.648926 0.000000 928.040649 0.000000 0.859625 0.000000 -0.510926 0.846269 0.846269 0.846269
3619.576172 0.000000 932.921997 0.000000 0.577285 0.000000 -0.816543 0.896171 0.896171 0.896171
3609.020508 0.000000 897.443787 0.000000 0.779832 0.000000 -0.625989 0.861197 0.861197 0.861197
3613.657959 0.000000 935.353821 0.000000 0.544773 0.000000 0.838584 0.718946 0.718946 0.718946
3620.844727 0.000000 938.060486 0.000000 0.927751 0.000000 -0.373199 0.813291 0.813291 0.813291
3628.949463 0.000000 942.175171 0.000000 0.322444 0.000000 0.946589 0.704709 0.704709 0.704709
3618.313965 0.000000 939.810059 0.000000 0.674176 0.000000 -0.738571 0.889121 0.889121 0.889121
3628.857422 0.000000 945.219727 0.000000 0.718201 0.000000 0.695835 0.738211 0.738211 0.738211
3626.139648 0.000000 923.217529 0.000000 0.795593 0.000000 0.605832 0.759445 0.759445 0.759445
3616.507324 0.000000 933.698975 0.000000 0.997926 0.000000 0.064366 0.793632 0.793632 0.793632
3613.955078 0.000000 927.101685 0.000000 0.353149 0.000000 0.935567 0.677489 0.677489 0.677489
3617.610107 0.000000 930.799866 0.000000 0.901211 0.000000 0.433382 0.760520 0.760520 0.760520
3620.024170 0.000000 935.527649 0.000000 0.979885 0.000000 -0.199563 0.817696 0.817696 0.817696
3676.058838 0.000000 958.754578 0.000000 0.966479 0.000000 -0.256746 0.813691 0.813691 0.813691
3692.501221 0.000000 954.002991 0.000000 0.725440 0.000000 0.688285 0.775893 0.775893 0.775893
3681.805664 0.000000 956.934265 0.000000 0.424344 0.000000 0.905501 0.749105 0.749105 0.749105
3679.758057 0.000000 959.530518 0.000000 0.252461 0.000000 -0.967607 0.897744 0.897744 0.897744
3688.796631 0.000000 954.713623 0.000000 0.974110 0.000000 0.226076 0.786746 0.786746 0.786746
3668.520752 0.000000 1018.811890 0.000000 0.544454 0.000000 -0.838790 0.810136 0.810136 0.810136
3690.539795 0.000000 967.712280 0.000000 0.986685 0.000000 0.162646 0.799119 0.799119 0.799119
3695.104736 0.000000 961.193726 0.000000 0.002289 0.000000 0.999997 0.781204 0.781204 0.781204
3673.259033 0.000000 1015.557495 0.000000 0.999997 0.000000 0.002336 0.799965 0.799965 0.799965
3684.981689 0.000000 965.509766 0.000000 0.602014 0.000000 -0.798486 0.818839 0.818839 0.818839
3671.036133 0.000000 965.068604 0.000000 0.384531 0.000000 0.923112 0.747149 0.747149 0.747149
3688.713379 0.000000 989.920288 0.000000 0.220495 0.000000 -0.975388 0.829087 0.829087 0.829087
3684.841553 0.000000 988.805542 0.000000 0.966034 0.000000 0.258416 0.790916 0.790916 0.790916
3673.012695 0.000000 961.428162 0.000000 0.803479 0.000000 -0.595333 0.828656 0.828656 0.828656
3680.217041 0.000000 975.169250 0.000000 0.579103 0.000000 0.815254 0.757167 0.757167 0.757167
3674.580811 0.000000 964.312744 0.000000 0.852773 0.000000 0.522282 0.776623 0.776623 0.776623
3685.728516 0.000000 962.279541 0.000000 0.806651 0.000000 0.591028 0.771584 0.771584 0.771584
3682.535156 0.000000 963.471375 0.000000 0.762698 0.000000 -0.646755 0.831606 0.831606 0.831606
3680.130127 0.000000 961.571106 0.000000 0.812234 0.000000 0.583332 0.761936 0.761936 0.761936
3677.698975 0.000000 964.419617 0.000000 0.041345 0.000000 0.999145 0.691865 0.691865 0.691865
3344.034668 0.000000 1069.108032 0.000000 0.754657 0.000000 -0.656119 0.818010 0.818010 0.818010
3369.135254 0.000000 1040.162109 0.000000 0.024183 0.000000 -0.999708 0.952903 0.952903 0.952903
3373.731445 0.000000 1054.036377 0.000000 0.980059 0.000000 0.198706 0.792209 0.792209 0.792209
3341.021240 0.000000 1080.197998 0.000000 0.763822 0.000000 -0.645427 0.847081 0.847081 0.847081
3358.527344 0.000000 1052.009399 0.000000 0.835311 0.000000 0.549778 0.729547 0.729547 0.729547
3367.521484 0.000000 1049.333740 0.000000 0.512667 0.000000 -0.858588 0.902077 0.902077 0.902077
3347.218994 0.000000 1061.969238 0.000000 0.498089 0.000000 -0.867126 0.889914 0.889914 0.889914
3358.309570 0.000000 1059.558716 0.000000 0.954675 0.000000 0.297651 0.770120 0.770120 0.770120
3367.440918 0.000000 1063.189087 0.000000 0.006754 0.000000 -0.999977 0.947129 0.947129 0.947129
3343.177002 0.000000 1056.698853 0.000000 0.428978 0.000000 0.903315 0.787165 0.787165 0.787165
3345.675049 0.000000 1076.194214 0.000000 0.627816 0.000000 -0.778362 0.912243 0.912243 0.912243
3349.658447 0.000000 1068.372803 0.000000 0.641309 0.000000 0.767283 0.692050 0.692050 0.692050
3353.000732 0.000000 1060.480713 0.000000 0.956943 0.000000 -0.290274 0.828234 0.828234 0.828234
3370.801025 0.000000 1045.529663 0.000000 0.985138 0.000000 -0.171766 0.803930 0.803930 0.803930
3331.851074 0.000000 1071.111084 0.000000 0.999863 0.000000 0.016573 0.798471 0.798471 0.798471
3372.227295 0.000000 1036.408569 0.000000 0.926732 0.000000 0.375723 0.788691 0.788691 0.788691
3353.782959 0.000000 1051.589355 0.000000 0.962023 0.000000 -0.272969 0.807455 0.807455 0.807455
3357.163574 0.000000 1047.383179 0.000000 0.998725 0.000000 -0.050491 0.804691 0.804691 0.804691
3368.752441 0.000000 1053.904663 0.000000 0.902958 0.000000 -0.429729 0.843914 0.843914 0.843914
3366.080078 0.000000 1044.423584 0.000000 0.400906 0.000000 -0.916119 0.914512 0.914512 0.914512
3373.014404 0.000000 1049.620239 0.000000 0.838923 0.000000 -0.544250 0.817586 0.817586 0.817586
3368.952637 0.000000 1067.273682 0.000000 0.768831 0.000000 -0.639452 0.829514 0.829514 0.829514
3339.652100 0.000000 1069.404053 0.000000 0.964047 0.000000 -0.265732 0.807091 0.807091 0.807091
3360.680176 0.000000 1056.009399 0.000000 0.298615 0.000000 0.954374 0.674685 0.674685 0.674685
3357.219482 0.000000 1043.164185 0.000000 0.225725 0.000000 0.974191 0.741253 0.741253 0.741253
3363.607422 0.000000 1060.890747 0.000000 0.339489 0.000000 0.940610 0.685552 0.685552 0.685552
3347.142090 0.000000 1057.877075 0.000000 0.798439 0.000000 0.602075 0.771353 0.771353 0.771353
3364.880615 0.000000 1052.789917 0.000000 0.847742 0.000000 -0.530409 0.853598 0.853598 0.853598
3357.689209 0.000000 1063.322510 0.000000 0.920619 0.000000 -0.390461 0.817545 0.817545 0.817545
3343.375977 0.000000 1060.648438 0.000000 0.590404 0.000000 -0.807108 0.868657 0.868657 0.868657
3340.102051 0.000000 1076.639526 0.000000 0.846169 0.000000 0.532915 0.759252 0.759252 0.759252
3349.812012 0.000000 1060.018188 0.000000 0.714109 0.000000 0.700035 0.752144 0.752144 0.752144
3371.958252 0.000000 1056.822388 0.000000 0.989208 0.000000 -0.146520 0.812864 0.812864 0.812864
3370.170898 0.000000 1051.186279 0.000000 0.253801 0.000000 0.967256 0.670075 0.670075 0.670075
3344.604736 0.000000 1073.332642 0.000000 0.948770 0.000000 -0.315968 0.816180 0.816180 0.816180
3341.621338 0.000000 1067.131348 0.000000 0.371271 0.000000 0.928525 0.712268 0.712268 0.712268
3360.538574 0.000000 1061.667725 0.000000 0.409498 0.000000 0.912311 0.697431 0.697431 0.697431
3365.214111 0.000000 1047.348267 0.000000 0.114187 0.000000 -0.993459 0.902968 0.902968 0.902968
3350.676025 0.000000 1071.223633 0.000000 0.402618 0.000000 0.915368 0.720317 0.720317 0.720317
3367.024170 0.000000 1060.306885 0.000000 0.758170 0.000000 -0.652057 0.870222 0.870222 0.870222
3353.261719 0.000000 1076.441284 0.000000 0.750054 0.000000 -0.661377 0.852392 0.852392 0.852392
3355.887695 0.000000 1061.081299 0.000000 0.758741 0.000000 -0.651393 0.870135 0.870135 0.870135
3357.986328 0.000000 1055.070435 0.000000 0.512280 0.000000 0.858818 0.697878 0.697878 0.697878
3361.641357 0.000000 1058.768677 0.000000 0.110493 0.000000 -0.993877 0.944348 0.944348 0.944348
3368.069580 0.000000 1046.431519 0.000000 0.948844 0.000000 -0.315744 0.828102 0.828102 0.828102
3366.565674 0.000000 1041.598755 0.000000 0.999915 0.000000 -0.013015 0.801256 0.801256 0.801256
3370.500488 0.000000 1048.366943 0.000000 0.965680 0.000000 -0.259736 0.825346 0.825346 0.825346
3334.119629 0.000000 1079.630249 0.000000 0.412074 0.000000 0.911150 0.707297 0.707297 0.707297
3358.710938 0.000000 1045.212158 0.000000 0.025788 0.000000 0.999667 0.672250 0.672250 0.672250
3446.639160 0.000000 1024.502197 0.000000 0.785657 0.000000 0.618662 0.792806 0.792806 0.792806
3393.903320 0.000000 1033.211792 0.000000 0.250445 0.000000 -0.968131 0.822896 0.822896 0.822896
3449.963379 0.000000 1025.718384 0.000000 0.263728 0.000000 0.964597 0.742186 0.742186 0.742186
3477.152588 0.000000 1024.104004 0.000000 0.918720 0.000000 -0.394909 0.814108 0.814108 0.814108
3472.170898 0.000000 1027.504761 0.000000 0.717865 0.000000 0.696183 0.707720 0.707720 0.707720
3475.941650 0.000000 1027.380615 0.000000 0.831512 0.000000 -0.555507 0.833878 0.833878 0.833878
3456.109863 0.000000 1023.899841 0.000000 0.810594 0.000000 0.585608 0.729526 0.729526 0.729526
3669.129150 0.000000 1024.104004 0.000000 0.686209 0.000000 0.727404 0.788287 0.788287 0.788287
3391.182861 0.000000 2478.256592 0.000000 0.069039 0.000000 -0.997614 0.841390 0.841390 0.841390
3402.958496 0.000000 2469.214355 0.000000 0.491854 0.000000 -0.870678 0.836085 0.836085 0.836085
3415.256836 0.000000 2481.821777 0.000000 0.186145 0.000000 0.982522 0.778446 0.778446 0.778446
3405.013428 0.000000 2487.854248 0.000000 0.841019 0.000000 -0.541006 0.817125 0.817125 0.817125
3396.497314 0.000000 2484.827148 0.000000 0.400850 0.000000 0.916144 0.777096 0.777096 0.777096
3395.843262 0.000000 2478.767334 0.000000 0.854215 0.000000 -0.519920 0.818346 0.818346 0.818346
3400.846680 0.000000 2486.232910 0.000000 0.981681 0.000000 -0.190533 0.806203 0.806203 0.806203
3354.563232 0.000000 2537.196045 0.000000 0.673340 0.000000 0.739333 0.790029 0.790029 0.790029
3358.309570 0.000000 2531.199463 0.000000 0.150528 0.000000 -0.988606 0.822967 0.822967 0.822967
3353.119629 0.000000 2534.871826 0.000000 0.999046 0.000000 -0.043680 0.802827 0.802827 0.802827
3413.160400 0.000000 2495.744629 0.000000 0.130810 0.000000 0.991407 0.768085 0.768085 0.768085
4047.948730 0.000000 2284.811279 0.000000 0.729288 0.000000 0.684207 0.792325 0.792325 0.792325
4074.715088 0.000000 2261.232910 0.000000 0.969075 0.000000 -0.246766 0.817031 0.817031 0.817031
3303.923096 0.000000 2621.315674 0.000000 0.218004 0.000000 0.975948 0.785429 0.785429 0.785429
3324.152588 0.000000 2620.095703 0.000000 0.999828 0.000000 -0.018559 0.800311 0.800311 0.800311
3309.490723 0.000000 2602.675537 0.000000 0.830204 0.000000 0.557459 0.782285 0.782285 0.782285
3320.295654 0.000000 2598.971191 0.000000 0.975818 0.000000 0.218586 0.793266 0.793266 0.793266
3311.844238 0.000000 2607.573975 0.000000 0.978664 0.000000 -0.205469 0.804588 0.804588 0.804588
3319.379150 0.000000 2594.666260 0.000000 0.908449 0.000000 0.417995 0.786564 0.786564 0.786564
3313.030273 0.000000 2603.880615 0.000000 0.984266 0.000000 0.176693 0.788825 0.788825 0.788825
3317.236084 0.000000 2598.627686 0.000000 0.015519 0.000000 0.999880 0.694698 0.694698 0.694698
3318.654785 0.000000 2624.111572 0.000000 0.713383 0.000000 -0.700774 0.804653 0.804653 0.804653
3306.586670 0.000000 2631.305908 0.000000 0.445553 0.000000 0.895256 0.784052 0.784052 0.784052
3297.390625 0.000000 2644.271240 0.000000 0.936011 0.000000 -0.351971 0.803017 0.803017 0.803017
3313.360352 0.000000 2636.841064 0.000000 0.177207 0.000000 -0.984174 0.816689 0.816689 0.816689
3305.036377 0.000000 2625.430664 0.000000 0.996596 0.000000 0.082441 0.798071 0.798071 0.798071
3325.248779 0.000000 2624.166016 0.000000 0.446024 0.000000 -0.895021 0.823246 0.823246 0.823246
3302.087891 0.000000 2644.032959 0.000000 0.520816 0.000000 -0.853669 0.822679 0.822679 0.822679
3293.227295 0.000000 2642.773438 0.000000 0.682366 0.000000 -0.731011 0.823578 0.823578 0.823578
3386.863281 0.000000 2585.968018 0.000000 0.197560 0.000000 -0.980291 0.887956 0.887956 0.887956
3382.965332 0.000000 2579.901367 0.000000 0.960502 0.000000 0.278272 0.795945 0.795945 0.795945
3380.045166 0.000000 2584.477539 0.000000 0.903826 0.000000 -0.427899 0.810067 0.810067 0.810067
3391.816406 0.000000 2584.253662 0.000000 0.383345 0.000000 -0.923605 0.829629 0.829629 0.829629
3338.975342 0.000000 2624.146240 0.000000 1.000000 0.000000 -0.000431 0.800001 0.800001 0.800001
3327.966309 0.000000 2626.652588 0.000000 0.918681 0.000000 0.395000 0.797567 0.797567 0.797567
3339.697021 0.000000 2628.965576 0.000000 0.095437 0.000000 -0.995435 0.872480 0.872480 0.872480
"}
