object={
	name="tree_leaf_high_generator_1_0"
	clamp_to_water_level=no
	render_under_water=no
	generated_content=yes
	layer="tree_high_layer"
	pdxmesh="tree_leaf_01_a_mesh"
	count=231
	transform="3414.900391 0.000000 988.300476 0.000000 0.293155 0.000000 0.956065 0.151528 0.151528 0.151528
3420.293457 0.000000 986.066589 0.000000 0.497245 0.000000 0.867610 0.265048 0.265048 0.265048
3419.932373 0.000000 989.294312 0.000000 0.788541 0.000000 -0.614982 1.137339 1.137339 1.137339
3417.096436 0.000000 990.234558 0.000000 0.834507 0.000000 0.550997 0.502796 0.502796 0.502796
3418.536621 0.000000 984.012512 0.000000 0.808277 0.000000 0.588802 0.548517 0.548517 0.548517
3447.575684 0.000000 1020.066711 0.000000 0.481056 0.000000 0.876690 0.633476 0.633476 0.633476
3413.630371 0.000000 993.498413 0.000000 0.445266 0.000000 -0.895398 0.957307 0.957307 0.957307
3451.312256 0.000000 1005.955627 0.000000 1.000000 0.000000 0.000820 0.799632 0.799632 0.799632
3412.084229 0.000000 991.475525 0.000000 0.049826 0.000000 -0.998758 1.328560 1.328560 1.328560
3448.289062 0.000000 1009.613831 0.000000 0.999670 0.000000 0.025698 0.796561 0.796561 0.796561
3412.775391 0.000000 989.166748 0.000000 0.969330 0.000000 0.245762 0.683953 0.683953 0.683953
3442.244873 0.000000 994.588379 0.000000 0.790820 0.000000 0.612049 0.551374 0.551374 0.551374
3454.672363 0.000000 1008.772034 0.000000 0.469737 0.000000 0.882806 0.333306 0.333306 0.333306
3417.305664 0.000000 980.004639 0.000000 0.215090 0.000000 0.976594 0.572840 0.572840 0.572840
3454.257080 0.000000 1020.244873 0.000000 0.203143 0.000000 -0.979149 1.056497 1.056497 1.056497
3449.982910 0.000000 1020.267090 0.000000 0.895234 0.000000 0.445596 0.668096 0.668096 0.668096
3449.182617 0.000000 1016.498535 0.000000 0.277699 0.000000 0.960668 0.143315 0.143315 0.143315
3434.880127 0.000000 1009.562012 0.000000 0.995351 0.000000 -0.096318 0.824084 0.824084 0.824084
3444.011963 0.000000 991.721924 0.000000 0.590411 0.000000 -0.807103 1.068248 1.068248 1.068248
3450.070801 0.000000 1003.500732 0.000000 0.588069 0.000000 -0.808811 1.187621 1.187621 1.187621
3432.045898 0.000000 1011.030273 0.000000 0.574951 0.000000 -0.818188 1.123442 1.123442 1.123442
3417.749756 0.000000 985.810608 0.000000 0.139832 0.000000 0.990175 0.440011 0.440011 0.440011
3447.344482 0.000000 1022.494690 0.000000 0.863094 0.000000 0.505044 0.546223 0.546223 0.546223
3435.733887 0.000000 1011.138733 0.000000 0.851951 0.000000 0.523621 0.689933 0.689933 0.689933
3450.592285 0.000000 1008.616943 0.000000 0.785517 0.000000 -0.618840 0.995905 0.995905 0.995905
3416.139404 0.000000 986.894470 0.000000 0.979792 0.000000 0.200018 0.725996 0.725996 0.725996
3414.358154 0.000000 984.723267 0.000000 0.498075 0.000000 0.867134 0.317934 0.317934 0.317934
3437.896973 0.000000 1004.713867 0.000000 0.899586 0.000000 0.436744 0.691676 0.691676 0.691676
3415.011230 0.000000 981.461914 0.000000 0.176392 0.000000 -0.984320 1.228598 1.228598 1.228598
3448.490723 0.000000 1018.640991 0.000000 0.853261 0.000000 0.521484 0.577580 0.577580 0.577580
3452.304688 0.000000 1009.774902 0.000000 0.010409 0.000000 0.999946 0.235920 0.235920 0.235920
3454.625977 0.000000 980.101624 0.000000 0.717201 0.000000 -0.696866 1.083343 1.083343 1.083343
3420.801270 0.000000 987.744507 0.000000 0.562260 0.000000 0.826961 0.304109 0.304109 0.304109
3416.221436 0.000000 991.758118 0.000000 0.502461 0.000000 0.864600 0.268115 0.268115 0.268115
3415.543213 0.000000 983.486938 0.000000 0.483312 0.000000 -0.875448 1.106688 1.106688 1.106688
3415.516602 0.000000 989.792847 0.000000 0.960956 0.000000 -0.276701 0.942786 0.942786 0.942786
3451.662842 0.000000 1018.922791 0.000000 0.828842 0.000000 -0.559483 1.006344 1.006344 1.006344
3451.233398 0.000000 1016.969788 0.000000 0.940948 0.000000 0.338551 0.712396 0.712396 0.712396
3418.354492 0.000000 989.138062 0.000000 0.831852 0.000000 -0.554997 1.099649 1.099649 1.099649
3457.922852 0.000000 980.344055 0.000000 0.622618 0.000000 0.782526 0.760511 0.760511 0.760511
3517.593750 0.000000 989.667053 0.000000 0.999660 0.000000 0.026063 0.798907 0.798907 0.798907
3463.580322 0.000000 985.887329 0.000000 0.785551 0.000000 -0.618797 1.139807 1.139807 1.139807
3462.104004 0.000000 1015.645813 0.000000 0.677557 0.000000 -0.735470 0.908929 0.908929 0.908929
3483.852783 0.000000 1014.785828 0.000000 0.120340 0.000000 0.992733 0.649391 0.649391 0.649391
3457.528076 0.000000 1018.926270 0.000000 0.363958 0.000000 0.931415 0.661191 0.661191 0.661191
3459.423828 0.000000 1015.647766 0.000000 0.436594 0.000000 0.899659 0.643558 0.643558 0.643558
3471.793945 0.000000 1019.394348 0.000000 0.106785 0.000000 -0.994282 1.542587 1.542587 1.542587
3458.350830 0.000000 977.903259 0.000000 0.999782 0.000000 -0.020901 0.809435 0.809435 0.809435
3457.334229 0.000000 1022.826904 0.000000 0.997540 0.000000 -0.070095 0.826341 0.826341 0.826341
3494.540771 0.000000 1019.484131 0.000000 0.955370 0.000000 -0.295412 0.845520 0.845520 0.845520
3486.022705 0.000000 1010.683044 0.000000 0.887877 0.000000 -0.460080 1.014841 1.014841 1.014841
3469.385010 0.000000 991.284485 0.000000 0.439400 0.000000 0.898292 0.340898 0.340898 0.340898
3479.666016 0.000000 1014.060242 0.000000 0.400997 0.000000 0.916079 0.561742 0.561742 0.561742
3467.604004 0.000000 1010.331909 0.000000 0.777857 0.000000 0.628441 0.512270 0.512270 0.512270
3514.335938 0.000000 1012.686279 0.000000 0.141048 0.000000 0.990003 0.568777 0.568777 0.568777
3470.782715 0.000000 1017.448242 0.000000 0.823234 0.000000 -0.567702 1.061649 1.061649 1.061649
3461.878906 0.000000 1008.144897 0.000000 0.944243 0.000000 0.329248 0.674694 0.674694 0.674694
3475.613037 0.000000 1012.914185 0.000000 0.964272 0.000000 -0.264913 0.911917 0.911917 0.911917
3459.609619 0.000000 981.579895 0.000000 0.803156 0.000000 -0.595769 0.908348 0.908348 0.908348
3479.820801 0.000000 1021.583618 0.000000 0.999733 0.000000 -0.023114 0.811773 0.811773 0.811773
3484.218750 0.000000 1008.079895 0.000000 0.859380 0.000000 0.511338 0.534144 0.534144 0.534144
3485.051758 0.000000 1016.359436 0.000000 0.989165 0.000000 -0.146805 0.831192 0.831192 0.831192
3459.207275 0.000000 1017.685364 0.000000 0.956335 0.000000 -0.292273 0.919662 0.919662 0.919662
3484.136963 0.000000 1010.269836 0.000000 0.906447 0.000000 0.422319 0.644127 0.644127 0.644127
3485.630615 0.000000 1014.056641 0.000000 0.512651 0.000000 0.858597 0.369000 0.369000 0.369000
3461.461182 0.000000 985.917847 0.000000 0.232327 0.000000 -0.972638 1.275076 1.275076 1.275076
3467.277588 0.000000 991.074890 0.000000 0.999441 0.000000 0.033426 0.789183 0.789183 0.789183
3465.818848 0.000000 989.405640 0.000000 0.994034 0.000000 0.109073 0.750669 0.750669 0.750669
3480.150879 0.000000 1018.069092 0.000000 0.674926 0.000000 0.737885 0.470143 0.470143 0.470143
3482.812500 0.000000 1013.314575 0.000000 0.469341 0.000000 0.883017 0.315820 0.315820 0.315820
3462.233887 0.000000 982.894592 0.000000 0.638343 0.000000 0.769752 0.352608 0.352608 0.352608
3464.872314 0.000000 984.696045 0.000000 0.818862 0.000000 0.573990 0.553347 0.553347 0.553347
3458.898926 0.000000 1013.953857 0.000000 0.409495 0.000000 -0.912312 1.045524 1.045524 1.045524
3514.584473 0.000000 1008.616943 0.000000 0.225508 0.000000 0.974241 0.486094 0.486094 0.486094
3483.252686 0.000000 1016.560974 0.000000 0.548717 0.000000 -0.836008 1.023424 1.023424 1.023424
3462.633057 0.000000 1010.665466 0.000000 0.983659 0.000000 0.180044 0.734196 0.734196 0.734196
3482.697998 0.000000 1011.272766 0.000000 0.007678 0.000000 -0.999970 1.265166 1.265166 1.265166
3484.632080 0.000000 1020.382568 0.000000 0.535533 0.000000 -0.844514 1.022948 1.022948 1.022948
3463.485840 0.000000 981.536438 0.000000 0.109597 0.000000 -0.993976 1.255196 1.255196 1.255196
3487.931641 0.000000 1021.664490 0.000000 0.016611 0.000000 0.999862 0.439927 0.439927 0.439927
3516.296875 0.000000 1009.774902 0.000000 0.417743 0.000000 -0.908565 1.111884 1.111884 1.111884
3475.339600 0.000000 1014.588440 0.000000 0.097913 0.000000 -0.995195 1.361804 1.361804 1.361804
3462.546143 0.000000 984.575073 0.000000 0.542354 0.000000 0.840150 0.291947 0.291947 0.291947
3455.916504 0.000000 1008.983032 0.000000 0.812938 0.000000 0.582350 0.531832 0.531832 0.531832
3460.299072 0.000000 989.374451 0.000000 0.354197 0.000000 0.935171 0.399252 0.399252 0.399252
3473.176025 0.000000 1023.032471 0.000000 0.526950 0.000000 0.849896 0.329325 0.329325 0.329325
3462.739990 0.000000 980.019043 0.000000 0.812201 0.000000 -0.583377 0.994070 0.994070 0.994070
3464.367188 0.000000 987.358398 0.000000 0.639718 0.000000 0.768610 0.353518 0.353518 0.353518
3527.572510 0.000000 985.887329 0.000000 0.727419 0.000000 0.686193 0.732032 0.732032 0.732032
3525.625732 0.000000 981.206055 0.000000 0.843081 0.000000 -0.537786 0.852166 0.852166 0.852166
3530.716064 0.000000 1008.265686 0.000000 0.993925 0.000000 -0.110058 0.810793 0.810793 0.810793
3530.787598 0.000000 982.023010 0.000000 0.491829 0.000000 -0.870692 1.272707 1.272707 1.272707
3521.860107 0.000000 991.692627 0.000000 0.134740 0.000000 -0.990881 1.052325 1.052325 1.052325
3541.382080 0.000000 1009.080200 0.000000 0.878276 0.000000 -0.478154 0.970269 0.970269 0.970269
3536.875977 0.000000 988.235229 0.000000 0.154816 0.000000 -0.987943 1.068546 1.068546 1.068546
3524.904053 0.000000 1020.293335 0.000000 0.889769 0.000000 -0.456412 0.882355 0.882355 0.882355
3534.263916 0.000000 982.358521 0.000000 0.871108 0.000000 -0.491092 0.992750 0.992750 0.992750
3525.453369 0.000000 985.917847 0.000000 0.998793 0.000000 -0.049109 0.822960 0.822960 0.822960
3537.992676 0.000000 982.455688 0.000000 0.551293 0.000000 0.834312 0.382139 0.382139 0.382139
3523.323730 0.000000 1009.104431 0.000000 0.767865 0.000000 0.640612 0.587534 0.587534 0.587534
3530.190674 0.000000 980.242798 0.000000 0.741765 0.000000 -0.670659 1.004075 1.004075 1.004075
3532.495117 0.000000 982.847046 0.000000 0.761005 0.000000 -0.648746 1.024177 1.024177 1.024177
3520.579346 0.000000 989.256104 0.000000 0.244877 0.000000 0.969554 0.403527 0.403527 0.403527
3526.226074 0.000000 982.894592 0.000000 0.145919 0.000000 -0.989297 1.525418 1.525418 1.525418
3528.864502 0.000000 984.696045 0.000000 0.541107 0.000000 -0.840954 1.025472 1.025472 1.025472
3527.478027 0.000000 981.536438 0.000000 0.420666 0.000000 -0.907216 1.140514 1.140514 1.140514
3519.908691 0.000000 1008.983032 0.000000 0.319331 0.000000 0.947643 0.434249 0.434249 0.434249
3526.732178 0.000000 980.019043 0.000000 0.332831 0.000000 -0.942987 1.168938 1.168938 1.168938
3528.359375 0.000000 987.358398 0.000000 0.670717 0.000000 0.741714 0.486240 0.486240 0.486240
3529.913330 0.000000 983.392639 0.000000 0.842326 0.000000 -0.538968 0.948928 0.948928 0.948928
3352.608887 0.000000 1046.082153 0.000000 0.330419 0.000000 0.943834 0.785212 0.785212 0.785212
3373.482910 0.000000 1067.050537 0.000000 0.740822 0.000000 -0.671701 0.807355 0.807355 0.807355
3372.809326 0.000000 1060.139526 0.000000 0.789358 0.000000 -0.613934 0.811882 0.811882 0.811882
3346.345947 0.000000 1066.108643 0.000000 0.744068 0.000000 0.668104 0.458057 0.458057 0.458057
3336.499512 0.000000 1082.396729 0.000000 0.836287 0.000000 -0.548291 0.834771 0.834771 0.834771
3343.052490 0.000000 1077.868652 0.000000 0.949156 0.000000 -0.314805 0.945193 0.945193 0.945193
3350.908203 0.000000 1052.284790 0.000000 0.521107 0.000000 0.853491 0.697876 0.697876 0.697876
3353.119629 0.000000 1063.231201 0.000000 0.004774 0.000000 0.999989 0.640486 0.640486 0.640486
3354.544434 0.000000 1047.996826 0.000000 0.436813 0.000000 0.899552 0.661467 0.661467 0.661467
3349.638184 0.000000 1057.482788 0.000000 0.068856 0.000000 -0.997627 1.000975 1.000975 1.000975
3369.238770 0.000000 1064.814087 0.000000 0.851976 0.000000 -0.523580 0.981595 0.981595 0.981595
3344.031494 0.000000 1066.657349 0.000000 0.915014 0.000000 -0.403423 0.978313 0.978313 0.978313
3338.830078 0.000000 1083.300049 0.000000 0.044958 0.000000 0.998989 0.300221 0.300221 0.300221
3359.529297 0.000000 1043.012695 0.000000 0.348611 0.000000 0.937267 0.586507 0.586507 0.586507
3348.126465 0.000000 1064.018921 0.000000 0.716273 0.000000 0.697820 0.685850 0.685850 0.685850
3339.619629 0.000000 1074.316284 0.000000 0.829651 0.000000 0.558283 0.598891 0.598891 0.598891
3351.881592 0.000000 1069.135498 0.000000 0.767399 0.000000 -0.641170 0.930672 0.930672 0.930672
3350.485840 0.000000 1076.207886 0.000000 0.927189 0.000000 -0.374595 0.948771 0.948771 0.948771
3365.665771 0.000000 1061.912842 0.000000 0.083748 0.000000 0.996487 0.309984 0.309984 0.309984
3344.962891 0.000000 1058.014648 0.000000 0.408588 0.000000 -0.912719 1.178940 1.178940 1.178940
3342.798340 0.000000 1081.432617 0.000000 0.196520 0.000000 0.980500 0.391414 0.391414 0.391414
3363.138428 0.000000 1051.409546 0.000000 0.479520 0.000000 -0.877531 0.975351 0.975351 0.975351
3359.823486 0.000000 1054.100220 0.000000 0.465631 0.000000 0.884979 0.396399 0.396399 0.396399
3362.512695 0.000000 1056.921021 0.000000 0.197347 0.000000 -0.980334 1.049386 1.049386 1.049386
3364.342529 0.000000 1045.398315 0.000000 0.993509 0.000000 -0.113754 0.820264 0.820264 0.820264
3342.718262 0.000000 1058.723389 0.000000 0.898849 0.000000 -0.438258 0.999335 0.999335 0.999335
3353.910400 0.000000 1058.726685 0.000000 0.020236 0.000000 0.999795 0.289022 0.289022 0.289022
3358.631836 0.000000 1061.471313 0.000000 0.728047 0.000000 -0.685528 1.048914 1.048914 1.048914
3356.152588 0.000000 1074.254150 0.000000 0.221388 0.000000 -0.975186 1.419021 1.419021 1.419021
3345.560791 0.000000 1067.879639 0.000000 0.708826 0.000000 0.705384 0.463790 0.463790 0.463790
3340.108398 0.000000 1081.890503 0.000000 0.531824 0.000000 0.846855 0.574063 0.574063 0.574063
3347.774902 0.000000 1059.712402 0.000000 0.984007 0.000000 -0.178132 0.859017 0.859017 0.859017
3343.802246 0.000000 1079.586304 0.000000 0.475344 0.000000 0.879800 0.602392 0.602392 0.602392
3343.495361 0.000000 1071.825928 0.000000 0.997703 0.000000 -0.067747 0.824645 0.824645 0.824645
3369.292725 0.000000 1062.811279 0.000000 0.688112 0.000000 0.725604 0.532439 0.532439 0.532439
3347.661133 0.000000 1067.562500 0.000000 0.783463 0.000000 0.621439 0.486603 0.486603 0.486603
3351.556885 0.000000 1059.283447 0.000000 0.971822 0.000000 0.235715 0.721584 0.721584 0.721584
3360.160156 0.000000 1059.866455 0.000000 0.506573 0.000000 0.862197 0.457409 0.457409 0.457409
3356.834961 0.000000 1056.897827 0.000000 0.992333 0.000000 0.123591 0.759167 0.759167 0.759167
3368.390869 0.000000 1041.842773 0.000000 0.816806 0.000000 0.576913 0.597349 0.597349 0.597349
3368.114990 0.000000 1055.553101 0.000000 0.999956 0.000000 -0.009365 0.803011 0.803011 0.803011
3368.781982 0.000000 1048.035034 0.000000 0.883694 0.000000 -0.468065 0.960521 0.960521 0.960521
3354.291992 0.000000 1061.818848 0.000000 0.859101 0.000000 0.511807 0.622940 0.622940 0.622940
3363.619873 0.000000 1058.362427 0.000000 0.581244 0.000000 -0.813729 1.113245 1.113245 1.113245
3340.278809 0.000000 1071.434692 0.000000 0.941958 0.000000 -0.335732 0.916249 0.916249 0.916249
3366.900391 0.000000 1047.734497 0.000000 0.674390 0.000000 -0.738375 1.073739 1.073739 1.073739
3369.296631 0.000000 1049.676514 0.000000 0.968939 0.000000 -0.247300 0.882351 0.882351 0.882351
3342.387695 0.000000 1068.708374 0.000000 0.308795 0.000000 0.951129 0.501278 0.501278 0.501278
3361.872559 0.000000 1060.639893 0.000000 0.503405 0.000000 -0.864050 1.110463 1.110463 1.110463
3360.244141 0.000000 1057.795898 0.000000 0.818406 0.000000 0.574640 0.598265 0.598265 0.598265
3334.672363 0.000000 1078.018799 0.000000 0.006424 0.000000 0.999979 0.378203 0.378203 0.378203
3370.487793 0.000000 1052.838867 0.000000 0.799078 0.000000 0.601227 0.587432 0.587432 0.587432
3356.993408 0.000000 1045.426880 0.000000 0.953517 0.000000 0.301339 0.724804 0.724804 0.724804
3371.280518 0.000000 1049.896362 0.000000 0.224803 0.000000 0.974404 0.367812 0.367812 0.367812
3356.809082 0.000000 1051.728882 0.000000 0.898207 0.000000 -0.439572 0.964527 0.964527 0.964527
3352.229248 0.000000 1055.742554 0.000000 0.320299 0.000000 -0.947317 1.210201 1.210201 1.210201
3357.661133 0.000000 1053.426636 0.000000 0.279365 0.000000 0.960185 0.334509 0.334509 0.334509
3367.485352 0.000000 1040.077515 0.000000 0.821787 0.000000 0.569794 0.605055 0.605055 0.605055
3367.183105 0.000000 1043.100342 0.000000 0.787387 0.000000 0.616459 0.581104 0.581104 0.581104
3366.459229 0.000000 1046.139038 0.000000 0.994933 0.000000 -0.100540 0.833188 0.833188 0.833188
3354.362305 0.000000 1053.122437 0.000000 0.823467 0.000000 0.567365 0.602390 0.602390 0.602390
3448.932617 0.000000 1023.820618 0.000000 0.740773 0.000000 0.671755 0.548439 0.548439 0.548439
3451.173828 0.000000 1023.866943 0.000000 0.961294 0.000000 0.275526 0.705224 0.705224 0.705224
3454.704834 0.000000 1023.876892 0.000000 0.634315 0.000000 -0.773074 1.179455 1.179455 1.179455
3515.242432 0.000000 1030.127563 0.000000 0.699142 0.000000 -0.714983 0.814319 0.814319 0.814319
3517.592285 0.000000 1034.017822 0.000000 0.624619 0.000000 -0.780930 0.835797 0.835797 0.835797
3473.107910 0.000000 1023.755798 0.000000 0.278767 0.000000 0.960359 0.203060 0.203060 0.203060
3514.558350 0.000000 1034.303101 0.000000 0.999278 0.000000 0.038003 0.797267 0.797267 0.797267
3498.172363 0.000000 1034.408813 0.000000 0.242217 0.000000 0.970222 0.643731 0.643731 0.643731
3497.840820 0.000000 1037.469604 0.000000 0.513155 0.000000 0.858296 0.661911 0.661911 0.661911
3478.638672 0.000000 1026.465088 0.000000 0.824688 0.000000 -0.565588 0.876840 0.876840 0.876840
3473.985352 0.000000 1025.911987 0.000000 0.203841 0.000000 0.979004 0.104548 0.104548 0.104548
3474.996826 0.000000 1024.221191 0.000000 0.998113 0.000000 0.061397 0.771533 0.771533 0.771533
3472.086670 0.000000 1025.588989 0.000000 0.988742 0.000000 -0.149633 0.876495 0.876495 0.876495
3457.807129 0.000000 1024.780029 0.000000 0.887051 0.000000 0.461672 0.674445 0.674445 0.674445
3519.642090 0.000000 1032.998901 0.000000 0.969273 0.000000 -0.245987 0.835244 0.835244 0.835244
3409.667236 0.000000 2483.850342 0.000000 0.646223 0.000000 -0.763148 0.817339 0.817339 0.817339
3407.958496 0.000000 2493.547607 0.000000 0.976457 0.000000 0.215711 0.795223 0.795223 0.795223
3408.962402 0.000000 2488.722412 0.000000 0.910682 0.000000 0.413109 0.771932 0.771932 0.771932
3414.069092 0.000000 2494.113770 0.000000 0.993613 0.000000 0.112837 0.792999 0.792999 0.792999
3405.207031 0.000000 2491.426270 0.000000 0.135681 0.000000 0.990753 0.699710 0.699710 0.699710
3411.710449 0.000000 2487.872070 0.000000 0.065533 0.000000 0.997850 0.628642 0.628642 0.628642
3393.551758 0.000000 2480.303955 0.000000 0.260824 0.000000 0.965386 0.254462 0.254462 0.254462
3394.552490 0.000000 2482.643066 0.000000 0.070186 0.000000 -0.997534 1.564225 1.564225 1.564225
3403.157471 0.000000 2486.335938 0.000000 0.413582 0.000000 0.910467 0.624004 0.624004 0.624004
3406.790527 0.000000 2489.088867 0.000000 0.833075 0.000000 0.553160 0.682931 0.682931 0.682931
3402.191406 0.000000 2471.180664 0.000000 0.898934 0.000000 -0.438084 0.876983 0.876983 0.876983
3411.620850 0.000000 2484.554932 0.000000 0.098959 0.000000 -0.995092 1.035143 1.035143 1.035143
3415.828613 0.000000 2493.224121 0.000000 0.280580 0.000000 0.959831 0.517383 0.517383 0.517383
3395.339355 0.000000 2480.745117 0.000000 0.868657 0.000000 -0.495414 0.981159 0.981159 0.981159
3393.766602 0.000000 2478.564941 0.000000 0.948889 0.000000 -0.315610 0.884012 0.884012 0.884012
3355.903564 0.000000 2530.106689 0.000000 0.070660 0.000000 0.997500 0.605259 0.605259 0.605259
3352.809814 0.000000 2536.671387 0.000000 0.753589 0.000000 0.657346 0.598003 0.598003 0.598003
3409.115723 0.000000 2495.396484 0.000000 0.076682 0.000000 0.997056 0.713465 0.713465 0.713465
4031.147461 0.000000 2297.971680 0.000000 0.515474 0.000000 -0.856905 1.163846 1.163846 1.163846
4048.769043 0.000000 2278.422363 0.000000 0.165372 0.000000 0.986231 0.634479 0.634479 0.634479
4031.509277 0.000000 2297.842041 0.000000 0.864851 0.000000 -0.502029 0.985927 0.985927 0.985927
4035.136963 0.000000 2297.372803 0.000000 0.171628 0.000000 -0.985162 1.336211 1.336211 1.336211
3316.517822 0.000000 2593.187988 0.000000 0.015160 0.000000 -0.999885 0.924279 0.924279 0.924279
3320.744385 0.000000 2596.636475 0.000000 0.959556 0.000000 -0.281517 0.849587 0.849587 0.849587
3314.260498 0.000000 2594.197754 0.000000 0.005902 0.000000 -0.999983 1.050037 1.050037 1.050037
3314.230713 0.000000 2605.580078 0.000000 0.922396 0.000000 0.386245 0.720006 0.720006 0.720006
3314.850098 0.000000 2602.987549 0.000000 0.656526 0.000000 -0.754303 1.008232 1.008232 1.008232
3319.005859 0.000000 2597.674561 0.000000 0.983709 0.000000 -0.179770 0.838989 0.838989 0.838989
3318.657471 0.000000 2599.510742 0.000000 0.114919 0.000000 -0.993375 1.163403 1.163403 1.163403
3292.374023 0.000000 2638.670166 0.000000 0.418613 0.000000 -0.908165 0.815922 0.815922 0.815922
3318.973145 0.000000 2643.885742 0.000000 0.891644 0.000000 0.452738 0.793431 0.793431 0.793431
3301.028564 0.000000 2629.103516 0.000000 0.700072 0.000000 -0.714072 0.825414 0.825414 0.825414
3309.022217 0.000000 2649.229492 0.000000 0.913590 0.000000 0.406637 0.779927 0.779927 0.779927
3313.301025 0.000000 2651.742920 0.000000 0.891940 0.000000 -0.452153 0.821552 0.821552 0.821552
3309.125244 0.000000 2628.285400 0.000000 0.851414 0.000000 0.524495 0.770227 0.770227 0.770227
3320.108643 0.000000 2631.552734 0.000000 0.325661 0.000000 -0.945487 0.866818 0.866818 0.866818
3321.979004 0.000000 2625.327637 0.000000 0.996732 0.000000 0.080778 0.795478 0.795478 0.795478
3302.475586 0.000000 2632.219727 0.000000 0.999973 0.000000 0.007391 0.799424 0.799424 0.799424
3304.270020 0.000000 2628.648682 0.000000 0.809330 0.000000 0.587354 0.757370 0.757370 0.757370
3294.718750 0.000000 2644.821533 0.000000 0.960707 0.000000 0.277565 0.764049 0.764049 0.764049
3327.695801 0.000000 2620.446533 0.000000 0.548525 0.000000 -0.836134 0.825710 0.825710 0.825710
3329.911133 0.000000 2632.821289 0.000000 0.960595 0.000000 -0.277952 0.806188 0.806188 0.806188
3341.611572 0.000000 2630.572021 0.000000 0.083245 0.000000 0.996529 0.505891 0.505891 0.505891
3342.358643 0.000000 2632.428711 0.000000 0.923583 0.000000 -0.383398 0.871513 0.871513 0.871513
3345.483887 0.000000 2631.533447 0.000000 0.786497 0.000000 -0.617594 0.968849 0.968849 0.968849
"}
