object={
	name="tree_fern_generator_1_0"
	clamp_to_water_level=no
	render_under_water=no
	generated_content=yes
	layer="tree_high_layer"
	pdxmesh="tree_fern_01_a_mesh"
	count=10
	transform="242.788055 0.000000 1534.491089 0.000000 0.378185 0.000000 0.925730 1.000000 1.000000 1.000000
292.795868 0.000000 1490.255981 0.000000 0.164371 0.000000 0.986399 1.000000 1.000000 1.000000
295.989990 0.000000 1493.888306 0.000000 0.076649 0.000000 0.997058 1.000000 1.000000 1.000000
294.836914 0.000000 1495.836914 0.000000 0.525628 0.000000 0.850715 1.000000 1.000000 1.000000
335.846375 0.000000 1572.648315 0.000000 0.515864 0.000000 0.856670 1.000000 1.000000 1.000000
329.919983 0.000000 1563.971313 0.000000 0.449837 0.000000 0.893111 1.000000 1.000000 1.000000
337.567261 0.000000 1573.852051 0.000000 0.424453 0.000000 0.905450 1.000000 1.000000 1.000000
330.157990 0.000000 1605.640869 0.000000 0.464348 0.000000 0.885653 1.000000 1.000000 1.000000
373.785858 0.000000 2078.164062 0.000000 0.348698 0.000000 0.937235 1.000000 1.000000 1.000000
393.145020 0.000000 2031.306274 0.000000 0.181564 0.000000 0.983379 1.000000 1.000000 1.000000
"}
object={
	name="tree_fern_generator_1_1"
	clamp_to_water_level=no
	render_under_water=no
	generated_content=yes
	layer="tree_high_layer"
	pdxmesh="tree_fern_01_b_mesh"
	count=13
	transform="292.843872 0.000000 1476.123657 0.000000 0.998448 0.000000 0.055683 1.000000 1.000000 1.000000
294.828735 0.000000 1494.097900 0.000000 0.986546 0.000000 0.163486 1.000000 1.000000 1.000000
295.618195 0.000000 1494.993652 0.000000 0.977674 0.000000 0.210127 1.000000 1.000000 1.000000
290.477173 0.000000 1497.854370 0.000000 0.998766 0.000000 0.049672 1.000000 1.000000 1.000000
283.586853 0.000000 1521.318848 0.000000 0.922546 0.000000 0.385888 1.000000 1.000000 1.000000
267.508392 0.000000 1529.730347 0.000000 0.937742 0.000000 0.347331 1.000000 1.000000 1.000000
266.295197 0.000000 1523.747925 0.000000 0.724553 0.000000 0.689220 1.000000 1.000000 1.000000
360.034546 0.000000 1678.591919 0.000000 0.930168 0.000000 0.367135 1.000000 1.000000 1.000000
419.086060 0.000000 1994.804077 0.000000 0.794178 0.000000 0.607686 1.000000 1.000000 1.000000
422.078735 0.000000 1983.218140 0.000000 0.989150 0.000000 0.146912 1.000000 1.000000 1.000000
395.906189 0.000000 2032.161499 0.000000 0.934143 0.000000 0.356899 1.000000 1.000000 1.000000
367.932617 0.000000 2120.088379 0.000000 0.958137 0.000000 0.286310 1.000000 1.000000 1.000000
382.359375 0.000000 2138.495361 0.000000 0.813920 0.000000 0.580976 1.000000 1.000000 1.000000
"}
object={
	name="tree_fern_generator_1_2"
	clamp_to_water_level=no
	render_under_water=no
	generated_content=yes
	layer="tree_high_layer"
	pdxmesh="tree_fern_01_c_mesh"
	count=10
	transform="294.597260 0.000000 1492.940186 0.000000 0.999540 0.000000 -0.030334 1.000000 1.000000 1.000000
269.762848 0.000000 1519.467407 0.000000 0.955757 0.000000 -0.294157 1.000000 1.000000 1.000000
330.287384 0.000000 1567.740112 0.000000 0.997381 0.000000 -0.072324 1.000000 1.000000 1.000000
331.988068 0.000000 1564.896729 0.000000 0.940156 0.000000 -0.340743 1.000000 1.000000 1.000000
332.446472 0.000000 1568.896606 0.000000 0.799453 0.000000 -0.600728 1.000000 1.000000 1.000000
331.931000 0.000000 1604.135376 0.000000 0.994458 0.000000 -0.105133 1.000000 1.000000 1.000000
362.249023 0.000000 1678.034424 0.000000 0.847040 0.000000 -0.531529 1.000000 1.000000 1.000000
392.108154 0.000000 2028.478638 0.000000 0.964287 0.000000 -0.264858 1.000000 1.000000 1.000000
472.453522 0.000000 3230.163086 0.000000 0.837730 0.000000 -0.546084 1.000000 1.000000 1.000000
536.445679 0.000000 3230.163086 0.000000 0.770005 0.000000 -0.638037 1.000000 1.000000 1.000000
"}
object={
	name="tree_fern_generator_1_3"
	clamp_to_water_level=no
	render_under_water=no
	generated_content=yes
	layer="tree_high_layer"
	pdxmesh="tree_fern_01_d_mesh"
	count=24
	transform="293.676941 0.000000 1479.769531 0.000000 0.633773 0.000000 -0.773519 1.000000 1.000000 1.000000
290.709167 0.000000 1477.532471 0.000000 0.633275 0.000000 -0.773927 1.000000 1.000000 1.000000
293.087982 0.000000 1493.178833 0.000000 0.432111 0.000000 -0.901821 1.000000 1.000000 1.000000
295.192688 0.000000 1491.459717 0.000000 0.005572 0.000000 -0.999985 1.000000 1.000000 1.000000
294.070068 0.000000 1495.064941 0.000000 0.543725 0.000000 -0.839264 1.000000 1.000000 1.000000
279.437958 0.000000 1533.587036 0.000000 0.642006 0.000000 -0.766700 1.000000 1.000000 1.000000
270.760498 0.000000 1505.623413 0.000000 0.225154 0.000000 -0.974323 1.000000 1.000000 1.000000
292.117706 0.000000 1495.797852 0.000000 0.584730 0.000000 -0.811228 1.000000 1.000000 1.000000
295.133362 0.000000 1497.659424 0.000000 0.660609 0.000000 -0.750730 1.000000 1.000000 1.000000
263.546326 0.000000 1577.970947 0.000000 0.020653 0.000000 -0.999787 1.000000 1.000000 1.000000
333.286255 0.000000 1576.036377 0.000000 0.680049 0.000000 -0.733167 1.000000 1.000000 1.000000
332.741791 0.000000 1566.982544 0.000000 0.260593 0.000000 -0.965449 1.000000 1.000000 1.000000
337.954010 0.000000 1572.275024 0.000000 0.305466 0.000000 -0.952203 1.000000 1.000000 1.000000
245.063293 0.000000 1601.119019 0.000000 0.618920 0.000000 -0.785454 1.000000 1.000000 1.000000
333.951355 0.000000 1600.651855 0.000000 0.702292 0.000000 -0.711889 1.000000 1.000000 1.000000
329.919983 0.000000 1607.963501 0.000000 0.565118 0.000000 -0.825010 1.000000 1.000000 1.000000
360.140259 0.000000 1680.860962 0.000000 0.307196 0.000000 -0.951646 1.000000 1.000000 1.000000
420.079437 0.000000 1986.174438 0.000000 0.450379 0.000000 -0.892837 1.000000 1.000000 1.000000
423.876648 0.000000 1995.598389 0.000000 0.514951 0.000000 -0.857220 1.000000 1.000000 1.000000
366.679077 0.000000 2116.447510 0.000000 0.285380 0.000000 -0.958415 1.000000 1.000000 1.000000
380.671326 0.000000 2141.081543 0.000000 0.287648 0.000000 -0.957736 1.000000 1.000000 1.000000
473.907715 0.000000 3232.435791 0.000000 0.446508 0.000000 -0.894780 1.000000 1.000000 1.000000
533.600891 0.000000 3228.979492 0.000000 0.056143 0.000000 -0.998423 1.000000 1.000000 1.000000
552.127869 0.000000 3238.234375 0.000000 0.252108 0.000000 -0.967699 1.000000 1.000000 1.000000
"}
