object={
	name="animal_brown_bear"
	clamp_to_water_level=yes
	render_under_water=yes
	generated_content=no
	layer="temp_layer"
	entity="brown_bear_entity"
	count=2
	transform="3549.761963 0.000000 2671.192627 0.000000 0.523379 0.000000 0.852100 1.000000 1.000000 1.000000
3684.967529 0.000000 2719.582520 0.000000 -0.335842 0.000000 0.941918 1.000000 1.000000 1.000000
"}
object={
	name="animal_seagulls"
	clamp_to_water_level=yes
	render_under_water=no
	generated_content=no
	layer="temp_layer"
	entity="seagull_port_entity"
	count=4
	transform="3614.097656 0.000000 2057.768066 0.000000 0.000000 0.000000 1.000000 1.000000 1.000000 1.000000
4034.985596 0.000000 2041.607910 0.000000 0.000000 0.000000 1.000000 1.000000 1.000000 1.000000
4106.630859 0.000000 2198.948242 0.000000 0.000000 0.000000 1.000000 1.000000 1.000000 1.000000
2729.621826 0.000000 2974.679199 0.000000 0.000000 0.000000 1.000000 1.000000 1.000000 1.000000
"}
object={
	name="animal_whale"
	clamp_to_water_level=yes
	render_under_water=yes
	generated_content=no
	layer="temp_layer"
	entity="whale_entity"
	count=3
	transform="3439.281738 0.000000 1561.470703 0.000000 0.000000 0.000000 1.000000 1.000000 1.000000 1.000000
2768.146484 0.000000 3602.524414 0.000000 0.000000 0.000000 1.000000 1.000000 1.000000 1.000000
2999.217529 0.000000 3617.272705 0.000000 0.000000 0.000000 1.000000 1.000000 1.000000 1.000000
"}
