object={
	name="tree_birch_yellow_generator_1_0"
	clamp_to_water_level=no
	render_under_water=no
	generated_content=yes
	layer="tree_high_layer"
	pdxmesh="tree_birch_yellow_01_a_mesh"
	count=2
	transform="5240.197754 0.000000 4594.823730 0.000000 0.137462 0.000000 0.990507 1.000000 1.000000 1.000000
5243.257812 0.000000 4583.607910 0.000000 0.853780 0.000000 -0.520634 1.000000 1.000000 1.000000
"}
object={
	name="tree_birch_yellow_generator_1_1"
	clamp_to_water_level=no
	render_under_water=no
	generated_content=yes
	layer="tree_high_layer"
	pdxmesh="tree_birch_yellow_01_b_mesh"
	count=9
	transform="5235.793945 0.000000 4588.134277 0.000000 0.481908 0.000000 0.876222 1.000000 1.000000 1.000000
5232.426270 0.000000 4594.658203 0.000000 0.183345 0.000000 -0.983049 1.000000 1.000000 1.000000
5236.454102 0.000000 4592.587402 0.000000 0.999330 0.000000 0.036612 1.000000 1.000000 1.000000
5239.932617 0.000000 4586.003418 0.000000 0.479128 0.000000 0.877745 1.000000 1.000000 1.000000
5236.525391 0.000000 4595.984863 0.000000 0.715108 0.000000 -0.699014 1.000000 1.000000 1.000000
5237.801270 0.000000 4590.036621 0.000000 0.318777 0.000000 0.947830 1.000000 1.000000 1.000000
5239.152344 0.000000 4592.270020 0.000000 0.084796 0.000000 -0.996398 1.000000 1.000000 1.000000
5234.721680 0.000000 4594.140137 0.000000 0.999999 0.000000 -0.001372 1.000000 1.000000 1.000000
5234.645996 0.000000 4592.145508 0.000000 0.977280 0.000000 0.211950 1.000000 1.000000 1.000000
"}
