object={
	name="tree_leaf_yellow_generator_1_0"
	clamp_to_water_level=no
	render_under_water=no
	generated_content=yes
	layer="tree_high_layer"
	pdxmesh="tree_leaf_yellow_01_a_mesh"
	count=29
	transform="3772.165039 0.000000 4290.349121 0.000000 0.934309 0.000000 0.356465 1.000000 1.000000 1.000000
3772.141602 0.000000 4294.706055 0.000000 0.821334 0.000000 0.570448 1.000000 1.000000 1.000000
3770.429199 0.000000 4291.195312 0.000000 0.887072 0.000000 0.461631 1.000000 1.000000 1.000000
3769.982910 0.000000 4292.752930 0.000000 0.901965 0.000000 0.431810 1.000000 1.000000 1.000000
3833.544189 0.000000 4294.712891 0.000000 0.864696 0.000000 0.502296 1.000000 1.000000 1.000000
3824.598145 0.000000 4286.712891 0.000000 0.952906 0.000000 0.303264 1.000000 1.000000 1.000000
3786.061279 0.000000 4280.617676 0.000000 0.981574 0.000000 -0.191083 1.000000 1.000000 1.000000
3832.185059 0.000000 4298.811035 0.000000 0.871112 0.000000 0.491085 1.000000 1.000000 1.000000
3781.446045 0.000000 4291.375000 0.000000 0.995336 0.000000 -0.096466 1.000000 1.000000 1.000000
3834.091553 0.000000 4302.263184 0.000000 0.572095 0.000000 -0.820187 1.000000 1.000000 1.000000
3803.120361 0.000000 4308.151855 0.000000 0.979644 0.000000 0.200742 1.000000 1.000000 1.000000
3811.056885 0.000000 4279.657715 0.000000 0.827774 0.000000 0.561062 1.000000 1.000000 1.000000
3793.947510 0.000000 4298.225586 0.000000 0.501660 0.000000 0.865065 1.000000 1.000000 1.000000
3780.241699 0.000000 4309.960938 0.000000 0.944662 0.000000 -0.328045 1.000000 1.000000 1.000000
3777.374268 0.000000 4296.459473 0.000000 0.250235 0.000000 -0.968185 1.000000 1.000000 1.000000
3791.741211 0.000000 4275.549316 0.000000 0.055362 0.000000 0.998466 1.000000 1.000000 1.000000
3833.944092 0.000000 4300.094238 0.000000 0.841331 0.000000 0.540520 1.000000 1.000000 1.000000
3779.237305 0.000000 4291.749023 0.000000 0.870559 0.000000 -0.492063 1.000000 1.000000 1.000000
3827.159668 0.000000 4291.204102 0.000000 0.693325 0.000000 0.720625 1.000000 1.000000 1.000000
3822.354492 0.000000 4294.505859 0.000000 0.897052 0.000000 -0.441925 1.000000 1.000000 1.000000
3824.571289 0.000000 4295.615723 0.000000 0.983531 0.000000 0.180737 1.000000 1.000000 1.000000
3782.636963 0.000000 4283.051270 0.000000 0.466245 0.000000 -0.884656 1.000000 1.000000 1.000000
3810.195801 0.000000 4280.913086 0.000000 0.999471 0.000000 -0.032526 1.000000 1.000000 1.000000
3796.069580 0.000000 4294.845703 0.000000 0.447771 0.000000 0.894148 1.000000 1.000000 1.000000
3782.877930 0.000000 4281.469238 0.000000 0.188974 0.000000 -0.981982 1.000000 1.000000 1.000000
3794.708984 0.000000 4294.284180 0.000000 0.984446 0.000000 0.175689 1.000000 1.000000 1.000000
3776.488037 0.000000 4287.892090 0.000000 0.984998 0.000000 0.172564 1.000000 1.000000 1.000000
3779.998779 0.000000 4308.568848 0.000000 0.425517 0.000000 0.904950 1.000000 1.000000 1.000000
3803.975586 0.000000 4276.549805 0.000000 0.650948 0.000000 0.759122 1.000000 1.000000 1.000000
"}
object={
	name="tree_leaf_yellow_generator_1_1"
	clamp_to_water_level=no
	render_under_water=no
	generated_content=yes
	layer="tree_high_layer"
	pdxmesh="tree_leaf_yellow_01_b_mesh"
	count=36
	transform="3771.601074 0.000000 4292.900391 0.000000 0.253108 0.000000 -0.967438 1.000000 1.000000 1.000000
3767.448730 0.000000 4296.375977 0.000000 0.315449 0.000000 -0.948943 1.000000 1.000000 1.000000
3772.902588 0.000000 4291.885742 0.000000 0.789616 0.000000 -0.613601 1.000000 1.000000 1.000000
3772.442139 0.000000 4288.687500 0.000000 0.904792 0.000000 -0.425854 1.000000 1.000000 1.000000
3766.049072 0.000000 4295.610840 0.000000 0.384450 0.000000 0.923146 1.000000 1.000000 1.000000
3780.682861 0.000000 4303.823730 0.000000 0.395127 0.000000 -0.918627 1.000000 1.000000 1.000000
3823.992188 0.000000 4293.987305 0.000000 0.993925 0.000000 0.110062 1.000000 1.000000 1.000000
3825.453369 0.000000 4300.724609 0.000000 0.491296 0.000000 -0.870993 1.000000 1.000000 1.000000
3793.388916 0.000000 4277.150879 0.000000 0.300688 0.000000 0.953722 1.000000 1.000000 1.000000
3785.004639 0.000000 4308.334961 0.000000 0.558259 0.000000 0.829667 1.000000 1.000000 1.000000
3802.523438 0.000000 4305.208008 0.000000 0.450833 0.000000 -0.892608 1.000000 1.000000 1.000000
3829.042969 0.000000 4291.333984 0.000000 0.935604 0.000000 -0.353052 1.000000 1.000000 1.000000
3778.164551 0.000000 4293.500488 0.000000 0.960762 0.000000 0.277373 1.000000 1.000000 1.000000
3791.424561 0.000000 4300.163574 0.000000 0.682981 0.000000 0.730437 1.000000 1.000000 1.000000
3803.789307 0.000000 4302.234863 0.000000 0.630630 0.000000 -0.776084 1.000000 1.000000 1.000000
3780.541504 0.000000 4294.849609 0.000000 0.846339 0.000000 -0.532644 1.000000 1.000000 1.000000
3802.698975 0.000000 4276.496582 0.000000 0.922565 0.000000 0.385842 1.000000 1.000000 1.000000
3808.638916 0.000000 4280.786133 0.000000 0.994815 0.000000 0.101704 1.000000 1.000000 1.000000
3797.482910 0.000000 4295.293945 0.000000 0.818484 0.000000 -0.574529 1.000000 1.000000 1.000000
3823.461426 0.000000 4299.372070 0.000000 0.599162 0.000000 0.800628 1.000000 1.000000 1.000000
3832.055908 0.000000 4301.057129 0.000000 0.887711 0.000000 0.460401 1.000000 1.000000 1.000000
3783.503418 0.000000 4292.549805 0.000000 0.140455 0.000000 -0.990087 1.000000 1.000000 1.000000
3783.474365 0.000000 4290.353027 0.000000 0.172750 0.000000 -0.984966 1.000000 1.000000 1.000000
3794.063965 0.000000 4275.084473 0.000000 0.363661 0.000000 0.931531 1.000000 1.000000 1.000000
3792.524902 0.000000 4279.461426 0.000000 0.196021 0.000000 -0.980600 1.000000 1.000000 1.000000
3777.869141 0.000000 4287.790039 0.000000 0.048672 0.000000 0.998815 1.000000 1.000000 1.000000
3783.059082 0.000000 4307.585938 0.000000 0.411062 0.000000 -0.911607 1.000000 1.000000 1.000000
3833.015625 0.000000 4303.931641 0.000000 0.634509 0.000000 0.772915 1.000000 1.000000 1.000000
3805.832764 0.000000 4302.572266 0.000000 0.983899 0.000000 0.178728 1.000000 1.000000 1.000000
3785.297119 0.000000 4293.407715 0.000000 0.519932 0.000000 0.854207 1.000000 1.000000 1.000000
3781.411621 0.000000 4306.002930 0.000000 0.826527 0.000000 -0.562897 1.000000 1.000000 1.000000
3811.889893 0.000000 4281.237305 0.000000 0.981626 0.000000 -0.190814 1.000000 1.000000 1.000000
3825.599365 0.000000 4294.248535 0.000000 0.705977 0.000000 -0.708235 1.000000 1.000000 1.000000
3780.214111 0.000000 4280.389648 0.000000 0.617574 0.000000 0.786513 1.000000 1.000000 1.000000
3782.722168 0.000000 4291.539062 0.000000 0.810395 0.000000 -0.585884 1.000000 1.000000 1.000000
3776.717773 0.000000 4285.279785 0.000000 0.375083 0.000000 0.926991 1.000000 1.000000 1.000000
"}
object={
	name="tree_leaf_yellow_generator_1_2"
	clamp_to_water_level=no
	render_under_water=no
	generated_content=yes
	layer="tree_high_layer"
	pdxmesh="tree_leaf_yellow_01_c_mesh"
	count=38
	transform="3762.358398 0.000000 4305.998535 0.000000 0.102310 0.000000 -0.994753 1.000000 1.000000 1.000000
3768.571045 0.000000 4291.332520 0.000000 0.311288 0.000000 -0.950316 1.000000 1.000000 1.000000
3774.001953 0.000000 4288.033203 0.000000 0.891906 0.000000 -0.452222 1.000000 1.000000 1.000000
3761.094971 0.000000 4303.500000 0.000000 0.857760 0.000000 0.514050 1.000000 1.000000 1.000000
3774.497070 0.000000 4282.975098 0.000000 0.247920 0.000000 0.968780 1.000000 1.000000 1.000000
3769.885742 0.000000 4297.049805 0.000000 0.928573 0.000000 0.371150 1.000000 1.000000 1.000000
3774.296143 0.000000 4296.538574 0.000000 0.982895 0.000000 -0.184169 1.000000 1.000000 1.000000
3768.403076 0.000000 4293.173828 0.000000 0.969752 0.000000 -0.244094 1.000000 1.000000 1.000000
3766.880371 0.000000 4292.090332 0.000000 0.991095 0.000000 -0.133155 1.000000 1.000000 1.000000
3764.832764 0.000000 4294.676758 0.000000 0.789006 0.000000 0.614386 1.000000 1.000000 1.000000
3774.138428 0.000000 4289.830078 0.000000 0.841657 0.000000 -0.540013 1.000000 1.000000 1.000000
3770.951416 0.000000 4289.225586 0.000000 0.862726 0.000000 -0.505672 1.000000 1.000000 1.000000
3767.953125 0.000000 4294.824707 0.000000 0.712694 0.000000 0.701475 1.000000 1.000000 1.000000
3770.738037 0.000000 4293.993164 0.000000 0.954049 0.000000 -0.299650 1.000000 1.000000 1.000000
3805.064941 0.000000 4275.721680 0.000000 0.631277 0.000000 0.775558 1.000000 1.000000 1.000000
3810.671875 0.000000 4282.397949 0.000000 0.983666 0.000000 -0.180001 1.000000 1.000000 1.000000
3784.908936 0.000000 4303.011719 0.000000 0.999540 0.000000 0.030318 1.000000 1.000000 1.000000
3825.545654 0.000000 4290.223633 0.000000 0.942070 0.000000 0.335416 1.000000 1.000000 1.000000
3801.790039 0.000000 4274.159180 0.000000 0.611589 0.000000 0.791176 1.000000 1.000000 1.000000
3775.686768 0.000000 4292.077637 0.000000 0.962113 0.000000 -0.272650 1.000000 1.000000 1.000000
3782.674316 0.000000 4310.110840 0.000000 0.442473 0.000000 0.896782 1.000000 1.000000 1.000000
3790.631836 0.000000 4305.909668 0.000000 0.926432 0.000000 -0.376462 1.000000 1.000000 1.000000
3779.361572 0.000000 4283.636230 0.000000 0.755140 0.000000 0.655563 1.000000 1.000000 1.000000
3798.495605 0.000000 4292.969727 0.000000 0.781225 0.000000 -0.624249 1.000000 1.000000 1.000000
3807.656250 0.000000 4303.171387 0.000000 0.538612 0.000000 0.842554 1.000000 1.000000 1.000000
3783.583252 0.000000 4279.749512 0.000000 0.609430 0.000000 0.792840 1.000000 1.000000 1.000000
3833.877930 0.000000 4297.049805 0.000000 0.962252 0.000000 -0.272160 1.000000 1.000000 1.000000
3826.893799 0.000000 4286.194824 0.000000 0.999810 0.000000 -0.019469 1.000000 1.000000 1.000000
3787.566162 0.000000 4292.412109 0.000000 0.835040 0.000000 -0.550189 1.000000 1.000000 1.000000
3825.484131 0.000000 4292.411133 0.000000 0.298697 0.000000 -0.954348 1.000000 1.000000 1.000000
3826.599609 0.000000 4288.431152 0.000000 0.500408 0.000000 0.865790 1.000000 1.000000 1.000000
3822.826172 0.000000 4296.263184 0.000000 0.976144 0.000000 -0.217125 1.000000 1.000000 1.000000
3778.665039 0.000000 4308.613770 0.000000 0.998003 0.000000 0.063161 1.000000 1.000000 1.000000
3825.218506 0.000000 4298.954102 0.000000 0.998863 0.000000 0.047682 1.000000 1.000000 1.000000
3780.953613 0.000000 4283.294434 0.000000 0.934687 0.000000 -0.355472 1.000000 1.000000 1.000000
3782.109375 0.000000 4280.281250 0.000000 0.553729 0.000000 -0.832697 1.000000 1.000000 1.000000
3781.893066 0.000000 4295.481445 0.000000 0.359604 0.000000 0.933105 1.000000 1.000000 1.000000
3803.015625 0.000000 4277.968262 0.000000 0.789030 0.000000 -0.614354 1.000000 1.000000 1.000000
"}
