object={
	name="tree_cedar_generator_1_0"
	clamp_to_water_level=no
	render_under_water=no
	generated_content=yes
	layer="tree_high_layer"
	pdxmesh="tree_cedar_01_mesh"
	count=114
	transform="3633.476807 0.000000 1969.138550 0.000000 0.543364 0.000000 0.839497 1.000000 1.000000 1.000000
3624.974854 0.000000 1960.861206 0.000000 0.827618 0.000000 -0.561292 1.000000 1.000000 1.000000
3615.857422 0.000000 1941.367920 0.000000 0.995103 0.000000 0.098845 1.000000 1.000000 1.000000
3634.518066 0.000000 1971.287109 0.000000 0.963899 0.000000 0.266267 1.000000 1.000000 1.000000
3734.801514 0.000000 2076.344482 0.000000 0.922611 0.000000 -0.385732 1.000000 1.000000 1.000000
3751.726074 0.000000 2076.790527 0.000000 0.652255 0.000000 -0.757999 1.000000 1.000000 1.000000
3903.267090 0.000000 2020.861694 0.000000 0.974568 0.000000 -0.224094 1.000000 1.000000 1.000000
3900.213867 0.000000 2022.626953 0.000000 0.888986 0.000000 -0.457935 1.000000 1.000000 1.000000
3906.850586 0.000000 2029.926758 0.000000 0.941959 0.000000 -0.335729 1.000000 1.000000 1.000000
3911.567627 0.000000 2036.148193 0.000000 0.900747 0.000000 0.434345 1.000000 1.000000 1.000000
3574.089111 0.000000 2195.591309 0.000000 0.551726 0.000000 0.834026 1.000000 1.000000 1.000000
3577.346191 0.000000 2177.456299 0.000000 0.470021 0.000000 -0.882655 1.000000 1.000000 1.000000
3565.626221 0.000000 2194.670410 0.000000 0.828030 0.000000 -0.560683 1.000000 1.000000 1.000000
3578.418945 0.000000 2199.061523 0.000000 0.998965 0.000000 -0.045486 1.000000 1.000000 1.000000
3583.455811 0.000000 2176.121338 0.000000 0.090404 0.000000 -0.995905 1.000000 1.000000 1.000000
3516.751221 0.000000 2239.808105 0.000000 0.824066 0.000000 -0.566493 1.000000 1.000000 1.000000
3511.474365 0.000000 2237.398926 0.000000 0.500397 0.000000 -0.865796 1.000000 1.000000 1.000000
3517.085205 0.000000 2238.244629 0.000000 0.355277 0.000000 0.934761 1.000000 1.000000 1.000000
3564.985840 0.000000 2199.673340 0.000000 0.519156 0.000000 -0.854680 1.000000 1.000000 1.000000
3582.520508 0.000000 2215.342285 0.000000 0.947716 0.000000 0.319115 1.000000 1.000000 1.000000
3574.574463 0.000000 2212.162109 0.000000 0.117603 0.000000 -0.993061 1.000000 1.000000 1.000000
3575.416504 0.000000 2215.107422 0.000000 0.898447 0.000000 0.439082 1.000000 1.000000 1.000000
3565.306152 0.000000 2201.079834 0.000000 0.325719 0.000000 -0.945467 1.000000 1.000000 1.000000
3580.663086 0.000000 2208.470215 0.000000 0.668952 0.000000 -0.743306 1.000000 1.000000 1.000000
3538.378174 0.000000 2260.167969 0.000000 0.965211 0.000000 0.261472 1.000000 1.000000 1.000000
3539.844482 0.000000 2269.638916 0.000000 0.789403 0.000000 0.613876 1.000000 1.000000 1.000000
3536.197998 0.000000 2261.600342 0.000000 0.567183 0.000000 -0.823592 1.000000 1.000000 1.000000
3535.772461 0.000000 2251.908936 0.000000 0.601034 0.000000 0.799223 1.000000 1.000000 1.000000
3535.043457 0.000000 2248.152344 0.000000 0.518511 0.000000 -0.855071 1.000000 1.000000 1.000000
3526.812256 0.000000 2322.349609 0.000000 0.421259 0.000000 -0.906940 1.000000 1.000000 1.000000
3521.697510 0.000000 2299.032227 0.000000 0.705677 0.000000 -0.708534 1.000000 1.000000 1.000000
3582.408447 0.000000 2369.398438 0.000000 0.978308 0.000000 -0.207157 1.000000 1.000000 1.000000
3578.418945 0.000000 2375.030273 0.000000 0.216046 0.000000 0.976383 1.000000 1.000000 1.000000
3582.741211 0.000000 2367.257080 0.000000 0.998503 0.000000 0.054703 1.000000 1.000000 1.000000
3581.077393 0.000000 2370.221191 0.000000 0.961394 0.000000 -0.275175 1.000000 1.000000 1.000000
3579.891602 0.000000 2378.995850 0.000000 0.521376 0.000000 -0.853327 1.000000 1.000000 1.000000
3576.186279 0.000000 2375.691162 0.000000 0.647786 0.000000 -0.761823 1.000000 1.000000 1.000000
3602.531982 0.000000 2155.329346 0.000000 0.025705 0.000000 -0.999670 1.000000 1.000000 1.000000
3696.007812 0.000000 2138.370117 0.000000 0.787365 0.000000 -0.616487 1.000000 1.000000 1.000000
3697.468994 0.000000 2145.107178 0.000000 0.443162 0.000000 0.896442 1.000000 1.000000 1.000000
3710.268066 0.000000 2121.418457 0.000000 0.873988 0.000000 -0.485947 1.000000 1.000000 1.000000
3699.200928 0.000000 2138.129395 0.000000 0.140780 0.000000 0.990041 1.000000 1.000000 1.000000
3684.673828 0.000000 2153.061523 0.000000 0.894419 0.000000 -0.447230 1.000000 1.000000 1.000000
3695.938477 0.000000 2146.446045 0.000000 0.910218 0.000000 -0.414130 1.000000 1.000000 1.000000
3687.644531 0.000000 2150.328369 0.000000 0.987292 0.000000 -0.158918 1.000000 1.000000 1.000000
3583.951172 0.000000 2177.525879 0.000000 0.992282 0.000000 0.124004 1.000000 1.000000 1.000000
3589.453857 0.000000 2170.071289 0.000000 0.827825 0.000000 -0.560986 1.000000 1.000000 1.000000
3591.717529 0.000000 2160.455078 0.000000 0.221457 0.000000 0.975170 1.000000 1.000000 1.000000
3605.557861 0.000000 2158.627930 0.000000 0.214041 0.000000 -0.976825 1.000000 1.000000 1.000000
3602.969238 0.000000 2155.754395 0.000000 0.999739 0.000000 0.022838 1.000000 1.000000 1.000000
3604.088135 0.000000 2157.308838 0.000000 0.120072 0.000000 -0.992765 1.000000 1.000000 1.000000
3588.977051 0.000000 2171.669434 0.000000 0.870988 0.000000 -0.491304 1.000000 1.000000 1.000000
3592.284912 0.000000 2164.834229 0.000000 0.888640 0.000000 -0.458605 1.000000 1.000000 1.000000
3593.901123 0.000000 2164.394287 0.000000 0.183031 0.000000 0.983107 1.000000 1.000000 1.000000
3602.876465 0.000000 2159.763672 0.000000 0.821989 0.000000 -0.569503 1.000000 1.000000 1.000000
3736.484131 0.000000 2115.405762 0.000000 0.928960 0.000000 -0.370180 1.000000 1.000000 1.000000
3768.192871 0.000000 2143.194092 0.000000 0.967980 0.000000 0.251028 1.000000 1.000000 1.000000
3761.553467 0.000000 2134.606445 0.000000 0.965042 0.000000 -0.262097 1.000000 1.000000 1.000000
3745.384766 0.000000 2116.407471 0.000000 0.914512 0.000000 -0.404559 1.000000 1.000000 1.000000
3727.744629 0.000000 2114.281006 0.000000 0.833358 0.000000 0.552733 1.000000 1.000000 1.000000
3767.448730 0.000000 2140.759033 0.000000 0.760362 0.000000 0.649500 1.000000 1.000000 1.000000
3759.428955 0.000000 2135.833252 0.000000 0.631778 0.000000 -0.775150 1.000000 1.000000 1.000000
3718.103271 0.000000 2131.106689 0.000000 0.528183 0.000000 -0.849130 1.000000 1.000000 1.000000
3732.072510 0.000000 2113.316650 0.000000 0.781182 0.000000 0.624304 1.000000 1.000000 1.000000
3719.765869 0.000000 2130.311768 0.000000 0.440497 0.000000 0.897754 1.000000 1.000000 1.000000
3713.209961 0.000000 2121.420654 0.000000 0.123470 0.000000 -0.992348 1.000000 1.000000 1.000000
3746.214355 0.000000 2117.773193 0.000000 0.635203 0.000000 0.772346 1.000000 1.000000 1.000000
3724.230957 0.000000 2114.096680 0.000000 0.610931 0.000000 0.791684 1.000000 1.000000 1.000000
3768.887451 0.000000 2140.428223 0.000000 0.563440 0.000000 0.826157 1.000000 1.000000 1.000000
3785.004639 0.000000 2152.717529 0.000000 0.918866 0.000000 -0.394570 1.000000 1.000000 1.000000
3797.202393 0.000000 2129.174561 0.000000 0.223769 0.000000 -0.974642 1.000000 1.000000 1.000000
3789.812256 0.000000 2141.561279 0.000000 0.727842 0.000000 0.685745 1.000000 1.000000 1.000000
3791.292236 0.000000 2134.263672 0.000000 0.983422 0.000000 -0.181334 1.000000 1.000000 1.000000
3780.660400 0.000000 2143.339600 0.000000 0.794250 0.000000 -0.607591 1.000000 1.000000 1.000000
3788.024658 0.000000 2140.794922 0.000000 0.782641 0.000000 -0.622474 1.000000 1.000000 1.000000
3786.870850 0.000000 2152.711182 0.000000 0.780581 0.000000 0.625054 1.000000 1.000000 1.000000
3799.736572 0.000000 2128.667725 0.000000 0.645194 0.000000 0.764019 1.000000 1.000000 1.000000
3781.987549 0.000000 2145.202637 0.000000 0.892969 0.000000 -0.450119 1.000000 1.000000 1.000000
3773.050537 0.000000 2157.466797 0.000000 0.176385 0.000000 0.984321 1.000000 1.000000 1.000000
3778.007080 0.000000 2173.580322 0.000000 0.986015 0.000000 0.166654 1.000000 1.000000 1.000000
3780.562256 0.000000 2173.261963 0.000000 0.000523 0.000000 -1.000000 1.000000 1.000000 1.000000
3583.697021 0.000000 2368.669434 0.000000 0.366734 0.000000 0.930326 1.000000 1.000000 1.000000
3584.668213 0.000000 2366.942627 0.000000 0.996175 0.000000 -0.087378 1.000000 1.000000 1.000000
3602.370361 0.000000 2392.144531 0.000000 0.989978 0.000000 0.141221 1.000000 1.000000 1.000000
3610.357178 0.000000 2407.671875 0.000000 0.951785 0.000000 0.306765 1.000000 1.000000 1.000000
3600.190186 0.000000 2393.576904 0.000000 0.908664 0.000000 -0.417527 1.000000 1.000000 1.000000
3603.032471 0.000000 2399.560059 0.000000 0.240658 0.000000 -0.970610 1.000000 1.000000 1.000000
3611.371338 0.000000 2406.141602 0.000000 0.260875 0.000000 0.965373 1.000000 1.000000 1.000000
3607.760010 0.000000 2392.620850 0.000000 0.793712 0.000000 -0.608294 1.000000 1.000000 1.000000
3603.958740 0.000000 2398.348389 0.000000 0.823102 0.000000 -0.567894 1.000000 1.000000 1.000000
3453.576416 0.000000 2549.300049 0.000000 0.173474 0.000000 -0.984838 1.000000 1.000000 1.000000
3456.475830 0.000000 2515.800293 0.000000 0.710071 0.000000 -0.704130 1.000000 1.000000 1.000000
3359.132080 0.000000 2590.135742 0.000000 0.020831 0.000000 -0.999783 1.000000 1.000000 1.000000
3402.783936 0.000000 2557.034424 0.000000 0.411658 0.000000 0.911339 1.000000 1.000000 1.000000
3365.719238 0.000000 2599.108643 0.000000 0.923283 0.000000 0.384121 1.000000 1.000000 1.000000
3339.593506 0.000000 2613.489990 0.000000 0.984651 0.000000 0.174535 1.000000 1.000000 1.000000
3354.085693 0.000000 2610.099854 0.000000 0.570512 0.000000 -0.821289 1.000000 1.000000 1.000000
3357.309326 0.000000 2597.084229 0.000000 0.958672 0.000000 -0.284515 1.000000 1.000000 1.000000
3354.781982 0.000000 2597.014160 0.000000 0.641890 0.000000 0.766797 1.000000 1.000000 1.000000
3472.179932 0.000000 2557.762939 0.000000 0.625996 0.000000 0.779826 1.000000 1.000000 1.000000
3474.129639 0.000000 2556.809326 0.000000 0.464055 0.000000 0.885807 1.000000 1.000000 1.000000
3416.523193 0.000000 2643.312012 0.000000 0.632143 0.000000 -0.774852 1.000000 1.000000 1.000000
3439.557617 0.000000 2647.994385 0.000000 0.471352 0.000000 -0.881945 1.000000 1.000000 1.000000
3619.688721 0.000000 2470.088379 0.000000 0.775061 0.000000 -0.631886 1.000000 1.000000 1.000000
3623.635986 0.000000 2470.451172 0.000000 0.959575 0.000000 0.281454 1.000000 1.000000 1.000000
3625.436523 0.000000 2471.765381 0.000000 0.398162 0.000000 -0.917315 1.000000 1.000000 1.000000
3652.698486 0.000000 2500.144043 0.000000 0.844881 0.000000 0.534955 1.000000 1.000000 1.000000
3682.305664 0.000000 2498.609863 0.000000 0.990284 0.000000 -0.139063 1.000000 1.000000 1.000000
3682.062988 0.000000 2509.674561 0.000000 0.879009 0.000000 0.476806 1.000000 1.000000 1.000000
3557.278564 0.000000 2887.519531 0.000000 0.981158 0.000000 0.193207 1.000000 1.000000 1.000000
3547.528076 0.000000 2875.083984 0.000000 0.983565 0.000000 0.180556 1.000000 1.000000 1.000000
3540.072998 0.000000 2874.388184 0.000000 0.367989 0.000000 -0.929830 1.000000 1.000000 1.000000
4083.469971 0.000000 3783.433594 0.000000 0.548441 0.000000 0.836189 1.000000 1.000000 1.000000
4086.511963 0.000000 3795.880859 0.000000 0.224478 0.000000 0.974479 1.000000 1.000000 1.000000
"}
object={
	name="tree_cedar_generator_1_1"
	clamp_to_water_level=no
	render_under_water=no
	generated_content=yes
	layer="tree_high_layer"
	pdxmesh="tree_cedar_02_mesh"
	count=28
	transform="3748.612305 0.000000 2080.239502 0.000000 0.816469 0.000000 -0.577389 1.000000 1.000000 1.000000
3576.400635 0.000000 2175.253418 0.000000 0.725653 0.000000 0.688061 1.000000 1.000000 1.000000
3582.025391 0.000000 2176.407959 0.000000 0.111503 0.000000 -0.993764 1.000000 1.000000 1.000000
3571.138672 0.000000 2208.533447 0.000000 0.920267 0.000000 0.391292 1.000000 1.000000 1.000000
3581.094482 0.000000 2214.446777 0.000000 0.996130 0.000000 0.087896 1.000000 1.000000 1.000000
3566.030518 0.000000 2208.026367 0.000000 0.992566 0.000000 -0.121706 1.000000 1.000000 1.000000
3539.553711 0.000000 2261.415527 0.000000 0.906762 0.000000 0.421642 1.000000 1.000000 1.000000
3538.349121 0.000000 2268.988770 0.000000 0.999762 0.000000 0.021830 1.000000 1.000000 1.000000
3521.810303 0.000000 2249.107910 0.000000 0.681057 0.000000 -0.732231 1.000000 1.000000 1.000000
3519.615234 0.000000 2298.838379 0.000000 0.953406 0.000000 0.301690 1.000000 1.000000 1.000000
3528.940186 0.000000 2323.363281 0.000000 0.903887 0.000000 0.427771 1.000000 1.000000 1.000000
3531.370361 0.000000 2335.397217 0.000000 0.509022 0.000000 0.860754 1.000000 1.000000 1.000000
3578.236084 0.000000 2375.632812 0.000000 0.682068 0.000000 -0.731289 1.000000 1.000000 1.000000
3604.528564 0.000000 2152.221924 0.000000 0.753406 0.000000 0.657556 1.000000 1.000000 1.000000
3711.136719 0.000000 2118.335938 0.000000 0.653172 0.000000 -0.757209 1.000000 1.000000 1.000000
3705.300537 0.000000 2124.253662 0.000000 0.947325 0.000000 -0.320275 1.000000 1.000000 1.000000
3724.373535 0.000000 2112.569580 0.000000 0.793939 0.000000 -0.607997 1.000000 1.000000 1.000000
3783.203613 0.000000 2142.554688 0.000000 0.081114 0.000000 0.996705 1.000000 1.000000 1.000000
3371.570312 0.000000 2587.904053 0.000000 0.648159 0.000000 0.761505 1.000000 1.000000 1.000000
3367.072266 0.000000 2599.766113 0.000000 0.857702 0.000000 -0.514147 1.000000 1.000000 1.000000
3419.543701 0.000000 2655.123047 0.000000 0.905968 0.000000 -0.423345 1.000000 1.000000 1.000000
3419.707764 0.000000 2642.928467 0.000000 0.946302 0.000000 -0.323283 1.000000 1.000000 1.000000
3416.513916 0.000000 2655.042969 0.000000 0.648304 0.000000 0.761381 1.000000 1.000000 1.000000
3416.412354 0.000000 2652.839111 0.000000 0.992971 0.000000 0.118358 1.000000 1.000000 1.000000
3615.464111 0.000000 2465.840820 0.000000 0.220356 0.000000 0.975420 1.000000 1.000000 1.000000
3647.676758 0.000000 2494.274902 0.000000 0.919260 0.000000 -0.393650 1.000000 1.000000 1.000000
3679.404541 0.000000 2504.601807 0.000000 0.280691 0.000000 0.959798 1.000000 1.000000 1.000000
4085.469482 0.000000 3783.401367 0.000000 0.871515 0.000000 -0.490368 1.000000 1.000000 1.000000
"}
object={
	name="tree_cedar_generator_1_2"
	clamp_to_water_level=no
	render_under_water=no
	generated_content=yes
	layer="tree_high_layer"
	pdxmesh="tree_cedar_03_mesh"
	count=22
	transform="3613.088379 0.000000 1944.135742 0.000000 0.960128 0.000000 0.279562 1.000000 1.000000 1.000000
3904.421143 0.000000 2031.886108 0.000000 0.878697 0.000000 0.477380 1.000000 1.000000 1.000000
3913.358398 0.000000 2034.121948 0.000000 0.400531 0.000000 0.916283 1.000000 1.000000 1.000000
3577.015381 0.000000 2194.292725 0.000000 0.102184 0.000000 -0.994766 1.000000 1.000000 1.000000
3580.442139 0.000000 2209.682373 0.000000 0.952781 0.000000 -0.303659 1.000000 1.000000 1.000000
3577.982666 0.000000 2215.661865 0.000000 0.665598 0.000000 -0.746310 1.000000 1.000000 1.000000
3545.821289 0.000000 2338.502930 0.000000 0.584161 0.000000 0.811638 1.000000 1.000000 1.000000
3592.754395 0.000000 2163.282715 0.000000 0.296867 0.000000 -0.954919 1.000000 1.000000 1.000000
3603.801514 0.000000 2158.810059 0.000000 0.720734 0.000000 -0.693212 1.000000 1.000000 1.000000
3739.668701 0.000000 2115.022217 0.000000 0.959296 0.000000 0.282403 1.000000 1.000000 1.000000
3741.528564 0.000000 2114.464111 0.000000 0.582224 0.000000 0.813029 1.000000 1.000000 1.000000
3732.694580 0.000000 2112.008301 0.000000 0.232925 0.000000 0.972495 1.000000 1.000000 1.000000
3768.505615 0.000000 2141.812256 0.000000 0.847865 0.000000 -0.530212 1.000000 1.000000 1.000000
3767.897949 0.000000 2168.985596 0.000000 0.911157 0.000000 -0.412059 1.000000 1.000000 1.000000
3599.447998 0.000000 2364.507568 0.000000 0.864899 0.000000 -0.501945 1.000000 1.000000 1.000000
3359.710938 0.000000 2587.476074 0.000000 0.297699 0.000000 -0.954660 1.000000 1.000000 1.000000
3336.158936 0.000000 2610.549561 0.000000 0.994692 0.000000 -0.102896 1.000000 1.000000 1.000000
3355.914062 0.000000 2609.925781 0.000000 0.369354 0.000000 -0.929289 1.000000 1.000000 1.000000
3422.662354 0.000000 2628.901367 0.000000 0.999984 0.000000 -0.005628 1.000000 1.000000 1.000000
3445.723145 0.000000 2633.149902 0.000000 0.999422 0.000000 -0.033992 1.000000 1.000000 1.000000
3414.840576 0.000000 2648.242920 0.000000 0.803270 0.000000 -0.595616 1.000000 1.000000 1.000000
3558.833496 0.000000 2889.916016 0.000000 0.395297 0.000000 -0.918553 1.000000 1.000000 1.000000
"}
object={
	name="tree_cedar_generator_1_3"
	clamp_to_water_level=no
	render_under_water=no
	generated_content=yes
	layer="tree_high_layer"
	pdxmesh="tree_cedar_04_mesh"
	count=6
	transform="3901.440918 0.000000 2023.961548 0.000000 0.614542 0.000000 0.788884 1.000000 1.000000 1.000000
3704.731201 0.000000 2126.387207 0.000000 0.985678 0.000000 0.168639 1.000000 1.000000 1.000000
3370.535156 0.000000 2588.976807 0.000000 0.192148 0.000000 -0.981366 1.000000 1.000000 1.000000
3337.400146 0.000000 2612.700439 0.000000 0.860915 0.000000 -0.508748 1.000000 1.000000 1.000000
3680.384766 0.000000 2507.644043 0.000000 0.843792 0.000000 -0.536671 1.000000 1.000000 1.000000
4083.437500 0.000000 3783.227783 0.000000 0.134484 0.000000 0.990916 1.000000 1.000000 1.000000
"}
