object={
	name="animal_brown_bear"
	clamp_to_water_level=yes
	render_under_water=yes
	generated_content=no
	layer="temp_layer"
	entity="brown_bear_entity"
	count=2
	transform="3549.761963 0.000000 4207.192627 0.000000 0.523379 0.000000 0.852100 0.500000 0.500000 0.500000
3684.967529 0.000000 4255.582520 0.000000 -0.335842 0.000000 0.941918 0.500000 0.500000 0.500000
"}
object={
	name="animal_seagulls"
	clamp_to_water_level=yes
	render_under_water=no
	generated_content=no
	layer="temp_layer"
	entity="seagull_port_entity"
	count=7
	transform="3614.097656 0.000000 3593.768066 0.000000 0.000000 0.000000 1.000000 1.000000 1.000000 1.000000
4034.985596 0.000000 3577.607910 0.000000 0.000000 0.000000 1.000000 1.000000 1.000000 1.000000
4106.630859 0.000000 3734.948242 0.000000 0.000000 0.000000 1.000000 1.000000 1.000000 1.000000 
2729.621826 0.000000 4510.679199 0.000000 0.000000 0.000000 1.000000 1.000000 1.000000 1.000000 
3537.522217 0.000000 2294.774597 0.000000 0.000000 0.000000 1.000000 1.000000 1.000000 1.000000 
3391.962158 0.000000 3067.026733 0.000000 0.000000 0.000000 1.000000 1.000000 1.000000 1.000000 
3769.256104 0.000000 2985.828369 0.000000 0.000000 0.000000 1.000000 1.000000 1.000000 1.000000 
"}
object={
	name="animal_whale"
	clamp_to_water_level=yes
	render_under_water=yes
	generated_content=no
	layer="temp_layer"
	entity="whale_entity"
	count=4
	transform="3439.281738 0.000000 3097.470703 0.000000 0.000000 0.000000 1.000000 1.000000 1.000000 1.000000
2768.146484 0.000000 5138.524414 0.000000 0.000000 0.000000 1.000000 1.000000 1.000000 1.000000
2999.217529 0.000000 5153.272705 0.000000 0.000000 0.000000 1.000000 1.000000 1.000000 1.000000 
3525.546387 0.000000 2452.922363 0.000000 0.000000 0.000000 1.000000 1.000000 1.000000 1.000000 
"}
