object={
	name="horse_a_galloping"
	render_pass=Map
	clamp_to_water_level=no
	generated_content=no
	layer="animal_layer"
	entity="unit_horse_01_a_galloping_entity"
	count=0
}
object={
	name="horse_a_grazing"
	render_pass=Map
	clamp_to_water_level=no
	generated_content=no
	layer="animal_layer"
	entity="unit_horse_01_a_eating_grass_entity"
	count=2
	transform="6504.470703 0.000000 3007.922607 0.000000 -0.494459 0.000000 0.869201 0.313242 0.313242 0.313242
6465.871582 0.000000 2938.859863 0.000000 0.487013 0.000000 0.873394 0.357861 0.357861 0.357861
"}
object={
	name="horse_b_galloping"
	render_pass=Map
	clamp_to_water_level=no
	generated_content=no
	layer="animal_layer"
	entity="unit_horse_01_b_galloping_entity"
	count=0
}
object={
	name="horse_b_grazing"
	render_pass=Map
	clamp_to_water_level=no
	generated_content=no
	layer="animal_layer"
	entity="unit_horse_01_b_eating_grass_entity"
	count=2
	transform="5969.665039 0.000000 3001.995850 0.000000 -0.408971 0.000000 0.912548 0.538818 0.538818 0.538818
6065.134277 0.000000 3002.739990 0.000000 0.000000 0.000000 1.000000 0.538818 0.538818 0.538818
"}
object={
	name="horse_c_galloping"
	render_pass=Map
	clamp_to_water_level=no
	generated_content=no
	layer="animal_layer"
	entity="unit_horse_01_c_galloping_entity"
	count=1
	transform="6542.485352 0.000000 2956.518066 0.000000 0.000000 0.000000 1.000000 0.334536 0.334536 0.334536
"}
object={
	name="horse_c_grazing"
	render_pass=Map
	clamp_to_water_level=no
	generated_content=no
	layer="animal_layer"
	entity="unit_horse_01_c_eating_grass_entity"
	count=2
	transform="6152.211914 0.000000 2937.232178 0.000000 -0.703994 0.000000 0.710206 0.266556 0.266556 0.266556
6153.629395 0.000000 2938.626709 0.000000 0.000000 0.000000 1.000000 0.287305 0.287305 0.287305
"}
object={
	name="horse_d_galloping"
	render_pass=Map
	clamp_to_water_level=no
	generated_content=no
	layer="animal_layer"
	entity="unit_horse_01_d_galloping_entity"
	count=1
	transform="6192.245117 0.000000 2921.824951 0.000000 0.000000 0.000000 1.000000 0.519702 0.519702 0.519702
"}
object={
	name="horse_d_grazing"
	render_pass=Map
	clamp_to_water_level=no
	generated_content=no
	layer="animal_layer"
	entity="unit_horse_01_d_eating_grass_entity"
	count=2
	transform="6063.722168 0.000000 3003.504395 0.000000 0.245925 0.000000 0.969289 0.539241 0.539241 0.539241
6152.912598 0.000000 2938.110352 0.000000 -0.493769 0.000000 0.869593 0.539241 0.539241 0.539241
"}
object={
	name="mumakil"
	render_pass=Map
	clamp_to_water_level=no
	generated_content=no
	layer="animal_layer"
	entity="elephant_entity"
	count=72
	transform="5431.132812 0.000000 980.699951 0.000000 0.887086 0.000000 -0.461603 0.259609 0.259609 0.259609
5382.434570 0.000000 1080.796265 0.000000 0.507032 0.000000 0.861927 0.359139 0.359139 0.359139
5367.650391 0.000000 1094.099609 0.000000 -0.424892 0.000000 0.905244 0.359139 0.359139 0.359139
5505.670898 0.000000 1003.324951 0.000000 0.130244 0.000000 0.991482 0.246688 0.246688 0.246688
5437.617676 0.000000 1007.195312 0.000000 0.130244 0.000000 0.991482 0.183305 0.183305 0.183305
5424.612305 0.000000 1014.352051 0.000000 0.130244 0.000000 0.991482 0.183305 0.183305 0.183305
5317.170410 0.000000 1028.837646 0.000000 0.130244 0.000000 0.991482 0.183305 0.183305 0.183305
4988.059570 0.000000 1039.967896 0.000000 0.600726 0.000000 0.799455 0.265133 0.265133 0.265133
4550.556641 0.000000 1275.978760 0.000000 -0.199819 0.000000 -0.979833 0.198672 0.198672 0.198672
4450.822754 0.000000 1219.441162 0.000000 0.515895 0.000000 -0.856652 0.224164 0.224164 0.224164
4625.437012 0.000000 1406.747803 0.000000 0.584200 0.000000 0.811610 0.154885 0.154885 0.154885
4622.778809 0.000000 1406.546143 0.000000 0.992491 0.000000 0.122316 0.224164 0.224164 0.224164
4510.475586 0.000000 1209.575195 0.000000 0.500758 0.000000 -0.865587 0.224164 0.224164 0.224164
4563.912598 0.000000 1262.170776 0.000000 -0.417365 0.000000 -0.908739 0.224164 0.224164 0.224164
4537.540527 0.000000 1268.029663 0.000000 0.874019 0.000000 -0.485891 0.224164 0.224164 0.224164
4656.976562 0.000000 1238.966919 0.000000 -0.552829 0.000000 -0.833294 0.224164 0.224164 0.224164
4545.111816 0.000000 1278.481567 0.000000 0.540459 0.000000 -0.841370 0.247214 0.247214 0.247214
4662.551758 0.000000 1267.153687 0.000000 0.655683 0.000000 -0.755036 0.247214 0.247214 0.247214
4770.928711 0.000000 1318.403076 0.000000 -0.559474 0.000000 -0.828848 0.247214 0.247214 0.247214
4760.756836 0.000000 1326.458984 0.000000 0.614492 0.000000 -0.788923 0.247214 0.247214 0.247214
4770.193848 0.000000 1340.173584 0.000000 0.295274 0.000000 -0.955413 0.247214 0.247214 0.247214
4945.276367 0.000000 1216.229736 0.000000 0.800410 0.000000 0.599453 0.247214 0.247214 0.247214
4915.262207 0.000000 1130.478271 0.000000 0.906203 0.000000 0.422843 0.247214 0.247214 0.247214
4913.395020 0.000000 1138.511475 0.000000 -0.389834 0.000000 0.920885 0.247214 0.247214 0.247214
4817.277344 0.000000 930.859009 0.000000 -0.389834 0.000000 0.920885 0.247214 0.247214 0.247214
4900.122559 0.000000 920.481079 0.000000 0.655407 0.000000 0.755276 0.247214 0.247214 0.247214
4922.939941 0.000000 972.149719 0.000000 0.655407 0.000000 0.755276 0.247214 0.247214 0.247214
4919.450195 0.000000 977.712830 0.000000 -0.561647 0.000000 0.827377 0.265133 0.265133 0.265133
4997.673828 0.000000 1039.133179 0.000000 0.455253 0.000000 0.890362 0.265133 0.265133 0.265133
5003.982422 0.000000 1045.360962 0.000000 0.181244 0.000000 0.983438 0.265133 0.265133 0.265133
5110.428711 0.000000 1091.958496 0.000000 0.181244 0.000000 0.983438 0.265133 0.265133 0.265133
5161.172363 0.000000 1095.279785 0.000000 0.812819 0.000000 0.582517 0.260828 0.260828 0.260828
5163.854980 0.000000 1100.772705 0.000000 0.244979 0.000000 0.969529 0.296581 0.296581 0.296581
5239.623535 0.000000 1062.799438 0.000000 0.244979 0.000000 0.969529 0.296581 0.296581 0.296581
5198.904785 0.000000 1005.973083 0.000000 -0.125159 0.000000 0.992137 0.296581 0.296581 0.296581
5216.718262 0.000000 968.741394 0.000000 0.789075 0.000000 0.614297 0.296581 0.296581 0.296581
5312.566895 0.000000 1021.105347 0.000000 0.789075 0.000000 0.614297 0.359139 0.359139 0.359139
5313.715820 0.000000 1034.469727 0.000000 0.475564 0.000000 0.879681 0.359139 0.359139 0.359139
5680.850098 0.000000 949.829529 0.000000 0.316079 0.000000 0.948733 0.183352 0.183352 0.183352
5685.173828 0.000000 912.819092 0.000000 0.316079 0.000000 0.948733 0.219856 0.219856 0.219856
5783.164551 0.000000 870.773804 0.000000 0.996983 0.000000 0.077615 0.194197 0.194197 0.194197
5777.948242 0.000000 876.328430 0.000000 -0.562959 0.000000 0.826485 0.238823 0.238823 0.238823
5619.090820 0.000000 854.846985 0.000000 -0.562959 0.000000 0.826485 0.238823 0.238823 0.238823
5678.523926 0.000000 910.048828 0.000000 -0.777196 0.000000 0.629258 0.238823 0.238823 0.238823
5675.630859 0.000000 912.561462 0.000000 -0.777196 0.000000 0.629258 0.219856 0.219856 0.219856
5668.122070 0.000000 932.490051 0.000000 0.308716 0.000000 0.951154 0.326806 0.326806 0.326806
5676.555176 0.000000 948.082947 0.000000 -0.651480 0.000000 0.758666 0.291097 0.291097 0.291097
5576.849609 0.000000 973.376648 0.000000 -0.651480 0.000000 0.758666 0.291097 0.291097 0.291097
5569.751465 0.000000 976.050903 0.000000 -0.815653 0.000000 0.578541 0.291097 0.291097 0.291097
5441.369141 0.000000 1036.749512 0.000000 0.304998 0.000000 0.952353 0.339358 0.339358 0.339358
5254.801758 0.000000 1407.661011 0.000000 -0.461746 0.000000 0.887012 0.258379 0.258379 0.258379
5197.774902 0.000000 1354.684570 0.000000 -0.461746 0.000000 0.887012 0.258379 0.258379 0.258379
5399.667480 0.000000 1179.859863 0.000000 0.482438 0.000000 0.875930 0.258379 0.258379 0.258379
5402.410156 0.000000 1185.407715 0.000000 0.482438 0.000000 0.875930 0.322550 0.322550 0.322550
5295.819336 0.000000 1347.303467 0.000000 0.482438 0.000000 0.875930 0.322550 0.322550 0.322550
5329.064941 0.000000 1279.439209 0.000000 -0.679882 0.000000 0.733321 0.322550 0.322550 0.322550
5916.381348 0.000000 1216.625610 0.000000 -0.434616 0.000000 -0.900616 0.294721 0.294721 0.294721
5808.022949 0.000000 1323.089844 0.000000 -0.434616 0.000000 -0.900616 0.294721 0.294721 0.294721
5726.976074 0.000000 1372.883545 0.000000 0.560311 0.000000 -0.828282 0.294721 0.294721 0.294721
5714.249023 0.000000 1248.973633 0.000000 0.560311 0.000000 -0.828282 0.294721 0.294721 0.294721
5740.503418 0.000000 1203.503662 0.000000 0.834487 0.000000 0.551028 0.317026 0.317026 0.317026
5743.995605 0.000000 1238.394043 0.000000 -0.096086 0.000000 0.995373 0.359139 0.359139 0.359139
5561.427734 0.000000 1378.329102 0.000000 0.473807 0.000000 0.880628 0.359139 0.359139 0.359139
5563.557129 0.000000 1394.556030 0.000000 0.298381 0.000000 0.954447 0.359139 0.359139 0.359139
5397.790039 0.000000 1392.158936 0.000000 0.298381 0.000000 0.954447 0.359139 0.359139 0.359139
5454.153320 0.000000 1316.295776 0.000000 -0.472163 0.000000 0.881511 0.359139 0.359139 0.359139
5318.815430 0.000000 1281.872925 0.000000 -0.750244 0.000000 0.661160 0.359139 0.359139 0.359139
5467.979980 0.000000 1157.446289 0.000000 0.674776 0.000000 0.738022 0.359139 0.359139 0.359139
5481.118652 0.000000 1073.066772 0.000000 0.304998 0.000000 0.952353 0.359139 0.359139 0.359139
5492.045898 0.000000 991.767944 0.000000 0.765544 0.000000 0.643383 0.359139 0.359139 0.359139
5422.882812 0.000000 1017.884949 0.000000 0.765544 0.000000 0.643383 0.327969 0.327969 0.327969
5450.476074 0.000000 986.197937 0.000000 0.765544 0.000000 0.643383 0.286588 0.286588 0.286588
"}
object={
	name="sheep_type_1"
	render_pass=Map
	clamp_to_water_level=no
	generated_content=no
	layer="animal_layer"
	entity="map_mpo_sheep_male_01_entity"
	count=0
}
object={
	name="sheep_type_2"
	render_pass=Map
	clamp_to_water_level=no
	generated_content=no
	layer="animal_layer"
	entity="map_mpo_sheep_male_02_entity"
	count=0
}
object={
	name="sheep_type_3"
	render_pass=Map
	clamp_to_water_level=no
	generated_content=no
	layer="animal_layer"
	entity="map_mpo_sheep_female_01_entity"
	count=0
}
object={
	name="sheep_type_4"
	render_pass=Map
	clamp_to_water_level=no
	generated_content=no
	layer="animal_layer"
	entity="map_mpo_sheep_female_02_entity"
	count=0
}
