object={
	name="amb_3D_desert_emitter"
	clamp_to_water_level=no
	render_under_water=no
	generated_content=no
	layer="building_layer"
	entity="map_ambient_3D_desert"
	count=39
	transform="3952.280518 0.000000 1428.983032 0.000000 0.000000 0.000000 1.000000 1.000000 1.000000 1.000000
4187.191895 0.000000 1477.006836 0.000000 0.000000 0.000000 1.000000 1.000000 1.000000 1.000000
4425.977051 0.000000 1528.867676 0.000000 0.000000 0.000000 1.000000 1.000000 1.000000 1.000000
4494.983398 0.000000 1713.523193 0.000000 0.000000 0.000000 1.000000 1.000000 1.000000 1.000000
4753.049805 0.000000 1738.501709 0.000000 0.000000 0.000000 1.000000 1.000000 1.000000 1.000000
4973.767578 0.000000 1826.827393 0.000000 0.000000 0.000000 1.000000 1.000000 1.000000 1.000000
5123.074707 0.000000 2021.492188 0.000000 0.000000 0.000000 1.000000 1.000000 1.000000 1.000000
5039.970215 0.000000 2218.685791 0.000000 0.000000 0.000000 1.000000 1.000000 1.000000 1.000000
4743.152344 0.000000 2250.712158 0.000000 0.000000 0.000000 1.000000 1.000000 1.000000 1.000000
3933.121094 0.000000 1470.882690 0.000000 0.000000 0.000000 1.000000 1.000000 1.000000 1.000000
3907.649170 0.000000 1306.776855 0.000000 0.000000 0.000000 1.000000 1.000000 1.000000 1.000000
4032.933838 0.000000 1513.919189 0.000000 0.000000 0.000000 1.000000 1.000000 1.000000 1.000000
4126.226562 0.000000 1549.122925 0.000000 0.000000 0.000000 1.000000 1.000000 1.000000 1.000000
4239.138672 0.000000 1534.544678 0.000000 0.000000 0.000000 1.000000 1.000000 1.000000 1.000000
4365.587402 0.000000 1574.526855 0.000000 0.000000 0.000000 1.000000 1.000000 1.000000 1.000000
4431.095215 0.000000 1494.951050 0.000000 0.000000 0.000000 1.000000 1.000000 1.000000 1.000000
4448.579102 0.000000 1609.531128 0.000000 0.000000 0.000000 1.000000 1.000000 1.000000 1.000000
4525.339355 0.000000 1580.354004 0.000000 0.000000 0.000000 1.000000 1.000000 1.000000 1.000000
4510.005371 0.000000 1459.699097 0.000000 0.000000 0.000000 1.000000 1.000000 1.000000 1.000000
4592.713867 0.000000 1556.221191 0.000000 0.000000 0.000000 1.000000 1.000000 1.000000 1.000000
4604.458984 0.000000 1460.175903 0.000000 0.000000 0.000000 1.000000 1.000000 1.000000 1.000000
4666.956055 0.000000 1560.498169 0.000000 0.000000 0.000000 1.000000 1.000000 1.000000 1.000000
4653.192383 0.000000 1630.682251 0.000000 0.000000 0.000000 1.000000 1.000000 1.000000 1.000000
4638.784668 0.000000 1695.624390 0.000000 0.000000 0.000000 1.000000 1.000000 1.000000 1.000000
4562.092773 0.000000 1664.274658 0.000000 0.000000 0.000000 1.000000 1.000000 1.000000 1.000000
4496.333984 0.000000 1655.689331 0.000000 0.000000 0.000000 1.000000 1.000000 1.000000 1.000000
4426.113281 0.000000 1667.602661 0.000000 0.000000 0.000000 1.000000 1.000000 1.000000 1.000000
4352.539062 0.000000 1685.391357 0.000000 0.000000 0.000000 1.000000 1.000000 1.000000 1.000000
4392.541504 0.000000 1754.109253 0.000000 0.000000 0.000000 1.000000 1.000000 1.000000 1.000000
4477.856934 0.000000 1767.836914 0.000000 0.000000 0.000000 1.000000 1.000000 1.000000 1.000000
4546.665527 0.000000 1776.997437 0.000000 0.000000 0.000000 1.000000 1.000000 1.000000 1.000000
4630.973145 0.000000 1772.011963 0.000000 0.000000 0.000000 1.000000 1.000000 1.000000 1.000000
4715.582520 0.000000 1780.334351 0.000000 0.000000 0.000000 1.000000 1.000000 1.000000 1.000000
4782.906738 0.000000 1818.623535 0.000000 0.000000 0.000000 1.000000 1.000000 1.000000 1.000000
4739.649414 0.000000 2282.319336 0.000000 0.000000 0.000000 1.000000 1.000000 1.000000 1.000000
4729.215820 0.000000 2175.860352 0.000000 0.000000 0.000000 1.000000 1.000000 1.000000 1.000000
4644.426270 0.000000 2208.516602 0.000000 0.000000 0.000000 1.000000 1.000000 1.000000 1.000000
4843.314941 0.000000 2161.029785 0.000000 0.000000 0.000000 1.000000 1.000000 1.000000 1.000000
4875.876465 0.000000 2289.722168 0.000000 0.000000 0.000000 1.000000 1.000000 1.000000 1.000000
"}
object={
	name="amb_3D_field_emitter"
	clamp_to_water_level=no
	render_under_water=no
	generated_content=no
	layer="building_layer"
	entity="map_ambient_3D_field"
	count=0
}
object={
	name="amb_3D_forest_emitter"
	clamp_to_water_level=no
	render_under_water=no
	generated_content=no
	layer="building_layer"
	entity="map_ambient_3D_forest"
	count=18
	transform="3633.788086 0.000000 2575.863770 0.000000 0.000000 0.000000 1.000000 1.000000 1.000000 1.000000
3720.638672 0.000000 2597.394287 0.000000 0.000000 0.000000 1.000000 1.000000 1.000000 1.000000
3893.548584 0.000000 2337.349854 0.000000 0.000000 0.000000 1.000000 1.000000 1.000000 1.000000
4065.445312 0.000000 2717.360596 0.000000 0.000000 0.000000 1.000000 1.000000 1.000000 1.000000
4167.917969 0.000000 2704.432129 0.000000 0.000000 0.000000 1.000000 1.000000 1.000000 1.000000
3801.359375 0.000000 2747.266602 0.000000 0.000000 0.000000 1.000000 1.000000 1.000000 1.000000
3337.278564 0.000000 2602.025635 0.000000 0.000000 0.000000 1.000000 1.000000 1.000000 1.000000
3336.232666 0.000000 2683.159424 0.000000 0.000000 0.000000 1.000000 1.000000 1.000000 1.000000
3658.169678 0.000000 2646.291748 0.000000 0.000000 0.000000 1.000000 1.000000 1.000000 1.000000
3722.909668 0.000000 2534.800537 0.000000 0.000000 0.000000 1.000000 1.000000 1.000000 1.000000
3746.434814 0.000000 2729.969238 0.000000 0.000000 0.000000 1.000000 1.000000 1.000000 1.000000
3805.056396 0.000000 2746.956299 0.000000 0.000000 0.000000 1.000000 1.000000 1.000000 1.000000
3770.284668 0.000000 2783.535889 0.000000 0.000000 0.000000 1.000000 1.000000 1.000000 1.000000
3830.230225 0.000000 2754.452881 0.000000 0.000000 0.000000 1.000000 1.000000 1.000000 1.000000
3845.867188 0.000000 2341.119385 0.000000 0.000000 0.000000 1.000000 1.000000 1.000000 1.000000
3633.406250 0.000000 1485.681030 0.000000 0.000000 0.000000 1.000000 1.000000 1.000000 1.000000
3625.363037 0.000000 1394.401367 0.000000 0.000000 0.000000 1.000000 1.000000 1.000000 1.000000
4475.230957 0.000000 2034.756958 0.000000 0.000000 0.000000 1.000000 1.000000 1.000000 1.000000
"}
object={
	name="amb_3D_mountain_emitter"
	clamp_to_water_level=no
	render_under_water=no
	generated_content=no
	layer="building_layer"
	entity="map_ambient_3D_mountain"
	count=56
	transform="3543.301758 0.000000 2589.171631 0.000000 0.000000 0.000000 1.000000 1.000000 1.000000 1.000000
3598.156982 0.000000 2649.636475 0.000000 0.000000 0.000000 1.000000 1.000000 1.000000 1.000000
3639.837402 0.000000 2725.746826 0.000000 0.000000 0.000000 1.000000 1.000000 1.000000 1.000000
3669.660400 0.000000 2790.556641 0.000000 0.000000 0.000000 1.000000 1.000000 1.000000 1.000000
3734.270752 0.000000 2847.901855 0.000000 0.000000 0.000000 1.000000 1.000000 1.000000 1.000000
3764.645264 0.000000 2915.866943 0.000000 0.000000 0.000000 1.000000 1.000000 1.000000 1.000000
3808.853271 0.000000 2989.021484 0.000000 0.000000 0.000000 1.000000 1.000000 1.000000 1.000000
3844.053955 0.000000 3053.453613 0.000000 0.000000 0.000000 1.000000 1.000000 1.000000 1.000000
3810.825684 0.000000 3123.639893 0.000000 0.000000 0.000000 1.000000 1.000000 1.000000 1.000000
3756.572998 0.000000 3210.354004 0.000000 0.000000 0.000000 1.000000 1.000000 1.000000 1.000000
3683.715332 0.000000 3265.742676 0.000000 0.000000 0.000000 1.000000 1.000000 1.000000 1.000000
3567.381348 0.000000 3268.032227 0.000000 0.000000 0.000000 1.000000 1.000000 1.000000 1.000000
3700.248047 0.000000 3345.016357 0.000000 0.000000 0.000000 1.000000 1.000000 1.000000 1.000000
3564.007080 0.000000 3414.406738 0.000000 0.000000 0.000000 1.000000 1.000000 1.000000 1.000000
3819.898438 0.000000 3343.646484 0.000000 0.000000 0.000000 1.000000 1.000000 1.000000 1.000000
3979.368652 0.000000 3353.567383 0.000000 0.000000 0.000000 1.000000 1.000000 1.000000 1.000000
4147.986328 0.000000 3372.207520 0.000000 0.000000 0.000000 1.000000 1.000000 1.000000 1.000000
4332.159668 0.000000 3406.351562 0.000000 0.000000 0.000000 1.000000 1.000000 1.000000 1.000000
4302.166504 0.000000 3346.234863 0.000000 0.000000 0.000000 1.000000 1.000000 1.000000 1.000000
4424.123047 0.000000 3406.828857 0.000000 0.000000 0.000000 1.000000 1.000000 1.000000 1.000000
3524.767822 0.000000 2411.975830 0.000000 0.000000 0.000000 1.000000 1.000000 1.000000 1.000000
3469.842529 0.000000 2321.791260 0.000000 0.000000 0.000000 1.000000 1.000000 1.000000 1.000000
3280.806885 0.000000 2318.260742 0.000000 0.000000 0.000000 1.000000 1.000000 1.000000 1.000000
3193.715088 0.000000 2259.685791 0.000000 0.000000 0.000000 1.000000 1.000000 1.000000 1.000000
3093.352539 0.000000 2059.348633 0.000000 0.000000 0.000000 1.000000 1.000000 1.000000 1.000000
3017.780273 0.000000 1953.695435 0.000000 0.000000 0.000000 1.000000 1.000000 1.000000 1.000000
3596.192871 0.000000 2352.700439 0.000000 0.000000 0.000000 1.000000 1.000000 1.000000 1.000000
3678.045898 0.000000 2358.866455 0.000000 0.000000 0.000000 1.000000 1.000000 1.000000 1.000000
3796.644043 0.000000 2308.450684 0.000000 0.000000 0.000000 1.000000 1.000000 1.000000 1.000000
3687.462646 0.000000 2225.604980 0.000000 0.000000 0.000000 1.000000 1.000000 1.000000 1.000000
3891.648193 0.000000 2280.421875 0.000000 0.000000 0.000000 1.000000 1.000000 1.000000 1.000000
3985.496582 0.000000 2257.728760 0.000000 0.000000 0.000000 1.000000 1.000000 1.000000 1.000000
4072.497559 0.000000 2217.263184 0.000000 0.000000 0.000000 1.000000 1.000000 1.000000 1.000000
3707.712158 0.000000 2054.924561 0.000000 0.000000 0.000000 1.000000 1.000000 1.000000 1.000000
4209.179199 0.000000 2292.299072 0.000000 0.000000 0.000000 1.000000 1.000000 1.000000 1.000000
4223.501953 0.000000 2165.449707 0.000000 0.000000 0.000000 1.000000 1.000000 1.000000 1.000000
4241.033691 0.000000 2024.045166 0.000000 0.000000 0.000000 1.000000 1.000000 1.000000 1.000000
4266.412109 0.000000 1868.693115 0.000000 0.000000 0.000000 1.000000 1.000000 1.000000 1.000000
4415.820801 0.000000 1873.661377 0.000000 0.000000 0.000000 1.000000 1.000000 1.000000 1.000000
4557.820801 0.000000 1893.181641 0.000000 0.000000 0.000000 1.000000 1.000000 1.000000 1.000000
4712.778809 0.000000 1899.592041 0.000000 0.000000 0.000000 1.000000 1.000000 1.000000 1.000000
4816.895996 0.000000 1988.637817 0.000000 0.000000 0.000000 1.000000 1.000000 1.000000 1.000000
4900.247559 0.000000 2076.737305 0.000000 0.000000 0.000000 1.000000 1.000000 1.000000 1.000000
4770.899414 0.000000 2359.819336 0.000000 0.000000 0.000000 1.000000 1.000000 1.000000 1.000000
4639.470703 0.000000 2297.911621 0.000000 0.000000 0.000000 1.000000 1.000000 1.000000 1.000000
4483.003418 0.000000 2216.932373 0.000000 0.000000 0.000000 1.000000 1.000000 1.000000 1.000000
4526.812012 0.000000 2339.182617 0.000000 0.000000 0.000000 1.000000 1.000000 1.000000 1.000000
4340.768555 0.000000 2346.051025 0.000000 0.000000 0.000000 1.000000 1.000000 1.000000 1.000000
4781.885254 0.000000 2591.096924 0.000000 0.000000 0.000000 1.000000 1.000000 1.000000 1.000000
4770.850098 0.000000 2674.075928 0.000000 0.000000 0.000000 1.000000 1.000000 1.000000 1.000000
3824.673096 0.000000 1544.671265 0.000000 0.000000 0.000000 1.000000 1.000000 1.000000 1.000000
3672.506836 0.000000 1517.631470 0.000000 0.000000 0.000000 1.000000 1.000000 1.000000 1.000000
1624.477905 0.000000 818.065186 0.000000 0.000000 0.000000 1.000000 1.000000 1.000000 1.000000
3779.321289 0.000000 1333.076660 0.000000 0.000000 0.000000 1.000000 1.000000 1.000000 1.000000
3853.355225 0.000000 1392.003540 0.000000 0.000000 0.000000 1.000000 1.000000 1.000000 1.000000
3857.894531 0.000000 1442.190186 0.000000 0.000000 0.000000 1.000000 1.000000 1.000000 1.000000
"}
object={
	name="amb_3D_ocean_emitter"
	clamp_to_water_level=yes
	render_under_water=no
	generated_content=no
	layer="building_layer"
	entity="map_ambient_3D_ocean"
	count=49
	transform="3009.399902 0.000000 2476.566406 0.000000 0.000000 0.000000 1.000000 1.000000 1.000000 1.000000
2863.405762 0.000000 2507.206055 0.000000 0.000000 0.000000 1.000000 1.000000 1.000000 1.000000
2769.276367 0.000000 2600.577637 0.000000 0.000000 0.000000 1.000000 1.000000 1.000000 1.000000
2643.825195 0.000000 2647.631592 0.000000 0.000000 0.000000 1.000000 1.000000 1.000000 1.000000
2513.575684 0.000000 2705.737061 0.000000 0.000000 0.000000 1.000000 1.000000 1.000000 1.000000
2382.949707 0.000000 2806.416504 0.000000 0.000000 0.000000 1.000000 1.000000 1.000000 1.000000
2389.949219 0.000000 2946.871582 0.000000 0.000000 0.000000 1.000000 1.000000 1.000000 1.000000
2579.909912 0.000000 2947.266357 0.000000 0.000000 0.000000 1.000000 1.000000 1.000000 1.000000
2345.421387 0.000000 3078.429443 0.000000 0.000000 0.000000 1.000000 1.000000 1.000000 1.000000
2320.994629 0.000000 3193.648682 0.000000 0.000000 0.000000 1.000000 1.000000 1.000000 1.000000
2339.038574 0.000000 3334.472900 0.000000 0.000000 0.000000 1.000000 1.000000 1.000000 1.000000
2421.231934 0.000000 3429.011963 0.000000 0.000000 0.000000 1.000000 1.000000 1.000000 1.000000
2518.133301 0.000000 3525.597412 0.000000 0.000000 0.000000 1.000000 1.000000 1.000000 1.000000
2647.786621 0.000000 3570.258789 0.000000 0.000000 0.000000 1.000000 1.000000 1.000000 1.000000
2775.689941 0.000000 3603.754883 0.000000 0.000000 0.000000 1.000000 1.000000 1.000000 1.000000
2895.618896 0.000000 3589.990723 0.000000 0.000000 0.000000 1.000000 1.000000 1.000000 1.000000
2938.472168 0.000000 3527.291504 0.000000 0.000000 0.000000 1.000000 1.000000 1.000000 1.000000
3053.720459 0.000000 3616.557129 0.000000 0.000000 0.000000 1.000000 1.000000 1.000000 1.000000
2243.543457 0.000000 3536.759033 0.000000 0.000000 0.000000 1.000000 1.000000 1.000000 1.000000
2102.084717 0.000000 3446.240723 0.000000 0.000000 0.000000 1.000000 1.000000 1.000000 1.000000
2210.567139 0.000000 3363.973389 0.000000 0.000000 0.000000 1.000000 1.000000 1.000000 1.000000
3012.308594 0.000000 2289.886963 0.000000 0.000000 0.000000 1.000000 1.000000 1.000000 1.000000
2990.305176 0.000000 2181.270996 0.000000 0.000000 0.000000 1.000000 1.000000 1.000000 1.000000
2993.186035 0.000000 2084.473389 0.000000 0.000000 0.000000 1.000000 1.000000 1.000000 1.000000
2920.868652 0.000000 1959.215332 0.000000 0.000000 0.000000 1.000000 1.000000 1.000000 1.000000
2780.370850 0.000000 1865.310547 0.000000 0.000000 0.000000 1.000000 1.000000 1.000000 1.000000
2889.922852 0.000000 1810.312988 0.000000 0.000000 0.000000 1.000000 1.000000 1.000000 1.000000
3075.229736 0.000000 1866.717163 0.000000 0.000000 0.000000 1.000000 1.000000 1.000000 1.000000
3270.676514 0.000000 1903.557129 0.000000 0.000000 0.000000 1.000000 1.000000 1.000000 1.000000
3420.524902 0.000000 1997.517700 0.000000 0.000000 0.000000 1.000000 1.000000 1.000000 1.000000
3548.036133 0.000000 2007.679688 0.000000 0.000000 0.000000 1.000000 1.000000 1.000000 1.000000
3606.794922 0.000000 1902.299561 0.000000 0.000000 0.000000 1.000000 1.000000 1.000000 1.000000
3664.219482 0.000000 1805.398071 0.000000 0.000000 0.000000 1.000000 1.000000 1.000000 1.000000
3760.448975 0.000000 1916.683594 0.000000 0.000000 0.000000 1.000000 1.000000 1.000000 1.000000
3864.550293 0.000000 1953.677490 0.000000 0.000000 0.000000 1.000000 1.000000 1.000000 1.000000
3851.715088 0.000000 1878.319336 0.000000 0.000000 0.000000 1.000000 1.000000 1.000000 1.000000
3815.752686 0.000000 1808.957764 0.000000 0.000000 0.000000 1.000000 1.000000 1.000000 1.000000
3751.705811 0.000000 1744.020386 0.000000 0.000000 0.000000 1.000000 1.000000 1.000000 1.000000
3716.683838 0.000000 1647.046997 0.000000 0.000000 0.000000 1.000000 1.000000 1.000000 1.000000
3828.253174 0.000000 1645.758423 0.000000 0.000000 0.000000 1.000000 1.000000 1.000000 1.000000
3610.385010 0.000000 1618.161987 0.000000 0.000000 0.000000 1.000000 1.000000 1.000000 1.000000
3332.112305 0.000000 1537.052856 0.000000 0.000000 0.000000 1.000000 1.000000 1.000000 1.000000
3463.124268 0.000000 1433.392090 0.000000 0.000000 0.000000 1.000000 1.000000 1.000000 1.000000
3607.635010 0.000000 1438.922119 0.000000 0.000000 0.000000 1.000000 1.000000 1.000000 1.000000
3731.959961 0.000000 1434.118164 0.000000 0.000000 0.000000 1.000000 1.000000 1.000000 1.000000
3385.978027 0.000000 1297.289429 0.000000 0.000000 0.000000 1.000000 1.000000 1.000000 1.000000
3275.189453 0.000000 1140.929321 0.000000 0.000000 0.000000 1.000000 1.000000 1.000000 1.000000
1637.603394 0.000000 829.185425 0.000000 0.000000 0.000000 1.000000 1.000000 1.000000 1.000000
1596.195557 0.000000 804.625610 0.000000 0.000000 0.000000 1.000000 1.000000 1.000000 1.000000
"}
object={
	name="amb_3D_river_emitter"
	clamp_to_water_level=no
	render_under_water=no
	generated_content=no
	layer="building_layer"
	entity="map_ambient_3D_river"
	count=108
	transform="2806.507324 0.000000 3349.354492 0.000000 0.000000 0.000000 1.000000 1.000000 1.000000 1.000000
2816.489014 0.000000 3227.004395 0.000000 0.000000 0.000000 1.000000 1.000000 1.000000 1.000000
2861.565186 0.000000 3140.617676 0.000000 0.000000 0.000000 1.000000 1.000000 1.000000 1.000000
2774.954346 0.000000 3075.920898 0.000000 0.000000 0.000000 1.000000 1.000000 1.000000 1.000000
2732.313721 0.000000 3016.097656 0.000000 0.000000 0.000000 1.000000 1.000000 1.000000 1.000000
3029.023682 0.000000 3127.314697 0.000000 0.000000 0.000000 1.000000 1.000000 1.000000 1.000000
3107.984375 0.000000 3106.245605 0.000000 0.000000 0.000000 1.000000 1.000000 1.000000 1.000000
3080.950684 0.000000 3013.774902 0.000000 0.000000 0.000000 1.000000 1.000000 1.000000 1.000000
3063.126465 0.000000 2941.135498 0.000000 0.000000 0.000000 1.000000 1.000000 1.000000 1.000000
3041.941162 0.000000 2870.482666 0.000000 0.000000 0.000000 1.000000 1.000000 1.000000 1.000000
3029.252197 0.000000 2813.276611 0.000000 0.000000 0.000000 1.000000 1.000000 1.000000 1.000000
2978.308350 0.000000 2769.649902 0.000000 0.000000 0.000000 1.000000 1.000000 1.000000 1.000000
2924.415283 0.000000 2735.601074 0.000000 0.000000 0.000000 1.000000 1.000000 1.000000 1.000000
2837.667236 0.000000 2737.764893 0.000000 0.000000 0.000000 1.000000 1.000000 1.000000 1.000000
2815.052002 0.000000 2671.012451 0.000000 0.000000 0.000000 1.000000 1.000000 1.000000 1.000000
3134.875244 0.000000 3266.131104 0.000000 0.000000 0.000000 1.000000 1.000000 1.000000 1.000000
3063.230225 0.000000 3201.040039 0.000000 0.000000 0.000000 1.000000 1.000000 1.000000 1.000000
3597.876953 0.000000 3163.824219 0.000000 0.000000 0.000000 1.000000 1.000000 1.000000 1.000000
3521.914062 0.000000 3086.296631 0.000000 0.000000 0.000000 1.000000 1.000000 1.000000 1.000000
3474.195068 0.000000 2989.027832 0.000000 0.000000 0.000000 1.000000 1.000000 1.000000 1.000000
3432.074219 0.000000 2884.914062 0.000000 0.000000 0.000000 1.000000 1.000000 1.000000 1.000000
3509.641846 0.000000 2881.729980 0.000000 0.000000 0.000000 1.000000 1.000000 1.000000 1.000000
3616.553467 0.000000 2957.467773 0.000000 0.000000 0.000000 1.000000 1.000000 1.000000 1.000000
3701.657715 0.000000 3022.162109 0.000000 0.000000 0.000000 1.000000 1.000000 1.000000 1.000000
3583.816895 0.000000 2875.117188 0.000000 0.000000 0.000000 1.000000 1.000000 1.000000 1.000000
3405.174805 0.000000 2828.041016 0.000000 0.000000 0.000000 1.000000 1.000000 1.000000 1.000000
3338.587402 0.000000 2786.481445 0.000000 0.000000 0.000000 1.000000 1.000000 1.000000 1.000000
3285.453125 0.000000 2739.208496 0.000000 0.000000 0.000000 1.000000 1.000000 1.000000 1.000000
3245.368164 0.000000 2689.707275 0.000000 0.000000 0.000000 1.000000 1.000000 1.000000 1.000000
3179.741699 0.000000 2641.284912 0.000000 0.000000 0.000000 1.000000 1.000000 1.000000 1.000000
3105.988037 0.000000 2602.671631 0.000000 0.000000 0.000000 1.000000 1.000000 1.000000 1.000000
3039.847656 0.000000 2545.254395 0.000000 0.000000 0.000000 1.000000 1.000000 1.000000 1.000000
3101.252686 0.000000 2374.372070 0.000000 0.000000 0.000000 1.000000 1.000000 1.000000 1.000000
3145.265625 0.000000 2433.610107 0.000000 0.000000 0.000000 1.000000 1.000000 1.000000 1.000000
3212.276367 0.000000 2427.807617 0.000000 0.000000 0.000000 1.000000 1.000000 1.000000 1.000000
3272.583008 0.000000 2459.687256 0.000000 0.000000 0.000000 1.000000 1.000000 1.000000 1.000000
3330.179688 0.000000 2468.268555 0.000000 0.000000 0.000000 1.000000 1.000000 1.000000 1.000000
3387.693115 0.000000 2451.491211 0.000000 0.000000 0.000000 1.000000 1.000000 1.000000 1.000000
3440.646729 0.000000 2463.166260 0.000000 0.000000 0.000000 1.000000 1.000000 1.000000 1.000000
3504.332275 0.000000 2474.709717 0.000000 0.000000 0.000000 1.000000 1.000000 1.000000 1.000000
3533.073486 0.000000 2526.601318 0.000000 0.000000 0.000000 1.000000 1.000000 1.000000 1.000000
3541.074219 0.000000 2567.787109 0.000000 0.000000 0.000000 1.000000 1.000000 1.000000 1.000000
3718.539795 0.000000 2527.652344 0.000000 0.000000 0.000000 1.000000 1.000000 1.000000 1.000000
3745.279541 0.000000 2453.406738 0.000000 0.000000 0.000000 1.000000 1.000000 1.000000 1.000000
3787.523926 0.000000 2405.905273 0.000000 0.000000 0.000000 1.000000 1.000000 1.000000 1.000000
3894.871826 0.000000 2389.036621 0.000000 0.000000 0.000000 1.000000 1.000000 1.000000 1.000000
3971.852539 0.000000 2379.458496 0.000000 0.000000 0.000000 1.000000 1.000000 1.000000 1.000000
4028.185303 0.000000 2380.768066 0.000000 0.000000 0.000000 1.000000 1.000000 1.000000 1.000000
4082.964844 0.000000 2353.099365 0.000000 0.000000 0.000000 1.000000 1.000000 1.000000 1.000000
4129.705078 0.000000 2280.021973 0.000000 0.000000 0.000000 1.000000 1.000000 1.000000 1.000000
4133.454102 0.000000 2214.776855 0.000000 0.000000 0.000000 1.000000 1.000000 1.000000 1.000000
4101.853516 0.000000 2160.519775 0.000000 0.000000 0.000000 1.000000 1.000000 1.000000 1.000000
4103.235352 0.000000 2076.149414 0.000000 0.000000 0.000000 1.000000 1.000000 1.000000 1.000000
4016.530762 0.000000 2028.936401 0.000000 0.000000 0.000000 1.000000 1.000000 1.000000 1.000000
3889.585449 0.000000 1970.245239 0.000000 0.000000 0.000000 1.000000 1.000000 1.000000 1.000000
3639.734375 0.000000 2089.263672 0.000000 0.000000 0.000000 1.000000 1.000000 1.000000 1.000000
3714.075439 0.000000 2146.407227 0.000000 0.000000 0.000000 1.000000 1.000000 1.000000 1.000000
3751.808838 0.000000 2244.781006 0.000000 0.000000 0.000000 1.000000 1.000000 1.000000 1.000000
3631.653320 0.000000 2298.246582 0.000000 0.000000 0.000000 1.000000 1.000000 1.000000 1.000000
3505.688232 0.000000 2183.875000 0.000000 0.000000 0.000000 1.000000 1.000000 1.000000 1.000000
3383.093750 0.000000 2116.778564 0.000000 0.000000 0.000000 1.000000 1.000000 1.000000 1.000000
3198.120605 0.000000 2203.119873 0.000000 0.000000 0.000000 1.000000 1.000000 1.000000 1.000000
3184.645996 0.000000 2037.729126 0.000000 0.000000 0.000000 1.000000 1.000000 1.000000 1.000000
3937.372070 0.000000 2068.410645 0.000000 0.000000 0.000000 1.000000 1.000000 1.000000 1.000000
4023.072998 0.000000 2099.851562 0.000000 0.000000 0.000000 1.000000 1.000000 1.000000 1.000000
4075.368896 0.000000 2134.688232 0.000000 0.000000 0.000000 1.000000 1.000000 1.000000 1.000000
4175.026367 0.000000 2234.943848 0.000000 0.000000 0.000000 1.000000 1.000000 1.000000 1.000000
4111.647461 0.000000 1752.168701 0.000000 0.000000 0.000000 1.000000 1.000000 1.000000 1.000000
3993.720947 0.000000 1637.116089 0.000000 0.000000 0.000000 1.000000 1.000000 1.000000 1.000000
4133.652344 0.000000 1649.119629 0.000000 0.000000 0.000000 1.000000 1.000000 1.000000 1.000000
4251.588867 0.000000 1629.297974 0.000000 0.000000 0.000000 1.000000 1.000000 1.000000 1.000000
4379.677246 0.000000 1649.573608 0.000000 0.000000 0.000000 1.000000 1.000000 1.000000 1.000000
4514.460449 0.000000 1610.653564 0.000000 0.000000 0.000000 1.000000 1.000000 1.000000 1.000000
4351.839355 0.000000 1767.427368 0.000000 0.000000 0.000000 1.000000 1.000000 1.000000 1.000000
4458.648926 0.000000 2023.453369 0.000000 0.000000 0.000000 1.000000 1.000000 1.000000 1.000000
4774.588867 0.000000 2130.608643 0.000000 0.000000 0.000000 1.000000 1.000000 1.000000 1.000000
4682.278809 0.000000 2006.600952 0.000000 0.000000 0.000000 1.000000 1.000000 1.000000 1.000000
4672.645996 0.000000 2184.874756 0.000000 0.000000 0.000000 1.000000 1.000000 1.000000 1.000000
4467.577148 0.000000 2065.168457 0.000000 0.000000 0.000000 1.000000 1.000000 1.000000 1.000000
4787.618652 0.000000 2525.291748 0.000000 0.000000 0.000000 1.000000 1.000000 1.000000 1.000000
5004.563965 0.000000 2543.271973 0.000000 0.000000 0.000000 1.000000 1.000000 1.000000 1.000000
4817.187012 0.000000 2862.436523 0.000000 0.000000 0.000000 1.000000 1.000000 1.000000 1.000000
4616.601562 0.000000 2870.155029 0.000000 0.000000 0.000000 1.000000 1.000000 1.000000 1.000000
4591.083984 0.000000 2980.338379 0.000000 0.000000 0.000000 1.000000 1.000000 1.000000 1.000000
4583.182617 0.000000 3068.037842 0.000000 0.000000 0.000000 1.000000 1.000000 1.000000 1.000000
4548.796875 0.000000 3163.600098 0.000000 0.000000 0.000000 1.000000 1.000000 1.000000 1.000000
4454.735840 0.000000 2978.554443 0.000000 0.000000 0.000000 1.000000 1.000000 1.000000 1.000000
4368.414551 0.000000 3076.734619 0.000000 0.000000 0.000000 1.000000 1.000000 1.000000 1.000000
4256.662109 0.000000 3166.815918 0.000000 0.000000 0.000000 1.000000 1.000000 1.000000 1.000000
4353.180176 0.000000 3198.704102 0.000000 0.000000 0.000000 1.000000 1.000000 1.000000 1.000000
3954.793945 0.000000 3299.791504 0.000000 0.000000 0.000000 1.000000 1.000000 1.000000 1.000000
3819.418945 0.000000 3268.142578 0.000000 0.000000 0.000000 1.000000 1.000000 1.000000 1.000000
3941.703369 0.000000 3200.425537 0.000000 0.000000 0.000000 1.000000 1.000000 1.000000 1.000000
3964.701660 0.000000 3098.433838 0.000000 0.000000 0.000000 1.000000 1.000000 1.000000 1.000000
3952.617920 0.000000 3008.789795 0.000000 0.000000 0.000000 1.000000 1.000000 1.000000 1.000000
3920.533447 0.000000 2929.299805 0.000000 0.000000 0.000000 1.000000 1.000000 1.000000 1.000000
3889.082520 0.000000 2817.150635 0.000000 0.000000 0.000000 1.000000 1.000000 1.000000 1.000000
3832.299805 0.000000 2743.687744 0.000000 0.000000 0.000000 1.000000 1.000000 1.000000 1.000000
3759.104980 0.000000 2746.592285 0.000000 0.000000 0.000000 1.000000 1.000000 1.000000 1.000000
3718.020508 0.000000 2644.018066 0.000000 0.000000 0.000000 1.000000 1.000000 1.000000 1.000000
3855.061035 0.000000 2659.729736 0.000000 0.000000 0.000000 1.000000 1.000000 1.000000 1.000000
3640.842285 0.000000 2569.072998 0.000000 0.000000 0.000000 1.000000 1.000000 1.000000 1.000000
3965.581055 0.000000 2648.951660 0.000000 0.000000 0.000000 1.000000 1.000000 1.000000 1.000000
4002.337402 0.000000 2616.204590 0.000000 0.000000 0.000000 1.000000 1.000000 1.000000 1.000000
3990.007568 0.000000 2578.774170 0.000000 0.000000 0.000000 1.000000 1.000000 1.000000 1.000000
4048.233154 0.000000 2529.113770 0.000000 0.000000 0.000000 1.000000 1.000000 1.000000 1.000000
5066.431641 0.000000 2882.187500 0.000000 0.000000 0.000000 1.000000 1.000000 1.000000 1.000000
5117.265625 0.000000 2720.565674 0.000000 0.000000 0.000000 1.000000 1.000000 1.000000 1.000000
"}
