object={
	name="bridge 01"
	render_pass=MapUnderWater
	clamp_to_water_level=no
	generated_content=no
	layer="temp_layer"
	pdxmesh="bridge_01_mesh"
	count=71
	transform="4060.284180 1.895508 1730.053955 0.000000 0.472205 0.000000 0.881489 1.000000 1.000000 1.000000
4072.820068 2.403320 1739.046021 0.000000 0.464953 0.000000 0.885335 1.134668 1.134668 1.134668
4107.392578 1.582031 1700.784180 0.000000 0.104970 0.000000 0.994475 1.000000 1.000000 1.000000
4367.221191 0.299805 2059.427002 0.000000 -0.334836 0.000000 0.942277 1.000000 1.000000 1.000000
4299.039062 1.142944 2035.951172 0.000000 0.286574 0.000000 0.958058 1.000000 1.000000 1.000000
3996.396729 1.883301 2071.051025 0.000000 0.568219 0.000000 0.822878 1.000000 1.000000 1.000000
3935.440186 1.505615 2137.351562 0.000000 0.703344 0.000000 0.710850 1.000000 1.000000 1.000000
3991.229980 0.647949 3173.243896 0.000000 0.238908 0.000000 0.971042 1.000000 1.000000 1.000000
4105.135742 1.887695 3192.084961 0.000000 -0.226473 0.000000 0.974018 1.000000 1.000000 1.000000
4239.698730 1.590088 3162.249512 0.000000 0.000000 0.000000 1.000000 1.000000 1.000000 1.000000
4325.935547 0.000000 3190.096924 0.000000 0.146263 0.000000 0.989246 1.000000 1.000000 1.000000
4321.128906 0.000000 3199.266846 0.000000 0.760138 0.000000 0.649762 1.000000 1.000000 1.000000
3184.858154 0.719482 3538.609131 0.000000 0.766623 0.000000 0.642097 1.000000 1.000000 1.000000
3121.883301 0.972168 3936.855225 0.000000 0.876588 0.000000 0.481242 1.000000 1.000000 1.000000
3307.651367 0.607666 4009.677979 0.000000 0.000000 0.000000 1.000000 1.000000 1.000000 1.000000
3525.164551 0.000000 4034.450439 0.000000 0.589445 0.000000 0.807809 1.000000 1.000000 1.000000
3932.274414 0.000000 3921.131836 0.000000 0.000000 0.000000 1.000000 1.000000 1.000000 1.000000
4128.153809 0.596191 3815.673828 0.000000 0.414199 0.000000 0.910186 1.000000 1.000000 1.000000
4131.822266 0.527832 3829.615234 0.000000 0.401046 0.000000 0.916058 1.000000 1.000000 1.000000
4134.297852 1.935059 3759.559326 0.000000 0.685737 0.000000 0.727850 1.395508 1.395508 1.395508
4020.858154 0.000000 4105.849609 0.000000 0.166307 0.000000 0.986074 1.000000 1.000000 1.000000
4001.599854 0.000000 4152.570312 0.000000 0.732565 0.000000 0.680697 1.000000 1.000000 1.000000
3931.164795 0.000000 4174.482910 0.000000 0.077376 0.000000 0.997002 1.000000 1.000000 1.000000
3905.465576 0.000000 4182.594238 0.000000 0.694460 0.000000 0.719531 1.000000 1.000000 1.000000
3837.578369 0.000000 4274.838867 0.000000 0.450573 0.000000 0.892740 1.000000 1.000000 1.000000
3885.383057 0.000000 4358.339355 0.000000 0.549033 0.000000 0.835800 1.000000 1.000000 1.000000
3920.505371 0.000000 4470.538574 0.000000 0.598528 0.000000 0.801102 1.000000 1.000000 1.000000
3952.328125 0.000000 4533.790527 0.000000 -0.594143 0.000000 0.804359 1.000000 1.000000 1.000000
3966.628662 0.000000 4622.071289 0.000000 -0.771597 0.000000 0.636112 1.000000 1.000000 1.000000
3968.685791 0.000000 4609.425293 0.000000 0.630423 0.000000 0.776252 1.000000 1.000000 1.000000
4781.356445 1.458008 4403.335938 0.000000 0.043017 0.000000 0.999074 1.000000 1.000000 1.000000
4737.498047 1.717773 4417.209473 0.000000 -0.994236 0.000000 0.107211 1.000000 1.000000 1.000000
4686.382812 1.158691 4411.130371 0.000000 -0.220464 0.000000 0.975395 1.000000 1.000000 1.000000
4598.728027 1.401367 4467.448730 0.000000 -0.614397 0.000000 0.788997 1.000000 1.000000 1.000000
3610.169678 0.000000 4550.729004 0.000000 -0.507663 0.000000 0.861556 1.000000 1.000000 1.000000
3648.132568 0.000000 4562.051758 0.000000 0.069859 0.000000 0.997557 0.527420 0.527420 0.527420
3124.822510 0.000000 4451.916504 0.000000 -0.430272 0.000000 0.902699 1.000000 1.000000 1.000000
3307.562012 0.582520 4308.812012 0.000000 -0.276472 0.000000 0.961022 1.000000 1.000000 1.000000
3494.202881 0.000000 4572.065430 0.000000 -0.721418 0.000000 0.692500 1.000000 1.000000 1.000000
3069.137695 0.000000 4592.825195 0.000000 0.669738 0.000000 0.742597 1.000000 1.000000 1.000000
3303.228760 0.000000 4319.624023 0.000000 0.033228 0.000000 0.999448 0.498877 0.498877 0.498877
3262.047607 0.000000 4386.078125 0.000000 -0.483411 0.000000 0.875394 0.475769 0.475769 0.475769
2977.674316 0.000000 4510.629395 0.000000 -0.515818 0.000000 0.856698 0.471094 0.471094 0.471094
3075.389404 0.000000 4459.074219 0.000000 -0.487973 0.000000 0.872859 0.549463 0.549463 0.549463
3057.846680 0.000000 4463.481934 0.000000 -0.621523 0.000000 0.783396 0.507080 0.507080 0.507080
3052.114746 0.000000 4465.244629 0.000000 -0.588606 0.000000 0.808420 0.498593 0.498593 0.498593
3682.924561 -0.283447 3940.041992 0.000000 -0.141491 0.000000 0.989939 0.400952 0.400952 0.400952
3359.012207 0.000000 4158.109375 0.000000 0.000000 0.000000 1.000000 0.502930 0.502930 0.502930
3827.116455 0.000000 3888.195312 0.000000 -0.569925 0.000000 0.821697 0.704102 0.704102 0.704102
4075.293945 -0.165527 3672.208008 0.000000 0.325733 0.000000 0.945462 0.941504 0.941504 0.941504
4022.707031 0.000000 3584.792480 0.000000 0.598895 0.000000 0.800828 0.856592 0.856592 0.856592
3854.960205 -0.157715 3580.579346 0.000000 -0.186763 0.000000 0.982405 0.645605 0.645605 0.645605
3948.174561 0.000000 3857.612793 0.000000 -0.539381 0.000000 0.842062 0.790624 0.790624 0.790624
4062.797607 0.000000 3830.361084 0.000000 -0.528803 0.000000 0.848745 0.624727 0.624727 0.624727
4092.666504 0.000000 3814.922363 0.000000 -0.350260 0.000000 0.936653 0.624727 0.624727 0.624727
4112.029785 0.000000 3794.795898 0.000000 -0.194253 0.000000 0.980952 0.624727 0.624727 0.624727
4117.043457 0.000000 3771.126221 0.000000 0.073481 0.000000 0.997297 0.624727 0.624727 0.624727
4160.866699 0.000000 3865.504883 0.000000 -0.239531 0.000000 0.970889 0.540967 0.540967 0.540967
4176.355957 0.000000 3811.724854 0.000000 -0.296616 0.000000 0.954997 0.540967 0.540967 0.540967
4181.992676 0.000000 3803.776855 0.000000 -0.227008 0.000000 0.973893 0.540967 0.540967 0.540967
4184.878906 0.000000 3774.655762 0.000000 0.127763 0.000000 0.991805 0.540967 0.540967 0.540967
3724.675781 0.000000 3752.009277 0.000000 -0.392362 0.000000 0.919811 0.603467 0.603467 0.603467
3779.262695 0.000000 3713.632324 0.000000 -0.392362 0.000000 0.919811 0.603467 0.603467 0.603467
3695.286377 0.000000 3662.972168 0.000000 0.314660 0.000000 0.949204 0.603467 0.603467 0.603467
3660.619629 0.000000 3637.091309 0.000000 0.168383 0.000000 0.985722 0.603467 0.603467 0.603467
4318.057129 0.000000 3180.165039 0.000000 -0.419667 0.000000 -0.907678 0.650684 0.650684 0.650684
4254.851074 0.000000 3156.646729 0.000000 0.502818 0.000000 0.864392 0.650684 0.650684 0.650684
4152.034668 0.000000 3172.518066 0.000000 0.723401 0.000000 0.690428 0.650684 0.650684 0.650684
4107.821289 0.000000 3488.784180 0.000000 -0.137261 0.000000 0.990535 0.650684 0.650684 0.650684
4077.637207 0.000000 3350.574951 0.000000 0.417252 0.000000 0.908791 0.650684 0.650684 0.650684
3416.485107 0.000000 2548.014404 0.000000 -0.493344 0.000000 0.869834 0.631641 0.631641 0.631641
"}
object={
	name="Bridge Indian"
	render_pass=MapUnderWater
	clamp_to_water_level=no
	generated_content=no
	layer="temp_layer"
	pdxmesh="bridge_indian_mesh"
	count=0
}
object={
	name="Bridge Mediterranean"
	render_pass=MapUnderWater
	clamp_to_water_level=no
	generated_content=no
	layer="temp_layer"
	pdxmesh="bridge_mediterranean_mesh"
	count=0
}
object={
	name="Bridge MENA"
	render_pass=MapUnderWater
	clamp_to_water_level=no
	generated_content=no
	layer="temp_layer"
	pdxmesh="bridge_mena_mesh"
	count=0
}
object={
	name="Bridge Western"
	render_pass=MapUnderWater
	clamp_to_water_level=no
	generated_content=no
	layer="temp_layer"
	pdxmesh="bridge_western_mesh"
	count=0
}
