object={
	name="env_coast_foam_l"
	clamp_to_water_level=yes
	render_under_water=yes
	generated_content=no
	layer="coast_foam_layer"
	entity="env_coast_foam_l"
	count=64
	transform="255.520905 0.000000 1349.699219 0.000000 -0.633271 0.000000 0.773930 1.000000 1.000000 1.000000
270.529816 0.000000 1378.741821 0.000000 -0.316112 0.000000 0.948722 1.000000 1.000000 1.000000
288.778351 0.000000 1419.603516 0.000000 -0.692190 0.000000 0.721716 1.000000 1.000000 1.000000
339.434631 0.000000 1541.067627 0.000000 -0.427977 0.000000 0.903790 1.000000 1.000000 1.000000
355.034180 0.000000 1730.890259 0.000000 -0.990617 0.000000 0.136667 1.000000 1.000000 1.000000
414.239349 0.000000 2100.200928 0.000000 -0.893226 0.000000 0.449609 1.000000 1.000000 1.000000
403.486694 0.000000 2169.520508 0.000000 -0.838470 0.000000 0.544948 1.000000 1.000000 1.000000
415.716980 0.000000 2235.154541 0.000000 -0.518107 0.000000 0.855316 1.000000 1.000000 1.000000
420.312408 0.000000 2233.938232 0.000000 -0.567585 0.000000 0.823315 1.000000 1.000000 1.000000
464.696869 0.000000 2330.154297 0.000000 -0.726389 0.000000 0.687284 1.000000 1.000000 1.000000
502.883240 0.000000 2489.794922 0.000000 -0.706687 0.000000 0.707526 1.000000 1.000000 1.000000
561.563721 0.000000 3062.076904 0.000000 -0.620530 0.000000 0.784183 1.000000 1.000000 1.000000
556.561340 0.000000 3034.542480 0.000000 -0.715751 0.000000 0.698355 1.000000 1.000000 1.000000
508.539062 0.000000 3336.208008 0.000000 1.000000 0.000000 0.000091 1.000000 1.000000 1.000000
486.628113 0.000000 3214.573486 0.000000 -0.723262 0.000000 0.690574 1.000000 1.000000 1.000000
573.927490 0.000000 3245.303955 0.000000 -0.593284 0.000000 0.804994 1.000000 1.000000 1.000000
580.039124 0.000000 3296.574219 0.000000 -0.851607 0.000000 0.524181 1.000000 1.000000 1.000000
583.779846 0.000000 3266.207520 0.000000 -0.642533 0.000000 0.766258 1.000000 1.000000 1.000000
594.326233 0.000000 2472.541016 0.000000 -0.810099 0.000000 0.586293 1.000000 1.000000 1.000000
613.614014 0.000000 2448.257324 0.000000 -0.886632 0.000000 0.462475 1.000000 1.000000 1.000000
625.246521 0.000000 2424.658936 0.000000 -0.737191 0.000000 0.675685 1.000000 1.000000 1.000000
660.923523 0.000000 2388.807129 0.000000 -0.941071 0.000000 0.338208 1.000000 1.000000 1.000000
673.794006 0.000000 2367.887939 0.000000 -0.837032 0.000000 0.547154 1.000000 1.000000 1.000000
683.811951 0.000000 2341.773193 0.000000 -0.894242 0.000000 0.447583 1.000000 1.000000 1.000000
694.154114 0.000000 2319.547363 0.000000 -0.809741 0.000000 0.586788 1.000000 1.000000 1.000000
704.788879 0.000000 2292.143311 0.000000 -0.707669 0.000000 0.706544 1.000000 1.000000 1.000000
507.085968 0.000000 2327.700439 0.000000 -0.714434 0.000000 0.699703 1.000000 1.000000 1.000000
519.782288 0.000000 2300.619385 0.000000 -0.872459 0.000000 0.488688 1.000000 1.000000 1.000000
527.644287 0.000000 2277.151855 0.000000 -0.760108 0.000000 0.649797 1.000000 1.000000 1.000000
554.139832 0.000000 2236.038330 0.000000 -0.896957 0.000000 0.442117 1.000000 1.000000 1.000000
567.520569 0.000000 2208.467041 0.000000 -0.818109 0.000000 0.575063 1.000000 1.000000 1.000000
582.531677 0.000000 2176.981689 0.000000 -0.795416 0.000000 0.606064 1.000000 1.000000 1.000000
593.882874 0.000000 2145.220459 0.000000 -0.810421 0.000000 0.585848 1.000000 1.000000 1.000000
704.384399 0.000000 2372.641357 0.000000 -0.903095 0.000000 0.429441 1.000000 1.000000 1.000000
735.218079 0.000000 2357.547363 0.000000 -0.974050 0.000000 0.226334 1.000000 1.000000 1.000000
753.398621 0.000000 2334.005127 0.000000 -0.857283 0.000000 0.514846 1.000000 1.000000 1.000000
765.307983 0.000000 2306.615723 0.000000 -0.835065 0.000000 0.550151 1.000000 1.000000 1.000000
836.852173 0.000000 2277.042725 0.000000 -0.859607 0.000000 0.510956 1.000000 1.000000 1.000000
856.180786 0.000000 2244.259277 0.000000 -0.726323 0.000000 0.687353 1.000000 1.000000 1.000000
848.639709 0.000000 2266.091553 0.000000 -0.897153 0.000000 0.441720 1.000000 1.000000 1.000000
848.434753 0.000000 2218.367188 0.000000 -0.399186 0.000000 0.916870 1.000000 1.000000 1.000000
871.247925 0.000000 2170.651611 0.000000 -0.877753 0.000000 0.479114 1.000000 1.000000 1.000000
875.773254 0.000000 2143.420166 0.000000 -0.664783 0.000000 0.747036 1.000000 1.000000 1.000000
866.331360 0.000000 2104.316162 0.000000 -0.713691 0.000000 0.700460 1.000000 1.000000 1.000000
873.792175 0.000000 2079.124756 0.000000 -0.854410 0.000000 0.519600 1.000000 1.000000 1.000000
884.366638 0.000000 2053.292969 0.000000 -0.732534 0.000000 0.680731 1.000000 1.000000 1.000000
889.924438 0.000000 2025.753906 0.000000 -0.732980 0.000000 0.680250 1.000000 1.000000 1.000000
907.168579 0.000000 1939.685303 0.000000 -0.742416 0.000000 0.669939 1.000000 1.000000 1.000000
907.638794 0.000000 1914.001709 0.000000 -0.695272 0.000000 0.718746 1.000000 1.000000 1.000000
910.556274 0.000000 1889.618042 0.000000 -0.816280 0.000000 0.577657 1.000000 1.000000 1.000000
921.211914 0.000000 1865.585327 0.000000 -0.874331 0.000000 0.485329 1.000000 1.000000 1.000000
921.712769 0.000000 1834.462402 0.000000 -0.532373 0.000000 0.846510 1.000000 1.000000 1.000000
905.628784 0.000000 1815.385498 0.000000 -0.299063 0.000000 0.954233 1.000000 1.000000 1.000000
875.363525 0.000000 2048.085449 0.000000 -0.762799 0.000000 0.646636 1.000000 1.000000 1.000000
634.132874 0.000000 2442.471680 0.000000 -0.881656 0.000000 0.471892 1.000000 1.000000 1.000000
628.066528 0.000000 1747.252441 0.000000 -0.355949 0.000000 0.934505 1.000000 1.000000 1.000000
627.024658 0.000000 1789.887207 0.000000 -0.699684 0.000000 0.714452 1.000000 1.000000 1.000000
600.622620 0.000000 1718.300537 0.000000 -0.372540 0.000000 0.928016 1.000000 1.000000 1.000000
639.526367 0.000000 1806.062988 0.000000 -0.705791 0.000000 0.708420 1.000000 1.000000 1.000000
875.425903 0.000000 1766.812256 0.000000 -0.623958 0.000000 0.781458 1.000000 1.000000 1.000000
318.129242 0.000000 1841.533569 0.000000 0.048306 0.000000 0.998833 1.000000 1.000000 1.000000
353.769104 0.000000 1840.796387 0.000000 -0.082053 0.000000 0.996628 1.000000 1.000000 1.000000
445.701599 0.000000 1978.655640 0.000000 -0.750514 0.000000 0.660855 1.000000 1.000000 1.000000
428.501801 0.000000 1939.465210 0.000000 -0.721914 0.000000 0.691983 1.000000 1.000000 1.000000
"}
object={
	name="env_coast_foam_m"
	clamp_to_water_level=yes
	render_under_water=yes
	generated_content=no
	layer="coast_foam_layer"
	entity="env_coast_foam_m"
	count=58
	transform="303.071442 0.000000 1458.386719 0.000000 -0.287999 0.000000 0.957631 1.000000 1.000000 1.000000
317.935028 0.000000 1501.965576 0.000000 -0.811648 0.000000 0.584147 1.000000 1.000000 1.000000
369.239014 0.000000 1587.218384 0.000000 -0.690867 0.000000 0.722982 1.000000 1.000000 1.000000
380.480774 0.000000 1607.186646 0.000000 -0.112588 0.000000 0.993642 1.000000 1.000000 1.000000
443.785553 0.000000 1625.450073 0.000000 -0.035237 0.000000 0.999379 1.000000 1.000000 1.000000
457.484436 0.000000 1655.310181 0.000000 -0.995282 0.000000 0.097026 1.000000 1.000000 1.000000
443.164001 0.000000 1660.507812 0.000000 -0.745719 0.000000 0.666260 1.000000 1.000000 1.000000
332.690826 0.000000 1746.236206 0.000000 -0.898230 0.000000 0.439525 1.000000 1.000000 1.000000
361.428833 0.000000 1779.244507 0.000000 -0.819160 0.000000 0.573564 1.000000 1.000000 1.000000
432.972351 0.000000 1917.477783 0.000000 -0.789628 0.000000 0.613586 1.000000 1.000000 1.000000
433.983154 0.000000 2011.754639 0.000000 -0.981328 0.000000 0.192340 1.000000 1.000000 1.000000
425.798065 0.000000 2044.448120 0.000000 -0.777295 0.000000 0.629137 1.000000 1.000000 1.000000
420.166412 0.000000 2260.092773 0.000000 -0.703813 0.000000 0.710386 1.000000 1.000000 1.000000
404.220428 0.000000 2217.978760 0.000000 -0.251914 0.000000 0.967750 1.000000 1.000000 1.000000
404.258392 0.000000 2214.179199 0.000000 -0.282702 0.000000 0.959208 1.000000 1.000000 1.000000
427.416687 0.000000 2286.924805 0.000000 -0.170793 0.000000 0.985307 1.000000 1.000000 1.000000
460.265869 0.000000 2329.732666 0.000000 -0.714973 0.000000 0.699152 1.000000 1.000000 1.000000
498.233215 0.000000 2456.224854 0.000000 -0.559593 0.000000 0.828767 1.000000 1.000000 1.000000
482.322845 0.000000 2426.640381 0.000000 -0.670220 0.000000 0.742163 1.000000 1.000000 1.000000
473.072418 0.000000 2398.994629 0.000000 -0.588042 0.000000 0.808831 1.000000 1.000000 1.000000
503.189362 0.000000 2456.083740 0.000000 -0.545713 0.000000 0.837972 1.000000 1.000000 1.000000
561.253601 0.000000 3089.691650 0.000000 -0.891715 0.000000 0.452598 1.000000 1.000000 1.000000
566.243591 0.000000 3095.081299 0.000000 -0.932485 0.000000 0.361208 1.000000 1.000000 1.000000
552.664856 0.000000 3217.504395 0.000000 -0.162590 0.000000 0.986694 1.000000 1.000000 1.000000
567.262024 0.000000 3238.788818 0.000000 -0.624018 0.000000 0.781410 1.000000 1.000000 1.000000
575.062195 0.000000 3257.569824 0.000000 -0.544549 0.000000 0.838729 1.000000 1.000000 1.000000
579.681274 0.000000 3277.870605 0.000000 -0.740625 0.000000 0.671919 1.000000 1.000000 1.000000
573.347595 0.000000 3294.478516 0.000000 -0.925929 0.000000 0.377698 1.000000 1.000000 1.000000
564.333008 0.000000 3308.832275 0.000000 -0.984239 0.000000 0.176841 1.000000 1.000000 1.000000
557.913574 0.000000 3329.749512 0.000000 -0.873211 0.000000 0.487343 1.000000 1.000000 1.000000
535.128174 0.000000 3335.240967 0.000000 -0.998784 0.000000 -0.049301 1.000000 1.000000 1.000000
569.080200 0.000000 3221.572998 0.000000 -0.469392 0.000000 0.882990 1.000000 1.000000 1.000000
596.594604 0.000000 2332.774170 0.000000 -0.817986 0.000000 0.575238 1.000000 1.000000 1.000000
868.334167 0.000000 2141.314697 0.000000 -0.685781 0.000000 0.727808 1.000000 1.000000 1.000000
900.759338 0.000000 1958.751953 0.000000 -0.916176 0.000000 0.400777 1.000000 1.000000 1.000000
902.447815 0.000000 1926.576660 0.000000 -0.695371 0.000000 0.718651 1.000000 1.000000 1.000000
900.002014 0.000000 1908.009155 0.000000 -0.691137 0.000000 0.722723 1.000000 1.000000 1.000000
927.661438 0.000000 1847.961304 0.000000 -0.703940 0.000000 0.710259 1.000000 1.000000 1.000000
908.915527 0.000000 1830.477173 0.000000 -0.400096 0.000000 0.916473 1.000000 1.000000 1.000000
895.827332 0.000000 1818.436035 0.000000 -0.192950 0.000000 0.981209 1.000000 1.000000 1.000000
883.260559 0.000000 1809.550781 0.000000 -0.222086 0.000000 0.975027 1.000000 1.000000 1.000000
864.783997 0.000000 2245.270020 0.000000 -0.647140 0.000000 0.762371 1.000000 1.000000 1.000000
763.822266 0.000000 2329.104492 0.000000 -0.850926 0.000000 0.525285 1.000000 1.000000 1.000000
628.054138 0.000000 2436.817383 0.000000 -0.875469 0.000000 0.483274 1.000000 1.000000 1.000000
617.504578 0.000000 1788.584229 0.000000 -0.654617 0.000000 0.755960 1.000000 1.000000 1.000000
557.714111 0.000000 1717.205566 0.000000 -0.313610 0.000000 0.949552 1.000000 1.000000 1.000000
532.011780 0.000000 1708.772583 0.000000 0.053274 0.000000 0.998580 1.000000 1.000000 1.000000
618.259399 0.000000 1836.913940 0.000000 -0.978129 0.000000 0.207999 1.000000 1.000000 1.000000
547.292114 0.000000 1704.160767 0.000000 -0.055932 0.000000 0.998435 1.000000 1.000000 1.000000
884.376953 0.000000 2003.904541 0.000000 -0.408511 0.000000 0.912753 1.000000 1.000000 1.000000
868.503784 0.000000 1994.457153 0.000000 -0.638056 0.000000 0.769990 1.000000 1.000000 1.000000
864.961365 0.000000 1744.853516 0.000000 -0.486820 0.000000 0.873502 1.000000 1.000000 1.000000
323.403137 0.000000 1807.853027 0.000000 -0.983632 0.000000 0.180189 1.000000 1.000000 1.000000
302.782837 0.000000 1810.096802 0.000000 -0.993633 0.000000 0.112663 1.000000 1.000000 1.000000
377.788147 0.000000 1848.506226 0.000000 -0.314805 0.000000 0.949156 1.000000 1.000000 1.000000
395.919464 0.000000 1862.596069 0.000000 -0.389413 0.000000 0.921063 1.000000 1.000000 1.000000
416.057495 0.000000 1877.108887 0.000000 -0.115207 0.000000 0.993342 1.000000 1.000000 1.000000
441.785583 0.000000 1954.941650 0.000000 -0.369444 0.000000 0.929253 1.000000 1.000000 1.000000
"}
object={
	name="env_coast_foam_s"
	clamp_to_water_level=yes
	render_under_water=yes
	generated_content=no
	layer="coast_foam_layer"
	entity="env_coast_foam_s"
	count=29
	transform="317.926605 0.000000 1517.286743 0.000000 -0.616093 0.000000 0.787674 1.000000 1.000000 1.000000
321.447968 0.000000 1526.697754 0.000000 -0.305111 0.000000 0.952317 1.000000 1.000000 1.000000
448.202454 0.000000 1672.879517 0.000000 -0.424992 0.000000 0.905197 1.000000 1.000000 1.000000
430.914398 0.000000 1694.282104 0.000000 -0.627160 0.000000 0.778890 1.000000 1.000000 1.000000
424.520813 0.000000 1707.683228 0.000000 0.992236 0.000000 -0.124373 1.000000 1.000000 1.000000
340.354340 0.000000 1802.008789 0.000000 -0.984585 0.000000 0.174907 1.000000 1.000000 1.000000
436.923920 0.000000 1897.786133 0.000000 -0.774211 0.000000 0.632928 1.000000 1.000000 1.000000
394.067902 0.000000 2204.971680 0.000000 -0.468940 0.000000 0.883230 1.000000 1.000000 1.000000
420.701447 0.000000 2247.243896 0.000000 -0.651795 0.000000 0.758395 1.000000 1.000000 1.000000
463.331573 0.000000 2391.495850 0.000000 -0.320126 0.000000 0.947375 1.000000 1.000000 1.000000
468.567810 0.000000 2404.764648 0.000000 -0.760049 0.000000 0.649866 1.000000 1.000000 1.000000
475.870300 0.000000 2418.134277 0.000000 -0.506342 0.000000 0.862333 1.000000 1.000000 1.000000
479.605713 0.000000 2433.198975 0.000000 -0.623257 0.000000 0.782017 1.000000 1.000000 1.000000
486.890564 0.000000 2442.709961 0.000000 -0.277157 0.000000 0.960825 1.000000 1.000000 1.000000
585.620422 0.000000 3279.840088 0.000000 -0.720878 0.000000 0.693062 1.000000 1.000000 1.000000
578.377808 0.000000 3248.103271 0.000000 -0.525146 0.000000 0.851012 1.000000 1.000000 1.000000
572.220032 0.000000 3310.882568 0.000000 -0.930258 0.000000 0.366907 1.000000 1.000000 1.000000
561.766174 0.000000 3331.632812 0.000000 -0.880162 0.000000 0.474674 1.000000 1.000000 1.000000
546.970032 0.000000 3336.458252 0.000000 -0.994792 0.000000 0.101930 1.000000 1.000000 1.000000
566.033142 0.000000 3223.747314 0.000000 -0.490342 0.000000 0.871530 1.000000 1.000000 1.000000
876.906250 0.000000 2122.211182 0.000000 -0.725788 0.000000 0.687918 1.000000 1.000000 1.000000
890.329407 0.000000 1965.890137 0.000000 -0.989081 0.000000 0.147375 1.000000 1.000000 1.000000
896.629944 0.000000 1920.678589 0.000000 -0.743846 0.000000 0.668351 1.000000 1.000000 1.000000
901.801636 0.000000 1895.497681 0.000000 -0.841034 0.000000 0.540983 1.000000 1.000000 1.000000
887.027710 0.000000 1806.476196 0.000000 -0.160632 0.000000 0.987014 1.000000 1.000000 1.000000
632.798218 0.000000 1823.982910 0.000000 -0.764768 0.000000 0.644305 1.000000 1.000000 1.000000
433.265381 0.000000 1884.827637 0.000000 -0.353338 0.000000 0.935496 1.000000 1.000000 1.000000
356.786255 0.000000 1760.267700 0.000000 -0.339676 0.000000 0.940542 1.000000 1.000000 1.000000
368.385254 0.000000 1765.240723 0.000000 -0.570658 0.000000 0.821188 1.000000 1.000000 1.000000
"}
