object={
	name="env_desert_ambient_close"
	clamp_to_water_level=yes
	render_under_water=no
	generated_content=no
	layer="env_effect_layer"
	entity="env_desert_plains_ambient"
	count=18
	transform="4775.625977 0.000000 2431.353271 0.000000 0.000000 0.000000 1.000000 1.000000 1.000000 1.000000
4615.106445 0.000000 2474.296631 0.000000 0.000000 0.000000 1.000000 1.000000 1.000000 1.000000
4575.032227 0.000000 2315.345947 0.000000 0.000000 0.000000 1.000000 1.000000 1.000000 1.000000
4819.705566 0.000000 2647.064453 0.000000 0.000000 0.000000 1.000000 1.000000 1.000000 1.000000
4985.359863 0.000000 2747.836426 0.000000 0.000000 0.000000 1.000000 1.000000 1.000000 1.000000
4667.009766 0.000000 2894.250732 0.000000 0.000000 0.000000 1.000000 1.000000 1.000000 1.000000
4618.709961 0.000000 2754.730225 0.000000 0.000000 0.000000 1.000000 1.000000 1.000000 1.000000
4466.237305 0.000000 2775.867676 0.000000 0.000000 0.000000 1.000000 1.000000 1.000000 1.000000
4476.884766 0.000000 2882.543701 0.000000 0.000000 0.000000 1.000000 1.000000 1.000000 1.000000
4705.227051 0.000000 2452.057617 0.000000 0.000000 0.000000 1.000000 1.000000 1.000000 1.000000
4632.891602 0.000000 2391.892334 0.000000 0.000000 0.000000 1.000000 1.000000 1.000000 1.000000
4565.983887 0.000000 2839.108643 0.000000 0.000000 0.000000 1.000000 1.000000 1.000000 1.000000
4894.777344 0.000000 2718.449463 0.000000 0.000000 0.000000 1.000000 1.000000 1.000000 1.000000
4411.305664 0.000000 2574.281738 0.000000 0.000000 0.000000 1.000000 1.000000 1.000000 1.000000
4320.392578 0.000000 2613.089600 0.000000 0.000000 0.000000 1.000000 1.000000 1.000000 1.000000
4272.555176 0.000000 2521.625000 0.000000 0.000000 0.000000 1.000000 1.000000 1.000000 1.000000
4219.700684 0.000000 2431.774414 0.000000 0.000000 0.000000 1.000000 1.000000 1.000000 1.000000
4355.194336 0.000000 2535.956543 0.000000 0.000000 0.000000 1.000000 1.000000 1.000000 1.000000
"}
object={
	name="env_desert_mountains"
	clamp_to_water_level=yes
	render_under_water=no
	generated_content=no
	layer="env_effect_mountains_layer"
	entity="env_desert_mountains"
	count=0
}
object={
	name="env_desert_plains"
	clamp_to_water_level=yes
	render_under_water=no
	generated_content=no
	layer="env_effect_layer"
	entity="env_desert_plains"
	count=0
}
object={
	name="env_desert_plains_ambient"
	clamp_to_water_level=yes
	render_under_water=no
	generated_content=no
	layer="env_effect_layer"
	entity="env_desert_plains_ambient"
	count=0
}
object={
	name="env_forest_mountains"
	clamp_to_water_level=yes
	render_under_water=no
	generated_content=no
	layer="env_effect_mountains_layer"
	entity="env_mist_sun"
	count=6
	transform="4279.435547 0.000000 4578.020996 0.000000 0.000000 0.000000 1.000000 1.000000 1.000000 1.000000
4211.731934 0.000000 4589.619629 0.000000 0.000000 0.000000 1.000000 1.000000 1.000000 1.000000
4157.475586 0.000000 4569.109375 0.000000 0.000000 0.000000 1.000000 1.000000 1.000000 1.000000
4127.189453 0.000000 4616.180664 0.000000 0.000000 0.000000 1.000000 1.000000 1.000000 1.000000
4314.828125 0.000000 4588.920410 0.000000 0.000000 0.000000 1.000000 1.000000 1.000000 1.000000
4300.559082 0.000000 4627.287109 0.000000 0.000000 0.000000 1.000000 1.000000 1.000000 1.000000
"}
object={
	name="env_mist"
	clamp_to_water_level=yes
	render_under_water=no
	generated_content=no
	layer="env_effect_layer"
	entity="env_mist"
	count=9
	transform="5088.173828 0.000000 2539.232178 0.000000 0.000000 0.000000 1.000000 1.000000 1.000000 1.000000
5117.267090 0.000000 2558.948975 0.000000 0.000000 0.000000 1.000000 1.000000 1.000000 1.000000
5217.641113 0.000000 2533.835938 0.000000 0.000000 0.000000 1.000000 1.000000 1.000000 1.000000
5172.847656 0.000000 2376.383057 0.000000 0.000000 0.000000 1.000000 1.000000 1.000000 1.000000
5179.348633 0.000000 2404.591309 0.000000 0.000000 0.000000 1.000000 1.000000 1.000000 1.000000
5219.716309 0.000000 2411.439941 0.000000 0.000000 0.000000 1.000000 1.000000 1.000000 1.000000
5251.736816 0.000000 2432.116211 0.000000 0.000000 0.000000 1.000000 1.000000 1.000000 1.000000
5285.314453 0.000000 2539.694580 0.000000 0.000000 0.000000 1.000000 1.000000 1.000000 1.000000
4981.224609 0.000000 2523.464355 0.000000 0.000000 0.000000 1.000000 1.000000 1.000000 1.000000
"}
object={
	name="env_mist_forest"
	clamp_to_water_level=yes
	render_under_water=no
	generated_content=no
	layer="env_effect_layer"
	entity="env_mist_sun"
	count=16
	transform="3362.860596 -0.144531 2589.525391 0.000000 0.000000 0.000000 1.000000 1.000000 1.000000 1.000000
4026.914062 0.000000 4300.100098 0.000000 0.000000 0.000000 1.000000 1.000000 1.000000 1.000000
4036.019043 0.000000 4305.859375 0.000000 0.000000 0.000000 1.000000 1.000000 1.000000 1.000000
4023.562256 0.000000 4307.429199 0.000000 0.000000 0.000000 1.000000 1.000000 1.000000 1.000000
4040.078613 0.000000 4296.619629 0.000000 0.000000 0.000000 1.000000 1.000000 1.000000 1.000000
4019.961426 0.000000 4266.873047 0.000000 0.000000 0.000000 1.000000 1.000000 1.000000 1.000000
3986.105469 0.000000 4309.881348 0.000000 0.000000 0.000000 1.000000 1.000000 1.000000 1.000000
4015.225586 0.000000 4338.016113 0.000000 0.000000 0.000000 1.000000 1.000000 1.000000 1.000000
4075.552002 0.000000 4320.773926 0.000000 0.000000 0.000000 1.000000 1.000000 1.000000 1.000000
4061.721191 0.000000 4257.157715 0.000000 0.000000 0.000000 1.000000 1.000000 1.000000 1.000000
4262.359375 0.000000 4625.073242 0.000000 0.000000 0.000000 1.000000 1.000000 1.000000 1.000000
4217.409668 0.000000 4586.460938 0.000000 0.000000 0.000000 1.000000 1.000000 1.000000 1.000000
4168.132812 0.000000 4560.043945 0.000000 0.000000 0.000000 1.000000 1.000000 1.000000 1.000000
4130.004395 0.000000 4621.287598 0.000000 0.000000 0.000000 1.000000 1.000000 1.000000 1.000000
4317.410645 0.000000 4556.329102 0.000000 0.000000 0.000000 1.000000 1.000000 1.000000 1.000000
4335.021484 0.000000 4613.453613 0.000000 0.000000 0.000000 1.000000 1.000000 1.000000 1.000000
"}
object={
	name="env_river_rapids"
	clamp_to_water_level=yes
	render_under_water=no
	generated_content=no
	layer="env_effect_layer"
	entity="env_river_rapids"
	count=3
	transform="4027.937500 0.416016 3963.519775 0.000000 0.681281 0.000000 0.732022 1.241846 1.241846 1.241846
4337.400391 -0.255859 4744.569824 0.000000 0.895638 0.000000 0.444784 0.410937 0.410937 0.410937
5199.985352 0.092285 3273.531982 0.000000 -0.977772 0.000000 0.209671 0.838745 0.838745 0.838745
"}
object={
	name="env_sea_fog"
	clamp_to_water_level=yes
	render_under_water=no
	generated_content=no
	layer="env_effect_layer"
	entity="env_sea_fog"
	count=15
	transform="3464.000488 0.000000 4110.895508 0.000000 0.000000 0.000000 1.000000 1.000000 1.000000 1.000000
3489.550049 0.000000 4162.030762 0.000000 0.000000 0.000000 1.000000 1.000000 1.000000 1.000000
3341.568604 0.000000 4041.626709 0.000000 0.000000 0.000000 1.000000 1.000000 1.000000 1.000000
3315.891602 0.000000 4252.863770 0.000000 0.000000 0.000000 1.000000 1.000000 1.000000 1.000000
3291.848145 0.000000 4272.022949 0.000000 0.000000 0.000000 1.000000 1.000000 1.000000 1.000000
3446.360107 0.000000 4125.091797 0.000000 0.000000 0.000000 1.000000 1.000000 1.000000 1.000000
3535.325195 0.000000 4202.014160 0.000000 0.000000 0.000000 1.000000 1.000000 1.000000 1.000000
3492.791016 0.000000 4207.235840 0.000000 0.000000 0.000000 1.000000 1.000000 1.000000 1.000000
3436.056885 0.000000 4174.650879 0.000000 0.000000 0.000000 1.000000 1.000000 1.000000 1.000000
3417.978027 0.000000 4238.807617 0.000000 0.000000 0.000000 1.000000 1.000000 1.000000 1.000000
3335.744629 0.000000 4082.797607 0.000000 0.000000 0.000000 1.000000 1.000000 1.000000 1.000000
3314.349609 0.000000 4146.544922 0.000000 0.000000 0.000000 1.000000 1.000000 1.000000 1.000000
3305.406982 0.000000 4180.728516 0.000000 0.000000 0.000000 1.000000 1.000000 1.000000 1.000000
3343.833740 0.000000 4141.049316 0.000000 0.000000 0.000000 1.000000 1.000000 1.000000 1.000000
3405.663086 0.000000 4024.585449 0.000000 0.000000 0.000000 1.000000 1.000000 1.000000 1.000000
"}
object={
	name="env_sea_fog_large"
	clamp_to_water_level=yes
	render_under_water=no
	generated_content=no
	layer="env_effect_layer"
	entity="env_sea_fog_large"
	count=2
	transform="3448.331543 0.000000 4155.241699 0.000000 0.000000 0.000000 1.000000 1.000000 1.000000 1.000000
3525.747559 0.000000 4209.338867 0.000000 0.000000 0.000000 1.000000 1.000000 1.000000 1.000000
"}
object={
	name="env_snow_mountains"
	clamp_to_water_level=yes
	render_under_water=no
	generated_content=no
	layer="env_effect_mountains_layer"
	entity="env_snow_mountains"
	count=0
}
object={
	name="env_snow_plains"
	clamp_to_water_level=yes
	render_under_water=no
	generated_content=no
	layer="env_effect_layer"
	entity="env_snow_plains"
	count=0
}
object={
	name="env_snow_plains_ambient"
	clamp_to_water_level=yes
	render_under_water=no
	generated_content=no
	layer="env_effect_layer"
	entity="env_snow_plains_ambient"
	count=0
}
object={
	name="rock_mesa_01"
	clamp_to_water_level=no
	render_under_water=yes
	generated_content=no
	layer="building_layer"
	pdxmesh="rock_mesa_01_mesh"
	count=1
	transform="3495.403076 -0.347900 3890.604492 0.000000 -0.044267 0.000000 0.999020 0.569336 0.569336 0.569336
"}
object={
	name="rock_mesa_02"
	clamp_to_water_level=no
	render_under_water=yes
	generated_content=no
	layer="building_layer"
	pdxmesh="rock_mesa_02_mesh"
	count=0
}
object={
	name="rock_mesa_03"
	clamp_to_water_level=no
	render_under_water=yes
	generated_content=no
	layer="building_layer"
	pdxmesh="rock_mesa_03_mesh"
	count=0
}
object={
	name="waterfall"
	clamp_to_water_level=yes
	render_under_water=no
	generated_content=no
	layer="env_effect_layer"
	entity="waterfall"
	count=14
	transform="4028.670898 1.474609 3965.263916 0.000000 -0.023588 0.000000 0.999722 1.816032 1.816032 1.816032
4028.221924 5.795410 3969.852051 0.000000 -0.023588 0.000000 0.999722 1.816032 1.816032 1.816032
3435.057617 2.403564 2709.079834 0.000000 0.961419 0.000000 0.275089 1.000000 1.000000 1.000000
3491.331543 2.963867 2557.960449 0.000000 0.208302 0.000000 0.978064 1.296436 1.296436 1.296436
3494.306885 0.651245 2566.355957 0.000000 0.339318 0.000000 0.940672 1.000000 1.000000 1.000000
4211.896973 1.852051 1290.017944 0.000000 0.850902 0.000000 0.525324 1.000000 1.000000 1.000000
4272.510254 1.134277 1447.930298 0.000000 0.595247 0.000000 0.803543 1.000000 1.000000 1.000000
3539.856689 1.312988 4100.528809 0.000000 0.090696 0.000000 0.995879 1.000000 1.000000 1.000000
4758.768066 1.326172 4153.985840 0.000000 0.613915 0.000000 0.789372 1.520592 1.520592 1.520592
4337.950195 0.764648 4745.429688 0.000000 0.008667 0.000000 0.999963 1.000000 1.000000 1.000000
4337.506836 0.000000 4743.889160 0.000000 0.104241 0.000000 0.994552 1.000000 1.000000 1.000000
4327.814453 0.000000 4742.353516 0.000000 -0.562757 0.000000 0.826622 1.000000 1.000000 1.000000
5200.990723 2.392334 3272.706543 0.000000 -0.904853 0.000000 -0.425725 1.000000 1.000000 1.000000
5201.164062 2.392334 3273.284668 0.000000 -0.904853 0.000000 -0.425725 1.000000 1.000000 1.000000
"}
object={
	name="waterfall_bottom"
	clamp_to_water_level=yes
	render_under_water=no
	generated_content=no
	layer="env_effect_layer"
	entity="waterfall_bottom"
	count=10
	transform="4029.511963 0.000000 3961.845215 0.000000 0.000000 0.000000 1.000000 1.000000 1.000000 1.000000
4101.139648 0.000000 3215.480225 0.000000 0.000000 0.000000 1.000000 0.399463 0.399463 0.399463
3435.289307 -0.783813 0.766720 0.000000 -0.234787 0.000000 0.972047 1.000000 1.000000 1.000000
3491.263916 0.000000 2555.850098 0.000000 0.000000 0.000000 1.000000 1.000000 1.000000 1.000000
3494.422363 0.895752 2566.003906 0.000000 0.000000 0.000000 1.000000 0.317525 0.317525 0.317525
4210.997559 -0.303101 1289.796265 0.000000 0.012878 0.000000 0.999917 0.668164 0.668164 0.668164
4272.200684 0.117554 1447.126831 0.000000 0.000000 0.000000 1.000000 0.489455 0.489455 0.489455
3539.966309 0.154297 4100.115723 0.000000 0.000000 0.000000 1.000000 0.275379 0.275379 0.275379
4759.257324 0.653320 4153.233887 0.000000 -0.497321 0.000000 0.867567 0.391641 0.391641 0.391641
5200.615234 0.000000 3272.574463 0.000000 0.000000 0.000000 1.000000 0.408026 0.408026 0.408026
"}
