object={
	name="lakes"
	clamp_to_water_level=no
	render_under_water=no
	generated_content=no
	layer="lake_layer"
	pdxmesh="lake_mesh"
	count=5
	transform="4030.060303 1.148194 2456.945557 0.000000 0.999430 0.000000 -0.033751 15.559895 15.559895 15.559895
4031.393311 0.845947 2466.715576 0.000000 0.999430 0.000000 -0.033751 12.785789 12.785789 12.785789
4027.863770 1.702148 2444.255859 0.000000 0.999430 0.000000 -0.033751 12.785789 12.785789 12.785789
4365.136230 0.963867 3137.323486 0.000000 0.667901 0.000000 0.744251 35.123783 35.123783 35.123783
4414.682129 0.708984 2488.199707 0.000000 0.000000 0.000000 1.000000 6.680440 6.680440 6.680440
"}
