object={
	name="noldor_ruins_01"
	clamp_to_water_level=no
	render_under_water=no
	generated_content=no
	layer="temp_layer"
	pdxmesh="noldor_ruins_01_mesh"
	count=1
	transform="2464.213623 0.000000 4313.970703 -0.000000 0.367550 -0.000000 0.930004 1.000000 1.000000 1.000000
"}
object={
	name="noldor_ruins_02"
	clamp_to_water_level=no
	render_under_water=no
	generated_content=no
	layer="temp_layer"
	pdxmesh="noldor_ruins_02_mesh"
	count=0
}
object={
	name="noldor_ruins_03"
	clamp_to_water_level=no
	render_under_water=no
	generated_content=no
	layer="temp_layer"
	pdxmesh="noldor_ruins_03_mesh"
	count=1
	transform="2457.527832 0.000000 4311.509277 -0.000000 -0.000000 -0.000000 1.000000 1.000000 1.000000 1.000000
"}
object={
	name="noldor_ruins_04"
	clamp_to_water_level=no
	render_under_water=no
	generated_content=no
	layer="temp_layer"
	pdxmesh="noldor_ruins_04_mesh"
	count=2
	transform="2450.712158 0.000000 4404.908203 -0.000000 0.722347 -0.000000 0.691531 1.000000 1.000000 1.000000
2456.652588 0.000000 4312.378418 -0.000000 -0.506243 -0.000000 0.862391 1.000000 1.000000 1.000000
"}
object={
	name="noldor_ruins_05"
	clamp_to_water_level=no
	render_under_water=no
	generated_content=no
	layer="temp_layer"
	pdxmesh="noldor_ruins_05_mesh"
	count=2
	transform="2451.429688 0.000000 4406.916504 -0.000000 0.887780 -0.000000 0.460268 1.000000 1.000000 1.000000
2461.505371 0.000000 4313.595215 -0.000000 0.802308 -0.000000 0.596910 1.000000 1.000000 1.000000
"}
object={
	name="noldor_ruins_06"
	clamp_to_water_level=no
	render_under_water=no
	generated_content=no
	layer="temp_layer"
	pdxmesh="noldor_ruins_06_mesh"
	count=1
	transform="2458.411865 0.000000 4312.315918 -0.000000 -0.000000 -0.000000 1.000000 1.000000 1.000000 1.000000
"}
object={
	name="noldor_ruins_07"
	clamp_to_water_level=no
	render_under_water=no
	generated_content=no
	layer="temp_layer"
	pdxmesh="noldor_ruins_07_mesh"
	count=1
	transform="2464.549561 0.000000 4311.998047 -0.000000 -0.976848 -0.000000 0.213936 1.000000 1.000000 1.000000
"}
object={
	name="noldor_ruins_08"
	clamp_to_water_level=no
	render_under_water=no
	generated_content=no
	layer="temp_layer"
	pdxmesh="noldor_ruins_08_mesh"
	count=1
	transform="2448.926514 0.000000 4299.383789 -0.000000 -0.491963 -0.000000 0.870616 1.000000 1.000000 1.000000
"}
object={
	name="noldor_ruins_09"
	clamp_to_water_level=no
	render_under_water=no
	generated_content=no
	layer="temp_layer"
	pdxmesh="noldor_ruins_09_mesh"
	count=2
	transform="2471.166748 0.000000 4334.428711 -0.000000 -0.000000 -0.000000 1.000000 1.000000 1.000000 1.000000
50.168377 0.000000 3164.166504 0.000000 0.537065 0.000000 0.843541 1.000000 1.000000 1.000000
"}
object={
	name="noldor_ruins_10"
	clamp_to_water_level=no
	render_under_water=no
	generated_content=no
	layer="temp_layer"
	pdxmesh="noldor_ruins_10_mesh"
	count=1
	transform="2462.260986 0.000000 4314.822266 -0.000000 0.667128 -0.000000 0.744943 1.000000 1.000000 1.000000
"}
object={
	name="Old Man Willow"
	clamp_to_water_level=no
	render_under_water=no
	generated_content=no
	layer="temp_layer"
	pdxmesh="old_man_willow_mesh"
	count=1
	transform="3097.435059 0.000000 4557.645996 0.000000 0.914025 0.000000 -0.405658 1.351025 1.351025 1.351025
"}
object={
	name="vines 01"
	clamp_to_water_level=yes
	render_under_water=no
	generated_content=no
	layer="grass_layer"
	pdxmesh="vines_01_mesh"
	count=20
	transform="4824.753418 0.000000 4355.355469 0.000000 0.186883 0.000000 0.982382 1.000000 1.000000 1.000000
4825.926758 0.000000 4366.893555 0.000000 -0.113888 0.000000 0.993494 1.000000 1.000000 1.000000
4820.986816 0.000000 4377.247559 0.000000 -0.326656 0.000000 0.945143 1.000000 1.000000 1.000000
4816.873047 0.000000 4366.684082 0.000000 -0.135749 0.000000 0.990743 1.000000 1.000000 1.000000
4807.604004 0.000000 4347.972168 0.000000 0.708525 0.000000 -0.705686 1.000000 1.000000 1.000000
4803.822754 0.000000 4353.905273 0.000000 0.747668 0.000000 0.664073 1.000000 1.000000 1.000000
4804.472168 0.000000 4359.570312 0.000000 0.771014 0.000000 0.636818 1.000000 1.000000 1.000000
4802.855469 0.000000 4376.981445 0.000000 0.754758 0.000000 0.656003 1.000000 1.000000 1.000000
4756.944824 0.000000 4397.831543 0.000000 0.871098 0.000000 0.491109 1.000000 1.000000 1.000000
4766.777344 0.000000 4392.581543 0.000000 0.794925 0.000000 0.606707 1.000000 1.000000 1.000000
4768.255859 0.000000 4397.763184 0.000000 0.804670 0.000000 0.593722 1.000000 1.000000 1.000000
4747.715820 0.000000 4400.089844 0.000000 -0.930866 0.000000 0.365359 1.000000 1.000000 1.000000
4743.877441 0.000000 4402.968262 0.000000 -0.929004 0.000000 0.370070 1.000000 1.000000 1.000000
4738.602051 0.000000 4409.043945 0.000000 -0.418528 0.000000 0.908204 1.000000 1.000000 1.000000
4681.063965 0.000000 4306.883301 0.000000 -0.795184 0.000000 0.606368 1.000000 1.000000 1.000000
4691.915039 0.000000 4307.699219 0.000000 -0.577897 0.000000 0.816109 1.000000 1.000000 1.000000
4684.391113 0.000000 4300.200195 0.000000 0.521427 0.000000 0.853296 1.000000 1.000000 1.000000
588.340759 0.000000 1760.379395 0.000000 0.498274 0.000000 0.867020 1.000000 1.000000 1.000000
589.273804 0.000000 1782.218018 0.000000 0.023809 0.000000 0.999717 1.000000 1.000000 1.000000
476.518738 0.000000 1794.848145 0.000000 -0.687852 0.000000 0.725851 1.000000 1.000000 1.000000
"}
object={
	name="vines 02"
	clamp_to_water_level=yes
	render_under_water=no
	generated_content=no
	layer="grass_layer"
	pdxmesh="vines_02_mesh"
	count=6
	transform="242.329391 0.000000 1841.088501 0.000000 0.456864 0.000000 0.889537 1.000000 1.000000 1.000000
243.078781 0.000000 1827.191895 0.000000 -0.600587 0.000000 0.799559 1.000000 1.000000 1.000000
207.345490 0.000000 1816.370239 0.000000 -0.487706 0.000000 0.873008 1.000000 1.000000 1.000000
204.626526 0.000000 1840.295166 0.000000 0.612045 0.000000 0.790823 1.000000 1.000000 1.000000
205.418335 0.000000 1823.518188 0.000000 -0.970648 0.000000 -0.240505 1.000000 1.000000 1.000000
203.233841 0.000000 1832.423218 0.000000 -0.907976 0.000000 0.419023 1.000000 1.000000 1.000000
"}
