object={
	name="hardened lava rock 01"
	clamp_to_water_level=no
	render_under_water=no
	generated_content=no
	layer="temp_layer"
	pdxmesh="hardened_lava_rock_01_mesh"
	count=2
	transform="4297.974609 0.000000 3842.577148 0.000000 0.480925 0.000000 0.876762 2.223726 2.223726 2.223726
4287.043457 0.000000 3760.937744 0.000000 0.958251 0.000000 0.285927 2.397559 2.397559 2.397559
"}
object={
	name="hardened lava rock 02"
	clamp_to_water_level=no
	render_under_water=no
	generated_content=no
	layer="temp_layer"
	pdxmesh="hardened_lava_rock_02_mesh"
	count=1
	transform="4405.262207 0.000000 3777.814453 0.000000 0.999587 0.000000 -0.028748 2.262694 2.262694 2.262694
"}
object={
	name="hardened lava rock 03"
	clamp_to_water_level=no
	render_under_water=no
	generated_content=no
	layer="temp_layer"
	pdxmesh="hardened_lava_rock_03_mesh"
	count=3
	transform="4296.240723 0.000000 3766.387695 0.000000 0.000000 0.000000 1.000000 4.060428 4.060428 4.060428
4294.092773 0.000000 3835.083008 0.000000 -0.260745 0.000000 0.965408 4.070139 4.070139 4.070139
4546.672852 0.000000 3829.464844 0.000000 0.766480 0.000000 -0.642268 3.645890 3.645890 3.645890
"}
object={
	name="hardened lava rock 04"
	clamp_to_water_level=no
	render_under_water=no
	generated_content=no
	layer="temp_layer"
	pdxmesh="hardened_lava_rock_04_mesh"
	count=3
	transform="4350.459961 0.000000 3776.848633 0.000000 0.934802 0.000000 0.355168 2.983421 2.983421 2.983421
4287.620605 0.000000 3841.081543 0.000000 0.085102 0.000000 0.996372 3.212693 3.212693 3.212693
4488.999023 0.000000 3815.058838 0.000000 -0.515896 0.000000 0.856651 2.331185 2.331185 2.331185
"}
object={
	name="hardened lava rock 05"
	clamp_to_water_level=no
	render_under_water=no
	generated_content=no
	layer="temp_layer"
	pdxmesh="hardened_lava_rock_05_mesh"
	count=3
	transform="4271.018555 0.000000 3826.396973 0.000000 0.900338 0.000000 0.435192 2.764343 2.764343 2.764343
4335.729004 0.000000 3804.587158 0.000000 0.336560 0.000000 0.941662 2.093567 2.093567 2.093567
4323.879883 0.000000 3750.099365 0.000000 0.000000 0.000000 1.000000 2.426270 2.426270 2.426270
"}
object={
	name="Khand rock 01"
	clamp_to_water_level=no
	render_under_water=no
	generated_content=no
	layer="building_layer"
	pdxmesh="rock_khand_01_mesh"
	count=35
	transform="4961.069824 0.000000 2511.984131 0.000000 -0.226056 0.000000 0.974114 1.000000 1.000000 1.000000
4976.146484 0.000000 2506.964844 0.000000 -0.858693 0.000000 0.512490 1.000000 1.000000 1.000000
4976.213867 0.000000 2538.421387 0.000000 0.590578 0.000000 0.806981 1.000000 1.000000 1.000000
4963.951172 0.000000 2530.011963 0.000000 0.350946 0.000000 0.936396 1.000000 1.000000 1.000000
4983.839355 0.000000 2511.907715 0.000000 -0.891805 0.000000 0.452421 1.000000 1.000000 1.000000
5096.545898 0.000000 2352.991943 0.000000 -0.301509 0.000000 0.953463 1.000000 1.000000 1.000000
5089.876465 0.000000 2364.751953 0.000000 -0.243025 0.000000 0.970020 1.000000 1.000000 1.000000
5094.387695 0.000000 2392.520020 0.000000 0.525016 0.000000 0.851092 1.000000 1.000000 1.000000
5108.266113 0.000000 2405.331299 0.000000 0.329078 0.000000 0.944303 1.000000 1.000000 1.000000
5006.872559 0.000000 2514.482910 0.000000 -0.422238 0.000000 0.906485 1.000000 1.000000 1.000000
5038.654297 0.000000 2289.754150 0.000000 0.491379 0.000000 0.870946 0.831934 0.831934 0.831934
5046.757324 0.000000 2295.814697 0.000000 0.285171 0.000000 0.958477 0.831934 0.831934 0.831934
5080.384277 0.000000 2311.285645 0.000000 0.363488 0.000000 0.931599 1.000000 1.000000 1.000000
5103.940918 0.000000 2290.006104 0.000000 -0.756238 0.000000 0.654297 1.000000 1.000000 1.000000
5094.380371 0.000000 2290.274902 0.000000 -0.602335 0.000000 0.798243 1.000000 1.000000 1.000000
5123.658691 0.000000 2305.255615 0.000000 0.991443 0.000000 0.130542 1.000000 1.000000 1.000000
4966.812012 0.000000 2388.637451 0.000000 -0.070376 0.000000 0.997521 1.266431 1.266431 1.266431
4961.467773 0.000000 2401.509521 0.000000 -0.217248 0.000000 0.976116 1.076514 1.076514 1.076514
4922.518066 0.000000 2426.959961 0.000000 0.790903 0.000000 -0.611941 1.083325 1.083325 1.083325
4938.162598 0.000000 2421.752441 0.000000 -0.212658 0.000000 0.977127 1.000000 1.000000 1.000000
4912.353516 0.000000 2413.237305 0.000000 0.951080 0.000000 0.308944 1.213501 1.213501 1.213501
4908.821777 0.000000 2421.287842 0.000000 0.999702 0.000000 -0.024416 1.210376 1.210376 1.210376
4913.252441 0.000000 2427.931152 0.000000 -0.524861 0.000000 0.851188 1.000000 1.000000 1.000000
4907.077148 0.000000 2430.505127 0.000000 0.980053 0.000000 0.198737 1.000000 1.000000 1.000000
4950.797852 0.000000 2422.169922 0.000000 -0.209973 0.000000 0.977707 0.769116 0.769116 0.769116
4939.077148 0.000000 2410.265381 0.000000 0.702910 0.000000 0.711279 1.000000 1.000000 1.000000
4920.357422 0.000000 2406.969482 0.000000 0.907694 0.000000 0.419632 1.241333 1.241333 1.241333
4928.876953 0.000000 2400.004639 0.000000 0.919093 0.000000 0.394042 1.000000 1.000000 1.000000
4982.922852 0.000000 2579.600830 0.000000 0.080358 0.000000 0.996766 1.000000 1.000000 1.000000
4983.867188 0.000000 2580.327393 0.000000 0.997852 0.000000 -0.065509 1.000000 1.000000 1.000000
5015.088867 0.000000 2584.741699 0.000000 0.097197 0.000000 0.995265 1.452954 1.452954 1.452954
5013.054199 0.000000 2584.631104 0.000000 0.883114 0.000000 0.469159 1.000000 1.000000 1.000000
5011.952637 0.000000 2587.748779 0.000000 -0.613770 0.000000 0.789485 1.000000 1.000000 1.000000
4924.758789 0.000000 2540.711426 0.000000 0.256854 0.000000 0.966450 1.000000 1.000000 1.000000
4918.649414 0.000000 2540.075928 0.000000 0.925438 0.000000 0.378899 1.000000 1.000000 1.000000
"}
object={
	name="Khand rock 02"
	clamp_to_water_level=no
	render_under_water=no
	generated_content=no
	layer="building_layer"
	pdxmesh="rock_khand_02_mesh"
	count=46
	transform="4964.409180 0.000000 2506.327881 0.000000 -0.383699 0.000000 0.923458 1.000000 1.000000 1.000000
4989.031250 0.000000 2515.518555 0.000000 -0.858130 0.000000 0.513433 1.000000 1.000000 1.000000
4961.128906 0.000000 2519.847900 0.000000 -0.002319 0.000000 0.999997 0.832129 0.832129 0.832129
4969.139648 0.000000 2535.160645 0.000000 0.444788 0.000000 0.895636 1.000000 1.000000 1.000000
4961.216797 0.000000 2523.897217 0.000000 -0.017089 0.000000 0.999854 0.947607 0.947607 0.947607
4993.375488 0.000000 2536.774414 0.000000 0.893894 0.000000 0.448279 1.000000 1.000000 1.000000
5093.021484 0.000000 2358.857178 0.000000 -0.234312 0.000000 0.972161 1.000000 1.000000 1.000000
5087.044434 0.000000 2371.244385 0.000000 -0.097501 0.000000 0.995235 1.000000 1.000000 1.000000
5113.158203 0.000000 2409.805908 0.000000 0.524964 0.000000 0.851124 1.000000 1.000000 1.000000
5105.140625 0.000000 2399.517090 0.000000 0.113646 0.000000 0.993521 1.000000 1.000000 1.000000
5101.106445 0.000000 2395.417969 0.000000 0.580584 0.000000 0.814200 1.000000 1.000000 1.000000
5103.653809 0.000000 2397.177490 0.000000 0.404287 0.000000 0.914632 1.000000 1.000000 1.000000
5016.802246 0.000000 2509.929688 0.000000 -0.292767 0.000000 0.956184 1.000000 1.000000 1.000000
5012.508789 0.000000 2510.803467 0.000000 -0.455362 0.000000 0.890307 1.000000 1.000000 1.000000
5095.755859 0.000000 2345.157227 0.000000 0.407187 0.000000 0.913345 1.000000 1.000000 1.000000
5043.764648 0.000000 2293.025635 0.000000 0.510133 0.000000 0.860096 0.831934 0.831934 0.831934
5078.199219 0.000000 2308.620117 0.000000 0.671210 0.000000 0.741267 1.000000 1.000000 1.000000
5089.291504 0.000000 2291.429688 0.000000 -0.712054 0.000000 0.702125 1.000000 1.000000 1.000000
5112.476562 0.000000 2293.741455 0.000000 0.955627 0.000000 -0.294580 1.000000 1.000000 1.000000
5121.691406 0.000000 2296.887207 0.000000 0.876143 0.000000 -0.482052 1.000000 1.000000 1.000000
4934.419922 0.000000 2426.931396 0.000000 -0.377886 0.000000 0.925852 1.234106 1.234106 1.234106
4964.534180 0.000000 2395.758545 0.000000 -0.140766 0.000000 0.990043 1.238037 1.238037 1.238037
4958.108887 0.000000 2406.964844 0.000000 -0.293409 0.000000 0.955987 1.108911 1.108911 1.108911
4966.399414 0.000000 2381.253418 0.000000 0.427322 0.000000 0.904100 1.000000 1.000000 1.000000
4931.007812 0.000000 2428.748047 0.000000 -0.561495 0.000000 0.827480 1.000000 1.000000 1.000000
4928.473633 0.000000 2428.760498 0.000000 0.793622 0.000000 -0.608411 1.000000 1.000000 1.000000
4941.572754 0.000000 2415.317383 0.000000 -0.288796 0.000000 0.957391 1.000000 1.000000 1.000000
4908.228516 0.000000 2431.788330 0.000000 -0.427322 0.000000 0.904100 0.849316 0.849316 0.849316
4905.561035 0.000000 2433.580322 0.000000 0.542197 0.000000 -0.840251 1.000000 1.000000 1.000000
4905.444824 0.000000 2434.006348 0.000000 0.977591 0.000000 -0.210515 1.000000 1.000000 1.000000
4933.730957 0.000000 2429.929443 0.000000 -0.503767 0.000000 0.863840 1.000000 1.000000 1.000000
4952.720215 0.000000 2418.025391 0.000000 -0.140222 0.000000 0.990120 0.739160 0.739160 0.739160
4943.537109 0.000000 2411.342529 0.000000 -0.180223 0.000000 0.983626 0.793018 0.793018 0.793018
4931.678711 0.000000 2409.865967 0.000000 0.583512 0.000000 0.812104 1.000000 1.000000 1.000000
4924.173828 0.000000 2408.069092 0.000000 0.421962 0.000000 0.906614 1.000000 1.000000 1.000000
4984.354980 0.000000 2576.327637 0.000000 0.968428 0.000000 0.249292 1.000000 1.000000 1.000000
4984.115723 0.000000 2575.380859 0.000000 0.712354 0.000000 0.701820 0.846436 0.846436 0.846436
4977.021484 0.000000 2566.509277 0.000000 -0.271100 0.000000 0.962551 0.870459 0.870459 0.870459
4975.254883 0.000000 2571.538818 0.000000 -0.013305 0.000000 0.999911 1.000000 1.000000 1.000000
4985.642090 0.000000 2584.092773 0.000000 0.902527 0.000000 -0.430634 1.000000 1.000000 1.000000
5015.460449 0.000000 2547.924805 0.000000 0.252486 0.000000 0.967600 1.411860 1.411860 1.411860
5020.300781 0.000000 2558.480469 0.000000 -0.160497 0.000000 0.987036 1.000000 1.000000 1.000000
5021.550293 0.000000 2560.515625 0.000000 0.904778 0.000000 0.425882 1.000000 1.000000 1.000000
5005.539551 0.000000 2588.797363 0.000000 0.573648 0.000000 -0.819102 1.000000 1.000000 1.000000
4926.884277 0.000000 2546.058838 0.000000 0.108490 0.000000 0.994098 0.878101 0.878101 0.878101
4926.579102 0.000000 2539.356934 0.000000 0.245038 0.000000 0.969514 0.795679 0.795679 0.795679
"}
object={
	name="Khand rock 03"
	clamp_to_water_level=no
	render_under_water=no
	generated_content=no
	layer="building_layer"
	pdxmesh="rock_khand_03_mesh"
	count=28
	transform="4967.619629 0.000000 2504.434570 0.000000 -0.597403 0.000000 0.801941 1.000000 1.000000 1.000000
4991.805664 0.000000 2517.145752 0.000000 -0.825042 0.000000 0.565072 1.000000 1.000000 1.000000
4961.446289 0.000000 2526.022949 0.000000 0.144210 0.000000 0.989547 1.154224 1.154224 1.154224
4971.376953 0.000000 2537.005371 0.000000 0.542461 0.000000 0.840081 1.200349 1.200349 1.200349
4995.722656 0.000000 2534.714844 0.000000 0.952093 0.000000 0.305808 1.000000 1.000000 1.000000
5090.967285 0.000000 2364.768311 0.000000 -0.314747 0.000000 0.949175 1.000000 1.000000 1.000000
5116.340820 0.000000 2411.287842 0.000000 0.532476 0.000000 0.846445 1.000000 1.000000 1.000000
5016.129883 0.000000 2523.685791 0.000000 0.183584 0.000000 0.983004 1.000000 1.000000 1.000000
5098.224121 0.000000 2348.979736 0.000000 -0.090270 0.000000 0.995917 1.000000 1.000000 1.000000
5097.247559 0.000000 2346.047852 0.000000 0.300403 0.000000 0.953812 1.000000 1.000000 1.000000
5097.792480 0.000000 2347.004883 0.000000 0.180043 0.000000 0.983659 1.000000 1.000000 1.000000
5048.293945 0.000000 2299.221924 0.000000 0.123221 0.000000 0.992379 1.011890 1.011890 1.011890
5083.523926 0.000000 2315.550049 0.000000 0.270043 0.000000 0.962848 1.000000 1.000000 1.000000
5079.436523 0.000000 2310.086182 0.000000 0.348545 0.000000 0.937292 1.256885 1.256885 1.256885
5123.894043 0.000000 2299.146484 0.000000 -0.984194 0.000000 0.177096 1.306250 1.306250 1.306250
5104.989746 0.000000 2289.660400 0.000000 -0.764444 0.000000 0.644690 1.306250 1.306250 1.306250
4967.548340 0.000000 2382.218262 0.000000 0.000000 0.000000 1.000000 1.307202 1.307202 1.307202
4909.238770 0.000000 2417.990967 0.000000 0.984452 0.000000 0.175654 1.358740 1.358740 1.358740
4942.994629 0.000000 2413.364258 0.000000 -0.126915 0.000000 0.991914 0.890430 0.890430 0.890430
4957.054688 0.000000 2408.900635 0.000000 -0.419193 0.000000 0.907897 1.161450 1.161450 1.161450
4932.907715 0.000000 2398.697266 0.000000 0.729650 0.000000 0.683821 1.000000 1.000000 1.000000
4916.882812 0.000000 2408.318115 0.000000 0.886131 0.000000 0.463435 1.000000 1.000000 1.000000
4986.758301 0.000000 2575.914551 0.000000 0.668582 0.000000 0.743639 1.000000 1.000000 1.000000
4975.720703 0.000000 2568.946777 0.000000 -0.168504 0.000000 0.985701 1.000000 1.000000 1.000000
5014.799805 0.000000 2547.985596 0.000000 0.218975 0.000000 0.975730 1.845112 1.845112 1.845112
5020.062500 0.000000 2557.458252 0.000000 0.395448 0.000000 0.918489 1.428882 1.428882 1.428882
4922.674805 0.000000 2538.227783 0.000000 0.618098 0.000000 0.786101 1.305054 1.305054 1.305054
4925.082520 0.000000 2537.528809 0.000000 0.395616 0.000000 0.918416 1.000000 1.000000 1.000000
"}
object={
	name="Khand rock 04"
	clamp_to_water_level=no
	render_under_water=no
	generated_content=no
	layer="building_layer"
	pdxmesh="rock_khand_04_mesh"
	count=27
	transform="4970.271484 0.000000 2504.636719 0.000000 -0.730818 0.000000 0.682573 1.000000 1.000000 1.000000
4980.516602 0.000000 2510.456787 0.000000 -0.872115 0.000000 0.489300 1.000000 1.000000 1.000000
4992.638184 0.000000 2517.063477 0.000000 -0.745272 0.000000 0.666761 1.058634 1.058634 1.058634
4993.877930 0.000000 2518.088135 0.000000 -0.617666 0.000000 0.786440 0.882861 0.882861 0.882861
4960.572754 0.000000 2518.159912 0.000000 0.059962 0.000000 0.998201 1.000000 1.000000 1.000000
5104.832031 0.000000 2398.426758 0.000000 0.263808 0.000000 0.964575 1.000000 1.000000 1.000000
5102.868164 0.000000 2396.105713 0.000000 0.501287 0.000000 0.865281 1.000000 1.000000 1.000000
5016.052734 0.000000 2523.767334 0.000000 -0.034722 0.000000 0.999397 1.000000 1.000000 1.000000
5013.649414 0.000000 2523.656494 0.000000 0.910134 0.000000 -0.414315 1.000000 1.000000 1.000000
5098.918457 0.000000 2348.241943 0.000000 0.089601 0.000000 0.995978 1.000000 1.000000 1.000000
5035.753418 0.000000 2288.815186 0.000000 0.648605 0.000000 0.761126 0.812598 0.812598 0.812598
5083.731934 0.000000 2316.548340 0.000000 0.000000 0.000000 1.000000 1.000000 1.000000 1.000000
5114.092285 0.000000 2296.239990 0.000000 0.929789 0.000000 -0.368093 1.000000 1.000000 1.000000
5122.755859 0.000000 2310.681396 0.000000 0.987086 0.000000 0.160191 1.000000 1.000000 1.000000
5118.624512 0.000000 2296.581543 0.000000 -0.656375 0.000000 0.754435 1.000000 1.000000 1.000000
5086.784180 0.000000 2291.059326 0.000000 -0.771131 0.000000 0.636677 1.000000 1.000000 1.000000
4967.262695 0.000000 2381.912354 0.000000 0.237812 0.000000 0.971311 1.000000 1.000000 1.000000
4922.726074 0.000000 2426.925293 0.000000 -0.782925 0.000000 0.622117 1.261426 1.261426 1.261426
4931.470703 0.000000 2429.126221 0.000000 -0.606323 0.000000 0.795219 1.449063 1.449063 1.449063
4943.015137 0.000000 2412.172363 0.000000 0.236744 0.000000 0.971572 1.000000 1.000000 1.000000
4924.200684 0.000000 2406.659912 0.000000 0.748923 0.000000 0.662657 1.487411 1.487411 1.487411
4911.519043 0.000000 2414.059570 0.000000 0.953170 0.000000 0.302435 1.455957 1.455957 1.455957
5020.705566 0.000000 2557.899658 0.000000 0.176259 0.000000 0.984344 1.247241 1.247241 1.247241
5002.097168 0.000000 2589.712158 0.000000 -0.413366 0.000000 0.910565 0.887952 0.887952 0.887952
5093.447266 0.000000 2342.843262 0.000000 0.273450 0.000000 0.961886 0.786646 0.786646 0.786646
4915.516113 0.000000 2543.220459 0.000000 0.981669 0.000000 0.190595 0.767603 0.767603 0.767603
4928.057617 0.000000 2542.230957 0.000000 0.182684 0.000000 0.983172 1.000000 1.000000 1.000000
"}
object={
	name="Khand rock 05"
	clamp_to_water_level=no
	render_under_water=no
	generated_content=no
	layer="building_layer"
	pdxmesh="rock_khand_05_mesh"
	count=0
}
object={
	name="Khand rock 06"
	clamp_to_water_level=no
	render_under_water=no
	generated_content=no
	layer="building_layer"
	pdxmesh="rock_khand_06_mesh"
	count=4
	transform="5017.310059 0.000000 2524.145264 0.000000 0.910188 0.000000 0.414195 1.000000 1.000000 1.000000
5109.015137 0.000000 2290.341797 0.000000 0.803104 0.000000 -0.595839 1.000000 1.000000 1.000000
4966.156250 0.000000 2393.233154 0.000000 -0.065200 0.000000 0.997872 1.275659 1.275659 1.275659
4928.094727 0.000000 2408.819336 0.000000 0.603017 0.000000 0.797728 1.000000 1.000000 1.000000
"}
object={
	name="Khand rock 07"
	clamp_to_water_level=no
	render_under_water=no
	generated_content=no
	layer="building_layer"
	pdxmesh="rock_khand_07_mesh"
	count=7
	transform="4967.237793 0.000000 2526.263184 0.000000 -0.674281 0.000000 0.738475 1.000000 1.000000 1.000000
4993.032227 -4.303467 2516.797363 0.000000 0.745882 0.000000 0.666078 1.000000 1.000000 1.000000
5098.378418 -3.741211 2396.576904 0.000000 -0.351804 0.000000 0.936074 1.473193 1.473193 1.473193
5105.550293 -0.255127 2348.432373 0.000000 -0.875086 0.000000 0.483968 1.000000 1.000000 1.000000
5089.068359 -1.808838 2316.586914 0.000000 0.000000 0.000000 1.000000 0.883740 0.883740 0.883740
4922.927246 -4.527588 2409.861572 0.000000 -0.591612 0.000000 0.806223 1.170310 1.170310 1.170310
5013.119629 -1.025879 2587.734863 0.000000 -0.990810 0.000000 0.135261 1.000000 1.000000 1.000000
"}
object={
	name="Khand rock 08"
	clamp_to_water_level=no
	render_under_water=no
	generated_content=no
	layer="building_layer"
	pdxmesh="rock_khand_08_mesh"
	count=8
	transform="4979.682617 -6.611084 2510.446533 0.000000 0.253431 0.000000 0.967353 1.453711 1.453711 1.453711
4977.513672 0.000000 2533.524414 0.000000 -0.447355 0.000000 0.894356 1.000000 1.000000 1.000000
4985.182129 0.000000 2525.176270 0.000000 0.996537 0.000000 0.083151 0.870996 0.870996 0.870996
5091.149902 -10.808105 2363.296143 0.000000 0.552269 0.000000 0.833666 1.840757 1.840757 1.840757
5008.520996 -4.492920 2515.308350 0.000000 -0.182924 0.000000 0.983127 1.276709 1.276709 1.276709
5097.500488 -3.299072 2347.090088 0.000000 -0.790498 0.000000 0.612465 1.000000 1.000000 1.000000
5114.965820 -3.982666 2299.653320 0.000000 -0.459758 0.000000 0.888044 1.184863 1.184863 1.184863
5017.644043 -3.332520 2580.947998 0.000000 0.903052 0.000000 -0.429532 1.000000 1.000000 1.000000
"}
object={
	name="Khand rock 09"
	clamp_to_water_level=no
	render_under_water=no
	generated_content=no
	layer="building_layer"
	pdxmesh="rock_khand_09_mesh"
	count=9
	transform="4966.653809 0.000000 2520.864990 0.000000 0.686713 0.000000 0.726928 1.460889 1.460889 1.460889
4993.368652 0.000000 2522.857422 0.000000 0.000000 0.000000 1.000000 1.218311 1.218311 1.218311
5108.201172 0.000000 2394.240234 0.000000 -0.099323 0.000000 0.995055 1.304688 1.304688 1.304688
5016.320801 0.000000 2510.102539 0.000000 -0.292066 0.000000 0.956398 1.244019 1.244019 1.244019
5104.664062 0.000000 2295.601318 0.000000 0.000000 0.000000 1.000000 1.000000 1.000000 1.000000
5085.189941 0.000000 2291.383789 0.000000 0.000000 0.000000 1.000000 0.913037 0.913037 0.913037
4911.111328 0.000000 2405.067871 0.000000 0.295742 0.000000 0.955268 1.288867 1.288867 1.288867
5007.386719 0.000000 2585.787109 0.000000 0.000000 0.000000 1.000000 1.498096 1.498096 1.498096
5022.405273 0.000000 2588.777588 0.000000 -0.878519 0.000000 0.477707 1.019604 1.019604 1.019604
"}
object={
	name="Khand rock 10"
	clamp_to_water_level=no
	render_under_water=no
	generated_content=no
	layer="building_layer"
	pdxmesh="rock_khand_10_mesh"
	count=24
	transform="4972.541504 0.000000 2529.097412 0.000000 -0.681996 0.000000 0.731356 0.767920 0.767920 0.767920
4970.955566 0.000000 2525.780762 0.000000 0.000000 0.000000 1.000000 1.000000 1.000000 1.000000
4995.709961 0.000000 2520.269287 0.000000 -0.452915 0.000000 0.891554 1.633740 1.633740 1.633740
4986.475586 0.000000 2512.759277 0.000000 -0.312719 0.000000 0.949846 2.170605 2.170605 2.170605
4989.131348 0.000000 2535.803955 0.000000 -0.344308 0.000000 0.938857 1.680151 1.680151 1.680151
4987.381836 0.000000 2540.229492 0.000000 -0.600531 0.000000 0.799601 2.079053 2.079053 2.079053
4982.392578 0.000000 2543.688232 0.000000 -0.035393 0.000000 0.999373 1.449854 1.449854 1.449854
4979.599121 0.000000 2540.171631 0.000000 -0.711754 0.000000 0.702429 1.630640 1.630640 1.630640
5098.517090 0.000000 2355.582764 0.000000 -0.954781 0.000000 0.297311 2.548707 2.548707 2.548707
5100.547852 0.000000 2357.816406 0.000000 0.247404 0.000000 0.968912 1.226856 1.226856 1.226856
5090.146973 0.000000 2390.791016 0.000000 0.200535 0.000000 0.979686 1.636548 1.636548 1.636548
5014.971680 0.000000 2523.497070 0.000000 -0.300461 0.000000 0.953794 1.710986 1.710986 1.710986
5008.181641 0.000000 2532.407959 0.000000 0.000000 0.000000 1.000000 1.688061 1.688061 1.688061
5041.907227 0.000000 2292.323242 0.000000 0.000000 0.000000 1.000000 1.807739 1.807739 1.807739
5088.867188 0.000000 2289.688477 0.000000 0.000000 0.000000 1.000000 1.885840 1.885840 1.885840
5106.303711 0.000000 2289.333740 0.000000 0.837052 0.000000 -0.547123 1.470111 1.470111 1.470111
5113.308594 0.000000 2293.393555 0.000000 0.775696 0.000000 0.631107 1.021680 1.021680 1.021680
4900.011230 0.000000 2437.291260 0.000000 0.927026 0.000000 0.374998 1.488311 1.488311 1.488311
4933.671875 0.000000 2437.552734 0.000000 0.173315 0.000000 0.984866 2.344572 2.344572 2.344572
4941.895020 0.000000 2412.378906 0.000000 -0.582967 0.000000 0.812496 1.848828 1.848828 1.848828
5009.624023 0.000000 2593.758057 0.000000 0.895285 0.000000 0.445494 1.289380 1.289380 1.289380
4843.192383 0.000000 2194.960449 0.000000 -0.612565 0.000000 0.790420 1.684961 1.684961 1.684961
4924.840332 0.000000 2540.626465 0.000000 -0.667901 0.000000 0.744251 1.176997 1.176997 1.176997
4934.344727 0.000000 2545.592285 0.000000 -0.615359 0.000000 0.788247 1.000000 1.000000 1.000000
"}
object={
	name="Khand rock 11"
	clamp_to_water_level=no
	render_under_water=no
	generated_content=no
	layer="building_layer"
	pdxmesh="rock_khand_11_mesh"
	count=29
	transform="4979.781250 0.000000 2532.525391 0.000000 -0.616850 0.000000 0.787081 1.681885 1.681885 1.681885
4971.960938 0.000000 2527.621338 0.000000 0.000000 0.000000 1.000000 1.000000 1.000000 1.000000
4994.106934 0.000000 2514.471436 0.000000 -0.600775 0.000000 0.799418 1.000000 1.000000 1.000000
4973.643555 0.000000 2504.591309 0.000000 0.881908 0.000000 0.471421 2.149163 2.149163 2.149163
4969.267578 0.000000 2503.734863 0.000000 0.079384 0.000000 0.996844 1.648682 1.648682 1.648682
4995.652344 0.000000 2533.128662 0.000000 -0.298539 0.000000 0.954397 2.237256 2.237256 2.237256
4981.991699 0.000000 2539.061523 0.000000 -0.721713 0.000000 0.692192 1.902734 1.902734 1.902734
5090.922363 0.000000 2388.596924 0.000000 -0.629736 0.000000 0.776809 1.362378 1.362378 1.362378
5119.114746 0.000000 2408.999512 0.000000 -0.986481 0.000000 -0.163874 1.599121 1.599121 1.599121
5090.528320 0.000000 2384.337646 0.000000 -0.869083 0.000000 0.494667 2.018775 2.018775 2.018775
5098.876953 0.000000 2387.369385 0.000000 0.000000 0.000000 1.000000 1.000000 1.000000 1.000000
5019.731445 0.000000 2518.671143 0.000000 -0.196168 0.000000 0.980570 1.613794 1.613794 1.613794
5010.282715 0.000000 2524.055908 0.000000 0.717560 0.000000 0.696497 1.385083 1.385083 1.385083
5009.020508 0.000000 2529.356934 0.000000 0.428866 0.000000 0.903368 1.000000 1.000000 1.000000
5007.833008 0.000000 2525.765381 0.000000 -0.552574 0.000000 0.833464 1.000000 1.000000 1.000000
5046.172852 0.000000 2288.523926 0.000000 0.000000 0.000000 1.000000 1.000000 1.000000 1.000000
5036.474609 0.000000 2286.050537 0.000000 0.000000 0.000000 1.000000 1.375000 1.375000 1.375000
5054.008789 0.000000 2298.923828 0.000000 0.062459 0.000000 0.998048 2.244824 2.244824 2.244824
5121.269531 0.000000 2311.680176 0.000000 0.522521 0.000000 0.852627 1.944629 1.944629 1.944629
5104.180176 0.000000 2288.145020 0.000000 0.707971 0.000000 0.706241 1.221020 1.221020 1.221020
5111.915039 0.000000 2290.531006 0.000000 0.425831 0.000000 0.904803 1.202026 1.202026 1.202026
5099.232910 0.000000 2288.631836 0.000000 0.338571 0.000000 0.940941 1.388403 1.388403 1.388403
5084.916992 0.000000 2292.813965 0.000000 -0.257385 0.000000 0.966309 1.197925 1.197925 1.197925
4934.352539 0.000000 2398.094238 0.000000 -0.553540 0.000000 0.832823 1.974683 1.974683 1.974683
4900.831543 0.000000 2433.311523 0.000000 0.489357 0.000000 0.872083 1.000000 1.000000 1.000000
4858.225098 0.000000 2206.627197 0.000000 0.000000 0.000000 1.000000 1.000000 1.000000 1.000000
4919.050781 0.000000 2541.102539 0.000000 0.000000 0.000000 1.000000 1.129541 1.129541 1.129541
4929.086426 0.000000 2548.060059 0.000000 0.476531 0.000000 0.879158 1.163940 1.163940 1.163940
4928.585449 0.000000 2533.064941 0.000000 0.000000 0.000000 1.000000 1.000000 1.000000 1.000000
"}
object={
	name="salt rock 01"
	clamp_to_water_level=no
	render_under_water=yes
	generated_content=no
	layer="tree_high_layer"
	pdxmesh="rock_salt_01_mesh"
	count=1
	transform="5172.010254 0.000000 2405.513916 0.000000 -0.990891 0.000000 -0.134665 1.229810 1.229810 1.229810
"}
object={
	name="volcano 01"
	clamp_to_water_level=no
	render_under_water=yes
	generated_content=no
	layer="temp_layer"
	entity="volcano_01_entity"
	count=1
	transform="4310.060547 0.000000 3824.227051 0.000000 -0.191258 0.000000 0.981540 1.000000 1.000000 1.000000
"}
