object={
	name="terrain decal basalt 01"
	clamp_to_water_level=no
	render_under_water=no
	generated_content=no
	layer="building_layer"
	pdxmesh="basalt_01_mesh"
	count=13
	transform="3597.133301 0.000000 3885.038086 0.000000 0.492707 0.000000 0.870195 1.000000 1.000000 1.000000
3605.830078 0.000000 3895.533447 0.000000 -0.390509 0.000000 0.920599 0.626172 0.626172 0.626172
3616.403564 0.000000 3900.740723 0.000000 -0.273743 0.000000 0.961803 0.721973 0.721973 0.721973
3623.229248 0.000000 3908.672363 0.000000 -0.674686 0.000000 0.738105 0.747509 0.747509 0.747509
3611.061035 0.000000 3903.629150 0.000000 -0.574880 0.000000 0.818238 0.694971 0.694971 0.694971
3614.718994 0.000000 3871.466309 0.000000 0.664555 0.000000 0.747239 0.588232 0.588232 0.588232
3617.514404 0.000000 3870.433105 0.000000 0.400599 0.000000 0.916254 0.588232 0.588232 0.588232
3615.737305 0.000000 3880.781250 0.000000 0.840613 0.000000 0.541637 0.715576 0.715576 0.715576
3619.079590 0.000000 3868.915771 0.000000 -0.179623 0.000000 0.983736 0.333432 0.333432 0.333432
3632.963135 0.000000 3926.708984 0.000000 0.025754 0.000000 0.999668 0.498315 0.498315 0.498315
3737.058594 0.000000 4858.846680 0.000000 -0.228731 0.000000 0.973490 1.000000 1.000000 1.000000
3724.177979 0.000000 4850.515137 0.000000 -0.630494 0.000000 0.776194 0.829297 0.829297 0.829297
3730.067627 0.000000 4861.247070 0.000000 -0.415282 0.000000 0.909693 1.000000 1.000000 1.000000
"}
object={
	name="terrain decal lichen 01"
	clamp_to_water_level=no
	render_under_water=no
	generated_content=no
	layer="building_layer"
	pdxmesh="lichen_01_mesh"
	count=6
	transform="3463.392090 0.000000 4234.058105 0.000000 0.380117 0.000000 0.924938 0.695703 0.695703 0.695703
3419.491699 0.000000 4193.944336 0.000000 0.437366 0.000000 0.899284 0.582422 0.582422 0.582422
4254.059082 0.000000 4386.681641 0.000000 0.391464 0.000000 0.920194 0.640234 0.640234 0.640234
4262.448242 0.000000 4365.229492 0.000000 0.875027 0.000000 0.484075 0.841650 0.841650 0.841650
4358.284180 0.000000 4327.962402 0.000000 0.465223 0.000000 0.885193 0.695410 0.695410 0.695410
3878.245117 0.000000 4790.548828 0.000000 0.000000 0.000000 1.000000 0.523535 0.523535 0.523535
"}
object={
	name="terrain decal lichen 02"
	clamp_to_water_level=no
	render_under_water=no
	generated_content=no
	layer="building_layer"
	pdxmesh="lichen_02_mesh"
	count=6
	transform="3437.531006 0.000000 4194.933594 0.000000 0.932837 0.000000 0.360298 0.452246 0.452246 0.452246
4258.253906 0.000000 4367.738770 0.000000 0.686225 0.000000 0.727389 1.000000 1.000000 1.000000
4253.241211 0.000000 4383.406250 0.000000 0.238938 0.000000 0.971035 0.780615 0.780615 0.780615
4260.608398 0.000000 4362.218750 0.000000 -0.646744 0.000000 0.762707 1.000000 1.000000 1.000000
3874.447021 0.000000 4791.136230 0.000000 -0.599115 0.000000 0.800663 1.000000 1.000000 1.000000
3877.559082 0.000000 4794.040039 0.000000 0.000000 0.000000 1.000000 0.593164 0.593164 0.593164
"}
object={
	name="terrain decal lichen 03"
	clamp_to_water_level=no
	render_under_water=no
	generated_content=no
	layer="building_layer"
	pdxmesh="lichen_03_mesh"
	count=5
	transform="4700.836426 0.000000 4272.923828 0.000000 -0.944805 0.000000 0.327633 1.000000 1.000000 1.000000
4710.734863 0.000000 4264.238281 0.000000 -0.406463 0.000000 0.913667 0.636230 0.636230 0.636230
3485.708984 0.000000 4183.354980 0.000000 0.435114 0.000000 0.900375 1.510687 1.510687 1.510687
3431.589844 0.000000 4192.984375 0.000000 0.584454 0.000000 0.811427 1.000000 1.000000 1.000000
3559.981201 0.000000 3950.098389 0.000000 0.438655 0.000000 0.898655 1.000000 1.000000 1.000000
"}
object={
	name="terrain decal limestone 01"
	clamp_to_water_level=no
	render_under_water=no
	generated_content=no
	layer="building_layer"
	pdxmesh="limestone_01_mesh"
	count=15
	transform="222.527893 0.000000 1849.614624 0.000000 -0.797795 0.000000 0.602928 1.000000 1.000000 1.000000
210.776840 0.000000 1850.348633 0.000000 0.706200 0.000000 0.708012 1.000000 1.000000 1.000000
201.301590 0.000000 1848.859497 0.000000 -0.789154 0.000000 0.614196 0.617078 0.617078 0.617078
192.031342 0.000000 1846.893066 0.000000 -0.781660 0.000000 0.623704 1.000000 1.000000 1.000000
182.376694 0.000000 1842.815674 0.000000 -0.711407 0.000000 0.702780 1.000000 1.000000 1.000000
171.352264 0.000000 1842.789185 0.000000 -0.600441 0.000000 0.799669 1.000000 1.000000 1.000000
164.151657 0.000000 1849.151855 0.000000 -0.801399 0.000000 0.598130 1.000000 1.000000 1.000000
153.970428 0.000000 1845.509277 0.000000 0.764896 0.000000 0.644154 1.000000 1.000000 1.000000
145.289337 0.000000 1849.946899 0.000000 -0.424478 0.000000 0.905438 0.671570 0.671570 0.671570
207.248276 0.000000 1804.751953 0.000000 0.751237 0.000000 0.660033 0.753687 0.753687 0.753687
194.814438 0.000000 1809.700073 0.000000 -0.955856 0.000000 0.293837 1.000000 1.000000 1.000000
185.585373 0.000000 1810.809814 0.000000 0.716793 0.000000 0.697286 1.000000 1.000000 1.000000
172.282364 0.000000 1796.864136 0.000000 0.103887 0.000000 0.994589 0.633252 0.633252 0.633252
176.136032 0.000000 1805.603760 0.000000 0.306111 0.000000 0.951996 1.000000 1.000000 1.000000
181.888916 0.000000 1814.665527 0.000000 -0.830244 0.000000 0.557400 0.651221 0.651221 0.651221
"}
object={
	name="terrain decal moss 01"
	clamp_to_water_level=no
	render_under_water=no
	generated_content=no
	layer="building_layer"
	pdxmesh="moss_01_mesh"
	count=2
	transform="4810.581055 0.000000 4541.908691 0.000000 0.129034 0.000000 0.991640 1.344009 1.344009 1.344009
4802.024902 0.000000 4544.200684 0.000000 -0.730568 0.000000 0.682840 1.292627 1.292627 1.292627
"}
object={
	name="terrain decal moss 02"
	clamp_to_water_level=no
	render_under_water=no
	generated_content=no
	layer="building_layer"
	pdxmesh="moss_02_mesh"
	count=31
	transform="217.391922 0.000000 1812.160278 0.000000 -0.506722 0.000000 0.862110 1.625281 1.625281 1.625281
206.764206 0.000000 1813.900391 0.000000 0.301296 0.000000 0.953531 1.885531 1.885531 1.885531
247.412430 0.000000 1817.497437 0.000000 -0.238805 0.000000 0.971068 2.209704 2.209704 2.209704
217.552399 0.000000 1827.197632 0.000000 -0.869595 0.000000 0.493767 1.635231 1.635231 1.635231
200.281937 0.000000 1840.770508 0.000000 0.495892 0.000000 0.868384 1.289661 1.289661 1.289661
204.661850 0.000000 1812.481934 0.000000 0.335101 0.000000 0.942182 1.000000 1.000000 1.000000
229.792404 0.000000 1814.083374 0.000000 0.129830 0.000000 0.991536 1.000000 1.000000 1.000000
210.744202 0.000000 1822.963257 0.000000 0.151161 0.000000 0.988509 1.067383 1.067383 1.067383
204.004257 0.000000 1840.042358 0.000000 -0.276809 0.000000 0.960925 1.117200 1.117200 1.117200
204.437042 0.000000 1830.514404 0.000000 0.331669 0.000000 0.943396 1.208826 1.208826 1.208826
280.885315 0.000000 1849.109741 0.000000 -0.489996 0.000000 0.871725 1.779736 1.779736 1.779736
285.078735 0.000000 1658.456787 0.000000 0.402807 0.000000 0.915285 1.262610 1.262610 1.262610
5151.586426 0.000000 2470.405273 0.000000 0.646092 0.000000 0.763259 1.976953 1.976953 1.976953
4267.056641 0.000000 4578.597656 0.000000 -0.406518 0.000000 0.913643 1.000000 1.000000 1.000000
4276.426758 0.000000 4568.194824 0.000000 0.543077 0.000000 0.839683 0.684814 0.684814 0.684814
4292.582520 0.000000 4558.833984 0.000000 0.365705 0.000000 0.930731 1.000000 1.000000 1.000000
4286.964844 0.000000 4621.476074 0.000000 0.906281 0.000000 0.422677 1.341846 1.341846 1.341846
4270.451660 0.000000 4621.160645 0.000000 -0.134721 0.000000 0.990884 1.000000 1.000000 1.000000
4266.565918 0.000000 4630.192871 0.000000 0.460191 0.000000 0.887820 1.201025 1.201025 1.201025
4249.660645 0.000000 4584.728027 0.000000 0.484025 0.000000 0.875054 1.000000 1.000000 1.000000
4235.291992 0.000000 4576.340820 0.000000 0.865436 0.000000 0.501019 1.000000 1.000000 1.000000
4225.452148 0.000000 4583.041992 0.000000 0.475081 0.000000 0.879942 1.356348 1.356348 1.356348
4194.882324 0.000000 4594.200195 0.000000 0.320535 0.000000 0.947237 1.000000 1.000000 1.000000
4147.677734 0.000000 4575.955078 0.000000 0.694395 0.000000 0.719595 0.634521 0.634521 0.634521
4229.444824 0.000000 4518.864746 0.000000 0.426052 0.000000 0.904699 1.000000 1.000000 1.000000
4231.798340 0.000000 4535.516602 0.000000 -0.217963 0.000000 0.975957 1.273877 1.273877 1.273877
3438.979736 0.000000 4193.756836 0.000000 0.413338 0.000000 0.910578 1.625293 1.625293 1.625293
3417.590820 0.000000 4192.153809 0.000000 0.293963 0.000000 0.955817 1.000000 1.000000 1.000000
3420.796387 0.000000 4196.405762 0.000000 0.292271 0.000000 0.956336 1.000000 1.000000 1.000000
4805.114746 0.000000 4539.774902 0.000000 0.240775 0.000000 0.970581 1.587256 1.587256 1.587256
208.768631 0.000000 1827.436768 0.000000 0.515245 0.000000 0.857043 1.855383 1.855383 1.855383
"}
