object={
	name="steppe_bush_01_generator_0"
	clamp_to_water_level=no
	render_under_water=no
	generated_content=yes
	layer="grass_layer"
	pdxmesh="steppe_bush_01_mesh"
	count=33
	transform="4122.469727 0.000000 2217.274170 0.000000 0.015117 0.000000 0.999886 0.237842 0.237842 0.237842
4117.564941 0.000000 2220.091553 0.000000 0.238485 0.000000 0.971146 0.285835 0.285835 0.285835
4120.907227 0.000000 2212.199463 0.000000 0.972038 0.000000 -0.234823 0.542460 0.542460 0.542460
4121.752930 0.000000 2221.854248 0.000000 0.101111 0.000000 0.994875 0.231267 0.231267 0.231267
4118.508789 0.000000 2216.008057 0.000000 0.472354 0.000000 0.881409 0.318871 0.318871 0.318871
4118.582520 0.000000 2222.942383 0.000000 0.585252 0.000000 0.810852 0.331796 0.331796 0.331796
4123.793945 0.000000 2212.800049 0.000000 0.353971 0.000000 -0.935256 0.706752 0.706752 0.706752
4119.884766 0.000000 2218.478027 0.000000 0.876224 0.000000 -0.481904 0.589442 0.589442 0.589442
4121.025879 0.000000 2214.949951 0.000000 0.124205 0.000000 0.992257 0.231907 0.231907 0.231907
4123.265137 0.000000 2214.930908 0.000000 0.611813 0.000000 0.791002 0.343390 0.343390 0.343390
4119.787598 0.000000 2220.854248 0.000000 0.945974 0.000000 0.324242 0.440438 0.440438 0.440438
4117.312012 0.000000 2224.783203 0.000000 0.842399 0.000000 -0.538854 0.605489 0.605489 0.605489
4121.590332 0.000000 2219.656738 0.000000 0.815595 0.000000 0.578623 0.388316 0.388316 0.388316
4620.865234 0.000000 2487.854248 0.000000 0.822343 0.000000 0.568993 0.396489 0.396489 0.396489
4612.349121 0.000000 2484.827148 0.000000 0.082849 0.000000 0.996562 0.258558 0.258558 0.258558
4608.737305 0.000000 2487.952148 0.000000 0.194342 0.000000 -0.980934 0.726596 0.726596 0.726596
4616.698242 0.000000 2486.232910 0.000000 0.978210 0.000000 -0.207619 0.535244 0.535244 0.535244
4651.978516 0.000000 2494.171631 0.000000 0.973729 0.000000 -0.227710 0.537709 0.537709 0.537709
4624.813965 0.000000 2488.722412 0.000000 0.985319 0.000000 -0.170720 0.528483 0.528483 0.528483
4619.945801 0.000000 2484.295654 0.000000 0.068811 0.000000 0.997630 0.249711 0.249711 0.249711
4652.064453 0.000000 2486.674316 0.000000 0.869254 0.000000 -0.494367 0.587787 0.587787 0.587787
4613.963379 0.000000 2487.286377 0.000000 0.976217 0.000000 -0.216794 0.536962 0.536962 0.536962
4611.283203 0.000000 2487.288330 0.000000 0.302156 0.000000 -0.953259 0.720867 0.720867 0.720867
4619.009277 0.000000 2486.335938 0.000000 0.977214 0.000000 -0.212257 0.536444 0.536444 0.536444
4622.642090 0.000000 2489.088867 0.000000 0.999446 0.000000 0.033277 0.494246 0.494246 0.494246
4650.422852 0.000000 2503.337158 0.000000 0.685652 0.000000 0.727929 0.357520 0.357520 0.357520
4642.959961 0.000000 2506.535400 0.000000 0.559855 0.000000 -0.828591 0.663962 0.663962 0.663962
4636.941895 0.000000 2497.114258 0.000000 0.999859 0.000000 0.016808 0.497094 0.497094 0.497094
4648.872559 0.000000 2497.461914 0.000000 0.593134 0.000000 0.805104 0.349302 0.349302 0.349302
4640.132324 0.000000 2501.435791 0.000000 0.485060 0.000000 -0.874481 0.673385 0.673385 0.673385
4651.753418 0.000000 2495.543457 0.000000 0.912379 0.000000 0.409346 0.430773 0.430773 0.430773
4651.379883 0.000000 2498.100830 0.000000 0.368050 0.000000 0.929806 0.292849 0.292849 0.292849
4650.629395 0.000000 2500.300537 0.000000 0.907095 0.000000 0.420927 0.424887 0.424887 0.424887
"}
