object={
	name="tree_birch_yellow_generator_1_0"
	clamp_to_water_level=no
	render_under_water=no
	generated_content=yes
	layer="tree_high_layer"
	pdxmesh="tree_birch_yellow_01_a_mesh"
	count=7
	transform="5240.007324 0.000000 3059.619873 0.000000 0.300266 0.000000 -0.953856 1.000000 1.000000 1.000000
5229.010254 0.000000 3059.720947 0.000000 0.946175 0.000000 -0.323654 1.000000 1.000000 1.000000
5236.040527 0.000000 3053.584961 0.000000 0.890655 0.000000 -0.454679 1.000000 1.000000 1.000000
5241.036621 0.000000 3054.960449 0.000000 0.867189 0.000000 0.497980 1.000000 1.000000 1.000000
5241.783203 0.000000 3049.151611 0.000000 0.998403 0.000000 -0.056484 1.000000 1.000000 1.000000
5238.511230 0.000000 3053.293457 0.000000 0.724063 0.000000 -0.689734 1.000000 1.000000 1.000000
5237.550293 0.000000 3059.612305 0.000000 0.636079 0.000000 0.771624 1.000000 1.000000 1.000000
"}
object={
	name="tree_birch_yellow_generator_1_1"
	clamp_to_water_level=no
	render_under_water=no
	generated_content=yes
	layer="tree_high_layer"
	pdxmesh="tree_birch_yellow_01_b_mesh"
	count=12
	transform="5243.824707 0.000000 3051.075195 0.000000 0.440250 0.000000 0.897875 1.000000 1.000000 1.000000
5234.542969 0.000000 3061.831055 0.000000 0.939922 0.000000 0.341389 1.000000 1.000000 1.000000
5240.061035 0.000000 3046.861816 0.000000 0.445456 0.000000 -0.895304 1.000000 1.000000 1.000000
5235.875977 0.000000 3057.811279 0.000000 0.653494 0.000000 -0.756932 1.000000 1.000000 1.000000
5239.655273 0.000000 3051.023682 0.000000 0.950993 0.000000 -0.309213 1.000000 1.000000 1.000000
5232.642578 0.000000 3058.822266 0.000000 0.908796 0.000000 -0.417241 1.000000 1.000000 1.000000
5242.514160 0.000000 3057.991943 0.000000 0.860689 0.000000 0.509131 1.000000 1.000000 1.000000
5238.125977 0.000000 3055.790527 0.000000 0.921895 0.000000 -0.387439 1.000000 1.000000 1.000000
5234.235840 0.000000 3055.514404 0.000000 0.876629 0.000000 0.481166 1.000000 1.000000 1.000000
5240.070313 0.000000 3057.113770 0.000000 0.383290 0.000000 -0.923628 1.000000 1.000000 1.000000
5234.645020 0.000000 3059.611084 0.000000 0.709928 0.000000 -0.704274 1.000000 1.000000 1.000000
5236.083008 0.000000 3055.992920 0.000000 0.811333 0.000000 -0.584585 1.000000 1.000000 1.000000
"}
