object={
	name="tree_leaf_high_generator_3_0"
	clamp_to_water_level=no
	render_under_water=no
	generated_content=yes
	layer="tree_high_layer"
	pdxmesh="tree_leaf_01_c_mesh"
	count=45
	transform="3391.182861 0.000000 2478.256592 0.000000 0.069039 0.000000 -0.997614 0.857586 0.857586 0.857586
3402.958496 0.000000 2469.214355 0.000000 0.491854 0.000000 -0.870678 0.848747 0.848747 0.848747
3415.256836 0.000000 2481.821777 0.000000 0.186145 0.000000 0.982522 0.769327 0.769327 0.769327
3405.013428 0.000000 2487.854248 0.000000 0.841019 0.000000 -0.541006 0.823290 0.823290 0.823290
3417.290283 0.000000 2487.197998 0.000000 0.691761 0.000000 -0.722127 0.823206 0.823206 0.823206
3396.497314 0.000000 2484.827148 0.000000 0.400850 0.000000 0.916144 0.767380 0.767380 0.767380
3395.843262 0.000000 2478.767334 0.000000 0.854215 0.000000 -0.519920 0.824898 0.824898 0.824898
3406.954346 0.000000 2472.066162 0.000000 0.529459 0.000000 0.848335 0.774512 0.774512 0.774512
3400.846680 0.000000 2486.232910 0.000000 0.981681 0.000000 -0.190533 0.808500 0.808500 0.808500
3396.994629 0.000000 2481.699463 0.000000 0.333030 0.000000 0.942916 0.742456 0.742456 0.742456
3354.563232 0.000000 2537.196045 0.000000 0.673340 0.000000 0.739333 0.786040 0.786040 0.786040
3353.000732 0.000000 2532.121338 0.000000 0.775235 0.000000 -0.631673 0.815977 0.815977 0.815977
3355.887695 0.000000 2532.721924 0.000000 0.985542 0.000000 0.169433 0.789799 0.789799 0.789799
3353.119629 0.000000 2534.871826 0.000000 0.999046 0.000000 -0.043680 0.803403 0.803403 0.803403
3413.160400 0.000000 2495.744629 0.000000 0.130810 0.000000 0.991407 0.755146 0.755146 0.755146
3324.152588 0.000000 2620.095703 0.000000 0.999828 0.000000 -0.018559 0.800445 0.800445 0.800445
3309.490723 0.000000 2602.675537 0.000000 0.830204 0.000000 0.557459 0.775553 0.775553 0.775553
3320.295654 0.000000 2598.971191 0.000000 0.975818 0.000000 0.218586 0.790757 0.790757 0.790757
3311.844238 0.000000 2607.573975 0.000000 0.978664 0.000000 -0.205469 0.806448 0.806448 0.806448
3311.775635 0.000000 2598.823730 0.000000 0.986508 0.000000 -0.163713 0.804631 0.804631 0.804631
3319.379150 0.000000 2594.666260 0.000000 0.908449 0.000000 0.417995 0.781655 0.781655 0.781655
3319.889648 0.000000 2603.133057 0.000000 0.239946 0.000000 -0.970786 0.841392 0.841392 0.841392
3313.030273 0.000000 2603.880615 0.000000 0.984266 0.000000 0.176693 0.786484 0.786484 0.786484
3304.843506 0.000000 2618.307373 0.000000 0.998778 0.000000 0.049430 0.797778 0.797778 0.797778
3318.192139 0.000000 2601.135010 0.000000 0.647208 0.000000 -0.762313 0.869081 0.869081 0.869081
3318.654785 0.000000 2624.111572 0.000000 0.713383 0.000000 -0.700774 0.805583 0.805583 0.805583
3306.586670 0.000000 2631.305908 0.000000 0.445553 0.000000 0.895256 0.776743 0.776743 0.776743
3297.390625 0.000000 2644.271240 0.000000 0.936011 0.000000 -0.351971 0.803879 0.803879 0.803879
3313.360352 0.000000 2636.841064 0.000000 0.177207 0.000000 -0.984174 0.824199 0.824199 0.824199
3323.265869 0.000000 2629.736816 0.000000 0.951472 0.000000 -0.307734 0.810496 0.810496 0.810496
3325.248779 0.000000 2624.166016 0.000000 0.446024 0.000000 -0.895021 0.833209 0.833209 0.833209
3302.087891 0.000000 2644.032959 0.000000 0.520816 0.000000 -0.853669 0.832486 0.832486 0.832486
3293.227295 0.000000 2642.773438 0.000000 0.682366 0.000000 -0.731011 0.832419 0.832419 0.832419
3300.888428 0.000000 2652.399170 0.000000 0.738527 0.000000 0.674224 0.776503 0.776503 0.776503
3301.775391 0.000000 2625.873291 0.000000 0.404908 0.000000 0.914357 0.749528 0.749528 0.749528
3386.863281 0.000000 2585.968018 0.000000 0.197560 0.000000 -0.980291 0.906041 0.906041 0.906041
3382.965332 0.000000 2579.901367 0.000000 0.960502 0.000000 0.278272 0.794086 0.794086 0.794086
3380.045166 0.000000 2584.477539 0.000000 0.903826 0.000000 -0.427899 0.814306 0.814306 0.814306
3385.951416 0.000000 2582.315674 0.000000 0.494779 0.000000 -0.869019 0.844174 0.844174 0.844174
3391.816406 0.000000 2584.253662 0.000000 0.383345 0.000000 -0.923605 0.841622 0.841622 0.841622
3338.975342 0.000000 2624.146240 0.000000 1.000000 0.000000 -0.000431 0.800001 0.800001 0.800001
3327.966309 0.000000 2626.652588 0.000000 0.918681 0.000000 0.395000 0.797324 0.797324 0.797324
3347.232422 0.000000 2632.383057 0.000000 0.874507 0.000000 0.485013 0.756916 0.756916 0.756916
3342.333252 0.000000 2634.524414 0.000000 0.997985 0.000000 -0.063446 0.801864 0.801864 0.801864
3339.697021 0.000000 2628.965576 0.000000 0.095437 0.000000 -0.995435 0.891926 0.891926 0.891926
"}
