object={
	name="tree_mallorn_generator_1_0"
	clamp_to_water_level=no
	render_under_water=no
	generated_content=yes
	layer="tree_high_layer"
	pdxmesh="tree_mallorn_02_mesh"
	count=74
	transform="3725.530518 0.000000 2737.003174 0.000000 0.969169 0.000000 -0.246396 1.000000 1.000000 1.000000
3738.042725 0.000000 2745.446777 0.000000 0.586522 0.000000 -0.809933 1.000000 1.000000 1.000000
3748.018555 0.000000 2743.827393 0.000000 0.112962 0.000000 -0.993599 1.000000 1.000000 1.000000
3750.859619 0.000000 2741.524902 0.000000 0.168885 0.000000 -0.985636 1.000000 1.000000 1.000000
3748.913086 0.000000 2740.235352 0.000000 0.163022 0.000000 -0.986622 1.000000 1.000000 1.000000
3743.263428 0.000000 2737.235840 0.000000 0.600291 0.000000 -0.799782 1.000000 1.000000 1.000000
3738.619629 0.000000 2735.169434 0.000000 0.096052 0.000000 -0.995376 1.000000 1.000000 1.000000
3751.020020 0.000000 2745.530029 0.000000 0.982444 0.000000 0.186558 1.000000 1.000000 1.000000
3752.179688 0.000000 2743.358643 0.000000 0.950928 0.000000 -0.309412 1.000000 1.000000 1.000000
3736.510742 0.000000 2740.884766 0.000000 0.835991 0.000000 0.548743 1.000000 1.000000 1.000000
3789.160156 0.000000 2747.363770 0.000000 0.783219 0.000000 0.621746 1.000000 1.000000 1.000000
3795.011963 0.000000 2749.189453 0.000000 0.950635 0.000000 -0.310312 1.000000 1.000000 1.000000
3801.207031 0.000000 2740.034912 0.000000 0.087158 0.000000 0.996194 1.000000 1.000000 1.000000
3803.813721 0.000000 2742.364014 0.000000 0.925506 0.000000 -0.378732 1.000000 1.000000 1.000000
3779.384766 0.000000 2743.225830 0.000000 0.948515 0.000000 -0.316734 1.000000 1.000000 1.000000
3811.517090 0.000000 2746.540771 0.000000 0.993483 0.000000 0.113985 1.000000 1.000000 1.000000
3802.884277 0.000000 2748.240967 0.000000 0.141971 0.000000 0.989871 1.000000 1.000000 1.000000
3794.142090 0.000000 2746.739746 0.000000 0.695740 0.000000 -0.718294 1.000000 1.000000 1.000000
3798.515625 0.000000 2747.446289 0.000000 0.245363 0.000000 -0.969431 1.000000 1.000000 1.000000
3800.111816 0.000000 2745.647217 0.000000 0.813728 0.000000 -0.581246 1.000000 1.000000 1.000000
3808.075684 0.000000 2747.428955 0.000000 0.675799 0.000000 0.737086 1.000000 1.000000 1.000000
3807.892578 0.000000 2749.242676 0.000000 0.964570 0.000000 0.263829 1.000000 1.000000 1.000000
3794.521973 0.000000 2745.113281 0.000000 0.598460 0.000000 -0.801152 1.000000 1.000000 1.000000
3793.136963 0.000000 2750.610596 0.000000 0.135128 0.000000 0.990828 1.000000 1.000000 1.000000
3798.052979 0.000000 2745.891357 0.000000 0.539226 0.000000 -0.842161 1.000000 1.000000 1.000000
3802.897217 0.000000 2746.744141 0.000000 0.640433 0.000000 0.768014 1.000000 1.000000 1.000000
3794.251221 0.000000 2741.097412 0.000000 0.494860 0.000000 0.868972 1.000000 1.000000 1.000000
3806.921631 0.000000 2750.065918 0.000000 0.939424 0.000000 0.342757 1.000000 1.000000 1.000000
3801.589355 0.000000 2746.555908 0.000000 0.641688 0.000000 -0.766966 1.000000 1.000000 1.000000
3801.852051 0.000000 2747.683838 0.000000 0.841192 0.000000 0.540737 1.000000 1.000000 1.000000
3790.693848 0.000000 2746.234863 0.000000 0.811585 0.000000 -0.584234 1.000000 1.000000 1.000000
3772.976563 0.000000 2772.151855 0.000000 0.784413 0.000000 0.620239 1.000000 1.000000 1.000000
3757.070557 0.000000 2756.254150 0.000000 0.474800 0.000000 -0.880094 1.000000 1.000000 1.000000
3763.487549 0.000000 2751.764893 0.000000 0.870052 0.000000 0.492960 1.000000 1.000000 1.000000
3755.786133 0.000000 2766.863281 0.000000 0.696041 0.000000 0.718002 1.000000 1.000000 1.000000
3775.526367 0.000000 2773.197510 0.000000 0.799580 0.000000 -0.600559 1.000000 1.000000 1.000000
3760.774414 0.000000 2753.934082 0.000000 0.255889 0.000000 -0.966706 1.000000 1.000000 1.000000
3758.374756 0.000000 2761.598145 0.000000 0.751906 0.000000 0.659270 1.000000 1.000000 1.000000
3786.920654 0.000000 2752.114990 0.000000 0.881196 0.000000 -0.472751 1.000000 1.000000 1.000000
3784.340332 0.000000 2771.656250 0.000000 0.857060 0.000000 -0.515216 1.000000 1.000000 1.000000
3779.707764 0.000000 2752.581787 0.000000 0.910589 0.000000 0.413312 1.000000 1.000000 1.000000
3832.046143 0.000000 2759.521484 0.000000 0.422255 0.000000 0.906477 1.000000 1.000000 1.000000
3783.622803 0.000000 2752.666016 0.000000 0.813213 0.000000 -0.581967 1.000000 1.000000 1.000000
3775.563721 0.000000 2758.011963 0.000000 0.993242 0.000000 -0.116061 1.000000 1.000000 1.000000
3785.200684 0.000000 2755.308594 0.000000 0.902021 0.000000 0.431691 1.000000 1.000000 1.000000
3779.772461 0.000000 2767.222168 0.000000 0.958058 0.000000 0.286573 1.000000 1.000000 1.000000
3790.086914 0.000000 2756.589600 0.000000 0.117077 0.000000 -0.993123 1.000000 1.000000 1.000000
3821.143555 0.000000 2758.748779 0.000000 0.983276 0.000000 -0.182119 1.000000 1.000000 1.000000
3824.058350 0.000000 2781.904297 0.000000 0.383512 0.000000 -0.923536 1.000000 1.000000 1.000000
3796.744629 0.000000 2757.195557 0.000000 0.996588 0.000000 -0.082540 1.000000 1.000000 1.000000
3780.035889 0.000000 2760.986572 0.000000 0.945435 0.000000 -0.325812 1.000000 1.000000 1.000000
3816.113037 0.000000 2761.300049 0.000000 0.655548 0.000000 -0.755153 1.000000 1.000000 1.000000
3788.760498 0.000000 2751.422607 0.000000 0.999232 0.000000 -0.039181 1.000000 1.000000 1.000000
3793.999268 0.000000 2755.439697 0.000000 0.854979 0.000000 -0.518663 1.000000 1.000000 1.000000
3788.270020 0.000000 2762.020996 0.000000 0.332892 0.000000 -0.942965 1.000000 1.000000 1.000000
3796.188965 0.000000 2753.182861 0.000000 0.105666 0.000000 -0.994402 1.000000 1.000000 1.000000
3817.287354 0.000000 2755.143311 0.000000 0.328807 0.000000 -0.944397 1.000000 1.000000 1.000000
3808.039795 0.000000 2764.979248 0.000000 0.767841 0.000000 -0.640641 1.000000 1.000000 1.000000
3779.300537 0.000000 2779.273926 0.000000 0.779565 0.000000 0.626321 1.000000 1.000000 1.000000
3829.754395 0.000000 2764.795166 0.000000 0.940702 0.000000 0.339235 1.000000 1.000000 1.000000
3797.208008 0.000000 2754.308838 0.000000 0.087941 0.000000 -0.996126 1.000000 1.000000 1.000000
3814.811035 0.000000 2761.830566 0.000000 0.967353 0.000000 -0.253435 1.000000 1.000000 1.000000
3788.205322 0.000000 2758.239014 0.000000 0.378904 0.000000 0.925436 1.000000 1.000000 1.000000
3791.324951 0.000000 2756.094971 0.000000 0.097484 0.000000 -0.995237 1.000000 1.000000 1.000000
3789.300537 0.000000 2761.221924 0.000000 0.975744 0.000000 0.218916 1.000000 1.000000 1.000000
3813.540283 0.000000 2761.194336 0.000000 0.693762 0.000000 0.720205 1.000000 1.000000 1.000000
3815.662598 0.000000 2760.159912 0.000000 0.239811 0.000000 -0.970819 1.000000 1.000000 1.000000
3819.917480 0.000000 2756.598145 0.000000 0.187198 0.000000 -0.982322 1.000000 1.000000 1.000000
3817.288574 0.000000 2759.188721 0.000000 0.989424 0.000000 0.145050 1.000000 1.000000 1.000000
3823.672852 0.000000 2753.679443 0.000000 0.879038 0.000000 0.476751 1.000000 1.000000 1.000000
3817.974854 0.000000 2752.985840 0.000000 0.866840 0.000000 0.498586 1.000000 1.000000 1.000000
3816.778564 0.000000 2758.147461 0.000000 0.889011 0.000000 -0.457886 1.000000 1.000000 1.000000
3816.077393 0.000000 2753.709961 0.000000 0.744687 0.000000 0.667414 1.000000 1.000000 1.000000
3811.138672 0.000000 2765.718994 0.000000 0.999075 0.000000 0.043013 1.000000 1.000000 1.000000
"}
object={
	name="tree_mallorn_generator_1_1"
	clamp_to_water_level=no
	render_under_water=no
	generated_content=yes
	layer="tree_high_layer"
	pdxmesh="tree_mallorn_03_mesh"
	count=69
	transform="3762.399902 0.000000 2751.318848 0.000000 0.843858 0.000000 -0.536567 1.000000 1.000000 1.000000
3747.698730 0.000000 2736.318115 0.000000 0.154548 0.000000 0.987985 1.000000 1.000000 1.000000
3730.780762 0.000000 2732.908203 0.000000 0.992067 0.000000 -0.125712 1.000000 1.000000 1.000000
3747.524902 0.000000 2746.540771 0.000000 0.644385 0.000000 0.764701 1.000000 1.000000 1.000000
3774.653809 0.000000 2741.174561 0.000000 0.003313 0.000000 0.999995 1.000000 1.000000 1.000000
3739.221436 0.000000 2744.139160 0.000000 0.909052 0.000000 -0.416683 1.000000 1.000000 1.000000
3726.340820 0.000000 2732.302246 0.000000 0.993940 0.000000 0.109929 1.000000 1.000000 1.000000
3735.052490 0.000000 2736.339111 0.000000 0.832390 0.000000 0.554190 1.000000 1.000000 1.000000
3749.663818 0.000000 2743.407227 0.000000 0.587275 0.000000 0.809388 1.000000 1.000000 1.000000
3746.188477 0.000000 2741.779297 0.000000 0.460724 0.000000 -0.887543 1.000000 1.000000 1.000000
3747.537354 0.000000 2749.453369 0.000000 0.911688 0.000000 0.410882 1.000000 1.000000 1.000000
3752.021484 0.000000 2745.611572 0.000000 0.991793 0.000000 0.127855 1.000000 1.000000 1.000000
3751.585449 0.000000 2744.070313 0.000000 0.998435 0.000000 -0.055932 1.000000 1.000000 1.000000
3804.043213 0.000000 2750.317139 0.000000 0.147898 0.000000 0.989003 1.000000 1.000000 1.000000
3797.309570 0.000000 2741.689941 0.000000 0.760500 0.000000 0.649338 1.000000 1.000000 1.000000
3829.528076 0.000000 2749.409912 0.000000 0.169505 0.000000 -0.985529 1.000000 1.000000 1.000000
3784.444824 0.000000 2745.990479 0.000000 0.250945 0.000000 0.968001 1.000000 1.000000 1.000000
3801.351074 0.000000 2750.443848 0.000000 0.392244 0.000000 -0.919861 1.000000 1.000000 1.000000
3786.775391 0.000000 2746.893799 0.000000 0.991719 0.000000 -0.128430 1.000000 1.000000 1.000000
3806.321777 0.000000 2745.397217 0.000000 0.739522 0.000000 0.673132 1.000000 1.000000 1.000000
3775.540527 0.000000 2745.732666 0.000000 0.998988 0.000000 0.044975 1.000000 1.000000 1.000000
3799.781738 0.000000 2749.161621 0.000000 0.703233 0.000000 -0.710959 1.000000 1.000000 1.000000
3809.278076 0.000000 2750.235840 0.000000 0.635204 0.000000 0.772345 1.000000 1.000000 1.000000
3802.633301 0.000000 2749.730469 0.000000 0.991987 0.000000 0.126341 1.000000 1.000000 1.000000
3797.007568 0.000000 2740.145020 0.000000 0.998848 0.000000 0.047981 1.000000 1.000000 1.000000
3807.215576 0.000000 2746.399902 0.000000 0.242446 0.000000 0.970165 1.000000 1.000000 1.000000
3803.837402 0.000000 2749.084717 0.000000 0.758250 0.000000 -0.651964 1.000000 1.000000 1.000000
3802.989014 0.000000 2750.865234 0.000000 0.743191 0.000000 -0.669079 1.000000 1.000000 1.000000
3808.169434 0.000000 2750.189453 0.000000 0.999621 0.000000 -0.027530 1.000000 1.000000 1.000000
3752.981689 0.000000 2753.399414 0.000000 0.020123 0.000000 -0.999798 1.000000 1.000000 1.000000
3774.732666 0.000000 2758.230957 0.000000 0.962072 0.000000 -0.272796 1.000000 1.000000 1.000000
3769.924316 0.000000 2753.296387 0.000000 0.459375 0.000000 -0.888242 1.000000 1.000000 1.000000
3759.016846 0.000000 2763.103027 0.000000 0.028561 0.000000 -0.999592 1.000000 1.000000 1.000000
3760.651367 0.000000 2761.966064 0.000000 0.250915 0.000000 0.968009 1.000000 1.000000 1.000000
3828.423096 0.000000 2758.631348 0.000000 0.577979 0.000000 -0.816052 1.000000 1.000000 1.000000
3815.773926 0.000000 2763.363037 0.000000 0.583914 0.000000 0.811816 1.000000 1.000000 1.000000
3800.997070 0.000000 2752.990723 0.000000 0.803509 0.000000 -0.595292 1.000000 1.000000 1.000000
3781.526855 0.000000 2762.500244 0.000000 0.397288 0.000000 0.917694 1.000000 1.000000 1.000000
3822.635986 0.000000 2779.150635 0.000000 0.396784 0.000000 -0.917912 1.000000 1.000000 1.000000
3833.961914 0.000000 2755.625244 0.000000 0.571786 0.000000 -0.820403 1.000000 1.000000 1.000000
3813.532959 0.000000 2762.465088 0.000000 0.871643 0.000000 -0.490141 1.000000 1.000000 1.000000
3827.441650 0.000000 2767.856934 0.000000 0.100006 0.000000 0.994987 1.000000 1.000000 1.000000
3783.049805 0.000000 2760.800781 0.000000 0.018291 0.000000 -0.999833 1.000000 1.000000 1.000000
3777.555176 0.000000 2762.902100 0.000000 0.846459 0.000000 0.532454 1.000000 1.000000 1.000000
3824.766602 0.000000 2753.934082 0.000000 0.084644 0.000000 0.996411 1.000000 1.000000 1.000000
3813.907715 0.000000 2767.020508 0.000000 0.635236 0.000000 0.772318 1.000000 1.000000 1.000000
3792.047607 0.000000 2753.167236 0.000000 0.000768 0.000000 -1.000000 1.000000 1.000000 1.000000
3790.321289 0.000000 2754.743164 0.000000 0.627274 0.000000 -0.778798 1.000000 1.000000 1.000000
3819.654785 0.000000 2757.725586 0.000000 0.745371 0.000000 -0.666650 1.000000 1.000000 1.000000
3811.614014 0.000000 2764.148682 0.000000 0.800629 0.000000 0.599161 1.000000 1.000000 1.000000
3783.446777 0.000000 2773.098877 0.000000 0.006608 0.000000 0.999978 1.000000 1.000000 1.000000
3788.707031 0.000000 2770.450928 0.000000 0.752102 0.000000 -0.659047 1.000000 1.000000 1.000000
3807.871582 0.000000 2768.912354 0.000000 0.918991 0.000000 -0.394280 1.000000 1.000000 1.000000
3786.811035 0.000000 2761.301758 0.000000 0.376115 0.000000 0.926573 1.000000 1.000000 1.000000
3819.140625 0.000000 2760.730713 0.000000 0.994776 0.000000 -0.102083 1.000000 1.000000 1.000000
3819.713135 0.000000 2762.454102 0.000000 0.843759 0.000000 -0.536722 1.000000 1.000000 1.000000
3810.608398 0.000000 2760.973389 0.000000 0.092441 0.000000 -0.995718 1.000000 1.000000 1.000000
3787.530029 0.000000 2779.534668 0.000000 0.020322 0.000000 0.999793 1.000000 1.000000 1.000000
3801.441406 0.000000 2751.594482 0.000000 0.024650 0.000000 0.999696 1.000000 1.000000 1.000000
3807.695068 0.000000 2751.738525 0.000000 0.706278 0.000000 0.707934 1.000000 1.000000 1.000000
3817.154541 0.000000 2763.530518 0.000000 0.850700 0.000000 -0.525651 1.000000 1.000000 1.000000
3819.994873 0.000000 2755.423828 0.000000 0.102004 0.000000 0.994784 1.000000 1.000000 1.000000
3806.306396 0.000000 2769.950684 0.000000 0.886014 0.000000 0.463658 1.000000 1.000000 1.000000
3809.108643 0.000000 2765.732666 0.000000 0.998705 0.000000 -0.050868 1.000000 1.000000 1.000000
3792.893799 0.000000 2754.061279 0.000000 0.226744 0.000000 -0.973954 1.000000 1.000000 1.000000
3818.765869 0.000000 2755.045166 0.000000 0.919524 0.000000 -0.393034 1.000000 1.000000 1.000000
3811.964600 0.000000 2756.535889 0.000000 0.998777 0.000000 0.049450 1.000000 1.000000 1.000000
3818.482178 0.000000 2757.207031 0.000000 0.963418 0.000000 0.268003 1.000000 1.000000 1.000000
3817.180420 0.000000 2752.505371 0.000000 0.166594 0.000000 0.986026 1.000000 1.000000 1.000000
"}
object={
	name="tree_mallorn_generator_1_2"
	clamp_to_water_level=no
	render_under_water=no
	generated_content=yes
	layer="tree_high_layer"
	pdxmesh="tree_mallorn_04_mesh"
	count=81
	transform="3745.979980 0.000000 2739.338623 0.000000 0.033147 0.000000 0.999451 1.000000 1.000000 1.000000
3772.769775 0.000000 2745.132813 0.000000 0.713638 0.000000 0.700515 1.000000 1.000000 1.000000
3745.097168 0.000000 2736.924072 0.000000 0.043647 0.000000 0.999047 1.000000 1.000000 1.000000
3771.344727 0.000000 2750.509277 0.000000 0.312949 0.000000 0.949770 1.000000 1.000000 1.000000
3775.178711 0.000000 2745.862305 0.000000 0.990901 0.000000 -0.134590 1.000000 1.000000 1.000000
3746.455078 0.000000 2744.973877 0.000000 0.407739 0.000000 0.913099 1.000000 1.000000 1.000000
3765.066406 0.000000 2750.975098 0.000000 0.933644 0.000000 -0.358201 1.000000 1.000000 1.000000
3771.194336 0.000000 2744.547852 0.000000 0.664096 0.000000 0.747647 1.000000 1.000000 1.000000
3727.045166 0.000000 2737.190430 0.000000 0.990573 0.000000 -0.136986 1.000000 1.000000 1.000000
3746.314209 0.000000 2749.585693 0.000000 0.842770 0.000000 -0.538274 1.000000 1.000000 1.000000
3750.695313 0.000000 2744.358398 0.000000 0.911623 0.000000 -0.411026 1.000000 1.000000 1.000000
3753.420410 0.000000 2745.246094 0.000000 0.880721 0.000000 0.473636 1.000000 1.000000 1.000000
3749.739014 0.000000 2741.178711 0.000000 0.842479 0.000000 0.538729 1.000000 1.000000 1.000000
3753.543457 0.000000 2744.034912 0.000000 0.877352 0.000000 -0.479848 1.000000 1.000000 1.000000
3740.877930 0.000000 2738.813232 0.000000 0.238887 0.000000 0.971047 1.000000 1.000000 1.000000
3748.451904 0.000000 2742.953857 0.000000 0.912633 0.000000 -0.408781 1.000000 1.000000 1.000000
3788.966553 0.000000 2743.791748 0.000000 0.682264 0.000000 -0.731106 1.000000 1.000000 1.000000
3781.116699 0.000000 2751.281494 0.000000 0.312733 0.000000 0.949841 1.000000 1.000000 1.000000
3800.735107 0.000000 2747.428467 0.000000 0.778757 0.000000 -0.627325 1.000000 1.000000 1.000000
3798.022217 0.000000 2750.051270 0.000000 0.783627 0.000000 -0.621232 1.000000 1.000000 1.000000
3779.024170 0.000000 2748.645264 0.000000 0.914417 0.000000 0.404773 1.000000 1.000000 1.000000
3790.997803 0.000000 2741.462402 0.000000 0.915066 0.000000 0.403305 1.000000 1.000000 1.000000
3798.660889 0.000000 2744.418945 0.000000 0.948096 0.000000 0.317983 1.000000 1.000000 1.000000
3777.489014 0.000000 2746.504395 0.000000 0.453163 0.000000 -0.891427 1.000000 1.000000 1.000000
3810.991943 0.000000 2750.589844 0.000000 0.987311 0.000000 0.158795 1.000000 1.000000 1.000000
3795.573975 0.000000 2740.492432 0.000000 0.691753 0.000000 -0.722134 1.000000 1.000000 1.000000
3810.447266 0.000000 2744.973877 0.000000 0.701997 0.000000 0.712179 1.000000 1.000000 1.000000
3793.319824 0.000000 2748.386475 0.000000 0.659640 0.000000 0.751582 1.000000 1.000000 1.000000
3778.859863 0.000000 2741.531982 0.000000 0.541671 0.000000 0.840591 1.000000 1.000000 1.000000
3829.058594 0.000000 2750.975098 0.000000 0.701303 0.000000 0.712863 1.000000 1.000000 1.000000
3795.424316 0.000000 2747.624268 0.000000 0.605329 0.000000 0.795975 1.000000 1.000000 1.000000
3800.915283 0.000000 2744.499756 0.000000 0.058539 0.000000 -0.998285 1.000000 1.000000 1.000000
3792.790283 0.000000 2746.101074 0.000000 0.210702 0.000000 -0.977550 1.000000 1.000000 1.000000
3790.488281 0.000000 2747.371582 0.000000 0.782409 0.000000 -0.622765 1.000000 1.000000 1.000000
3795.917969 0.000000 2745.259277 0.000000 0.840209 0.000000 0.542263 1.000000 1.000000 1.000000
3793.813477 0.000000 2749.569092 0.000000 0.737878 0.000000 -0.674934 1.000000 1.000000 1.000000
3811.529541 0.000000 2749.453369 0.000000 0.010133 0.000000 -0.999949 1.000000 1.000000 1.000000
3799.510986 0.000000 2748.055908 0.000000 0.734132 0.000000 -0.679006 1.000000 1.000000 1.000000
3803.925049 0.000000 2747.104492 0.000000 0.302352 0.000000 -0.953196 1.000000 1.000000 1.000000
3800.608643 0.000000 2746.498779 0.000000 0.998249 0.000000 -0.059156 1.000000 1.000000 1.000000
3754.754150 0.000000 2773.107910 0.000000 0.004266 0.000000 -0.999991 1.000000 1.000000 1.000000
3773.561035 0.000000 2761.595947 0.000000 0.472203 0.000000 0.881490 1.000000 1.000000 1.000000
3767.451660 0.000000 2755.882324 0.000000 0.913345 0.000000 -0.407187 1.000000 1.000000 1.000000
3756.682373 0.000000 2761.189697 0.000000 0.674195 0.000000 -0.738553 1.000000 1.000000 1.000000
3771.134766 0.000000 2751.445068 0.000000 0.877122 0.000000 -0.480267 1.000000 1.000000 1.000000
3764.953857 0.000000 2752.658203 0.000000 0.644289 0.000000 0.764782 1.000000 1.000000 1.000000
3760.037842 0.000000 2758.663330 0.000000 0.885752 0.000000 0.464159 1.000000 1.000000 1.000000
3763.954102 0.000000 2755.867432 0.000000 0.381742 0.000000 0.924269 1.000000 1.000000 1.000000
3765.333496 0.000000 2751.381836 0.000000 0.828929 0.000000 -0.559354 1.000000 1.000000 1.000000
3811.034912 0.000000 2751.890625 0.000000 0.998271 0.000000 -0.058774 1.000000 1.000000 1.000000
3785.214355 0.000000 2761.573486 0.000000 0.999976 0.000000 0.006923 1.000000 1.000000 1.000000
3823.089111 0.000000 2752.756348 0.000000 0.911672 0.000000 -0.410919 1.000000 1.000000 1.000000
3821.062744 0.000000 2756.254150 0.000000 0.922143 0.000000 0.386849 1.000000 1.000000 1.000000
3781.027344 0.000000 2769.650391 0.000000 0.868194 0.000000 -0.496224 1.000000 1.000000 1.000000
3814.413086 0.000000 2760.188477 0.000000 0.831716 0.000000 -0.555202 1.000000 1.000000 1.000000
3810.519531 0.000000 2755.033936 0.000000 0.914386 0.000000 -0.404843 1.000000 1.000000 1.000000
3789.457031 0.000000 2768.912842 0.000000 0.867993 0.000000 -0.496576 1.000000 1.000000 1.000000
3786.756348 0.000000 2773.585449 0.000000 0.804982 0.000000 0.593300 1.000000 1.000000 1.000000
3835.910156 0.000000 2759.918213 0.000000 0.520827 0.000000 0.853662 1.000000 1.000000 1.000000
3778.104248 0.000000 2754.247070 0.000000 0.855828 0.000000 0.517261 1.000000 1.000000 1.000000
3818.984131 0.000000 2786.504883 0.000000 0.320580 0.000000 0.947221 1.000000 1.000000 1.000000
3791.927490 0.000000 2763.856201 0.000000 0.156774 0.000000 -0.987635 1.000000 1.000000 1.000000
3786.702148 0.000000 2758.726563 0.000000 0.962799 0.000000 -0.270217 1.000000 1.000000 1.000000
3794.957764 0.000000 2751.799316 0.000000 0.134793 0.000000 -0.990874 1.000000 1.000000 1.000000
3833.984131 0.000000 2759.326660 0.000000 0.900489 0.000000 -0.434878 1.000000 1.000000 1.000000
3814.687256 0.000000 2757.774902 0.000000 0.975804 0.000000 -0.218648 1.000000 1.000000 1.000000
3826.706543 0.000000 2763.440186 0.000000 0.892442 0.000000 0.451162 1.000000 1.000000 1.000000
3786.431641 0.000000 2765.096924 0.000000 0.163192 0.000000 -0.986594 1.000000 1.000000 1.000000
3791.030762 0.000000 2772.447998 0.000000 0.976953 0.000000 -0.213453 1.000000 1.000000 1.000000
3809.148193 0.000000 2751.849854 0.000000 0.997807 0.000000 -0.066185 1.000000 1.000000 1.000000
3816.444580 0.000000 2751.922607 0.000000 0.969618 0.000000 0.244623 1.000000 1.000000 1.000000
3833.016602 0.000000 2754.467529 0.000000 0.836364 0.000000 -0.548174 1.000000 1.000000 1.000000
3810.222412 0.000000 2763.679443 0.000000 0.423527 0.000000 -0.905883 1.000000 1.000000 1.000000
3791.169189 0.000000 2757.572754 0.000000 0.889399 0.000000 0.457132 1.000000 1.000000 1.000000
3832.728760 0.000000 2756.327148 0.000000 0.109736 0.000000 0.993961 1.000000 1.000000 1.000000
3792.932129 0.000000 2758.177979 0.000000 0.814943 0.000000 0.579541 1.000000 1.000000 1.000000
3804.094238 0.000000 2770.100586 0.000000 0.786596 0.000000 -0.617468 1.000000 1.000000 1.000000
3809.326660 0.000000 2764.544189 0.000000 0.040039 0.000000 0.999198 1.000000 1.000000 1.000000
3822.119629 0.000000 2753.124023 0.000000 0.361174 0.000000 -0.932498 1.000000 1.000000 1.000000
3820.974854 0.000000 2755.254395 0.000000 0.855666 0.000000 0.517529 1.000000 1.000000 1.000000
3816.891357 0.000000 2757.188232 0.000000 0.399674 0.000000 0.916657 1.000000 1.000000 1.000000
"}
object={
	name="tree_mallorn_generator_1_3"
	clamp_to_water_level=no
	render_under_water=no
	generated_content=yes
	layer="tree_high_layer"
	pdxmesh="tree_mallorn_05_mesh"
	count=74
	transform="3742.861572 0.000000 2743.277588 0.000000 0.103097 0.000000 0.994671 1.000000 1.000000 1.000000
3772.097900 0.000000 2748.064453 0.000000 0.771697 0.000000 0.635990 1.000000 1.000000 1.000000
3745.797852 0.000000 2748.496826 0.000000 0.999999 0.000000 -0.001330 1.000000 1.000000 1.000000
3774.905518 0.000000 2743.413574 0.000000 0.712703 0.000000 0.701466 1.000000 1.000000 1.000000
3738.892090 0.000000 2748.240967 0.000000 0.860956 0.000000 -0.508679 1.000000 1.000000 1.000000
3723.572754 0.000000 2737.910156 0.000000 0.996457 0.000000 -0.084100 1.000000 1.000000 1.000000
3736.498779 0.000000 2736.036377 0.000000 0.533573 0.000000 0.845754 1.000000 1.000000 1.000000
3737.383789 0.000000 2741.586670 0.000000 0.955206 0.000000 0.295943 1.000000 1.000000 1.000000
3730.634033 0.000000 2734.373047 0.000000 0.349756 0.000000 -0.936841 1.000000 1.000000 1.000000
3732.888672 0.000000 2735.313477 0.000000 0.137532 0.000000 -0.990497 1.000000 1.000000 1.000000
3739.514404 0.000000 2734.249268 0.000000 0.987910 0.000000 0.155028 1.000000 1.000000 1.000000
3764.448730 0.000000 2748.779053 0.000000 0.976843 0.000000 -0.213959 1.000000 1.000000 1.000000
3764.539307 0.000000 2749.932129 0.000000 0.127126 0.000000 -0.991886 1.000000 1.000000 1.000000
3793.620361 0.000000 2739.787842 0.000000 0.120235 0.000000 0.992746 1.000000 1.000000 1.000000
3801.243408 0.000000 2743.135498 0.000000 0.862197 0.000000 0.506573 1.000000 1.000000 1.000000
3780.450439 0.000000 2740.764648 0.000000 0.998247 0.000000 -0.059178 1.000000 1.000000 1.000000
3784.799805 0.000000 2742.170410 0.000000 0.999856 0.000000 0.016993 1.000000 1.000000 1.000000
3777.173340 0.000000 2741.063477 0.000000 0.930088 0.000000 -0.367338 1.000000 1.000000 1.000000
3786.422363 0.000000 2744.415771 0.000000 0.818795 0.000000 -0.574087 1.000000 1.000000 1.000000
3793.484619 0.000000 2742.292969 0.000000 0.999879 0.000000 0.015536 1.000000 1.000000 1.000000
3817.463379 0.000000 2751.274902 0.000000 0.560059 0.000000 -0.828453 1.000000 1.000000 1.000000
3799.626953 0.000000 2741.638428 0.000000 0.473496 0.000000 0.880796 1.000000 1.000000 1.000000
3805.012695 0.000000 2743.937500 0.000000 0.970129 0.000000 0.242590 1.000000 1.000000 1.000000
3787.826660 0.000000 2748.890625 0.000000 0.668025 0.000000 0.744139 1.000000 1.000000 1.000000
3803.213623 0.000000 2744.139160 0.000000 0.506426 0.000000 -0.862283 1.000000 1.000000 1.000000
3775.577393 0.000000 2740.620117 0.000000 0.624625 0.000000 -0.780925 1.000000 1.000000 1.000000
3811.334961 0.000000 2748.209229 0.000000 0.740067 0.000000 -0.672533 1.000000 1.000000 1.000000
3797.034180 0.000000 2744.544678 0.000000 0.774414 0.000000 0.632679 1.000000 1.000000 1.000000
3801.372559 0.000000 2748.783691 0.000000 0.539670 0.000000 0.841877 1.000000 1.000000 1.000000
3798.166016 0.000000 2748.702393 0.000000 0.978203 0.000000 -0.207649 1.000000 1.000000 1.000000
3802.063721 0.000000 2744.013916 0.000000 0.101480 0.000000 0.994838 1.000000 1.000000 1.000000
3799.708740 0.000000 2744.661865 0.000000 0.126632 0.000000 0.991950 1.000000 1.000000 1.000000
3811.953613 0.000000 2747.452148 0.000000 0.329633 0.000000 0.944109 1.000000 1.000000 1.000000
3756.180420 0.000000 2763.986572 0.000000 0.349184 0.000000 -0.937054 1.000000 1.000000 1.000000
3762.766357 0.000000 2754.777344 0.000000 0.359679 0.000000 -0.933076 1.000000 1.000000 1.000000
3765.268799 0.000000 2754.371094 0.000000 0.545630 0.000000 0.838026 1.000000 1.000000 1.000000
3761.695068 0.000000 2759.257568 0.000000 0.213849 0.000000 -0.976867 1.000000 1.000000 1.000000
3757.998047 0.000000 2764.423340 0.000000 0.418347 0.000000 -0.908287 1.000000 1.000000 1.000000
3777.856445 0.000000 2760.790039 0.000000 0.628993 0.000000 -0.777411 1.000000 1.000000 1.000000
3820.172607 0.000000 2763.986572 0.000000 0.949885 0.000000 0.312600 1.000000 1.000000 1.000000
3816.207520 0.000000 2756.617432 0.000000 0.047958 0.000000 0.998849 1.000000 1.000000 1.000000
3790.694824 0.000000 2765.957520 0.000000 0.999997 0.000000 0.002235 1.000000 1.000000 1.000000
3776.070801 0.000000 2751.478027 0.000000 0.487754 0.000000 -0.872981 1.000000 1.000000 1.000000
3827.752197 0.000000 2773.057373 0.000000 0.349765 0.000000 -0.936838 1.000000 1.000000 1.000000
3784.759766 0.000000 2758.228027 0.000000 0.332796 0.000000 0.942999 1.000000 1.000000 1.000000
3778.503418 0.000000 2777.746094 0.000000 0.861210 0.000000 0.508249 1.000000 1.000000 1.000000
3775.588867 0.000000 2779.311768 0.000000 0.995335 0.000000 0.096476 1.000000 1.000000 1.000000
3829.212891 0.000000 2769.737549 0.000000 0.207443 0.000000 0.978247 1.000000 1.000000 1.000000
3826.001221 0.000000 2774.877930 0.000000 0.735084 0.000000 -0.677976 1.000000 1.000000 1.000000
3809.096924 0.000000 2761.138428 0.000000 0.671467 0.000000 -0.741034 1.000000 1.000000 1.000000
3831.517822 0.000000 2769.744141 0.000000 0.989696 0.000000 0.143183 1.000000 1.000000 1.000000
3799.388184 0.000000 2751.484619 0.000000 0.998548 0.000000 -0.053867 1.000000 1.000000 1.000000
3781.013184 0.000000 2764.614258 0.000000 0.713579 0.000000 0.700575 1.000000 1.000000 1.000000
3810.944824 0.000000 2757.027344 0.000000 0.200668 0.000000 -0.979659 1.000000 1.000000 1.000000
3792.436523 0.000000 2756.921631 0.000000 0.130259 0.000000 -0.991480 1.000000 1.000000 1.000000
3809.989014 0.000000 2767.389160 0.000000 0.777987 0.000000 0.628280 1.000000 1.000000 1.000000
3822.720459 0.000000 2757.211670 0.000000 0.727775 0.000000 -0.685816 1.000000 1.000000 1.000000
3781.422119 0.000000 2777.480225 0.000000 0.761611 0.000000 0.648034 1.000000 1.000000 1.000000
3808.705811 0.000000 2759.143555 0.000000 0.783669 0.000000 -0.621179 1.000000 1.000000 1.000000
3817.620850 0.000000 2757.728027 0.000000 0.929968 0.000000 0.367641 1.000000 1.000000 1.000000
3789.195068 0.000000 2766.933350 0.000000 0.047280 0.000000 -0.998882 1.000000 1.000000 1.000000
3804.938721 0.000000 2773.005127 0.000000 0.954184 0.000000 -0.299222 1.000000 1.000000 1.000000
3788.218506 0.000000 2765.420166 0.000000 0.176641 0.000000 0.984275 1.000000 1.000000 1.000000
3795.434814 0.000000 2756.353027 0.000000 0.424156 0.000000 0.905589 1.000000 1.000000 1.000000
3811.865479 0.000000 2758.215576 0.000000 0.955807 0.000000 0.293994 1.000000 1.000000 1.000000
3806.602783 0.000000 2752.818359 0.000000 0.974591 0.000000 -0.223993 1.000000 1.000000 1.000000
3829.128662 0.000000 2763.503174 0.000000 0.267869 0.000000 -0.963455 1.000000 1.000000 1.000000
3820.150879 0.000000 2759.785156 0.000000 0.668042 0.000000 -0.744124 1.000000 1.000000 1.000000
3807.353760 0.000000 2767.716553 0.000000 0.680296 0.000000 -0.732938 1.000000 1.000000 1.000000
3806.994629 0.000000 2766.324219 0.000000 0.681284 0.000000 -0.732019 1.000000 1.000000 1.000000
3786.823730 0.000000 2762.541504 0.000000 0.590977 0.000000 0.806688 1.000000 1.000000 1.000000
3827.927490 0.000000 2763.428711 0.000000 0.741046 0.000000 -0.671454 1.000000 1.000000 1.000000
3817.399658 0.000000 2756.370850 0.000000 0.070912 0.000000 -0.997483 1.000000 1.000000 1.000000
3818.666992 0.000000 2758.206299 0.000000 0.933073 0.000000 -0.359688 1.000000 1.000000 1.000000
"}
object={
	name="tree_mallorn_generator_1_4"
	clamp_to_water_level=no
	render_under_water=no
	generated_content=yes
	layer="tree_high_layer"
	pdxmesh="tree_mallorn_06_mesh"
	count=70
	transform="3751.868408 0.000000 2749.284424 0.000000 0.933653 0.000000 0.358178 1.000000 1.000000 1.000000
3770.731201 0.000000 2742.905029 0.000000 0.268207 0.000000 0.963361 1.000000 1.000000 1.000000
3745.291748 0.000000 2734.296875 0.000000 0.130671 0.000000 -0.991426 1.000000 1.000000 1.000000
3738.492676 0.000000 2736.844971 0.000000 0.340049 0.000000 0.940408 1.000000 1.000000 1.000000
3744.706787 0.000000 2743.786621 0.000000 0.484493 0.000000 -0.874795 1.000000 1.000000 1.000000
3767.305420 0.000000 2750.072754 0.000000 0.921414 0.000000 -0.388583 1.000000 1.000000 1.000000
3746.048340 0.000000 2740.626709 0.000000 0.989053 0.000000 -0.147559 1.000000 1.000000 1.000000
3750.064453 0.000000 2742.335938 0.000000 0.053375 0.000000 -0.998575 1.000000 1.000000 1.000000
3745.990723 0.000000 2751.102051 0.000000 0.481210 0.000000 0.876605 1.000000 1.000000 1.000000
3748.287109 0.000000 2741.150879 0.000000 0.960236 0.000000 0.279190 1.000000 1.000000 1.000000
3796.327637 0.000000 2738.511719 0.000000 0.954820 0.000000 0.297185 1.000000 1.000000 1.000000
3782.064941 0.000000 2743.223877 0.000000 0.933731 0.000000 0.357976 1.000000 1.000000 1.000000
3791.754883 0.000000 2746.972412 0.000000 0.627495 0.000000 0.778621 1.000000 1.000000 1.000000
3791.070557 0.000000 2751.317871 0.000000 0.109134 0.000000 -0.994027 1.000000 1.000000 1.000000
3796.753174 0.000000 2748.339600 0.000000 0.991060 0.000000 0.133413 1.000000 1.000000 1.000000
3781.302246 0.000000 2749.525635 0.000000 0.148384 0.000000 0.988930 1.000000 1.000000 1.000000
3805.669678 0.000000 2749.812256 0.000000 0.952549 0.000000 0.304385 1.000000 1.000000 1.000000
3796.438721 0.000000 2750.369873 0.000000 0.891146 0.000000 -0.453717 1.000000 1.000000 1.000000
3799.633545 0.000000 2746.846191 0.000000 0.924361 0.000000 -0.381519 1.000000 1.000000 1.000000
3810.306396 0.000000 2749.585693 0.000000 0.826416 0.000000 0.563060 1.000000 1.000000 1.000000
3788.460693 0.000000 2746.517334 0.000000 0.936641 0.000000 0.350291 1.000000 1.000000 1.000000
3810.432861 0.000000 2747.664551 0.000000 0.669615 0.000000 -0.742709 1.000000 1.000000 1.000000
3801.152100 0.000000 2745.746826 0.000000 0.422603 0.000000 -0.906315 1.000000 1.000000 1.000000
3774.038330 0.000000 2778.384521 0.000000 0.978976 0.000000 0.203976 1.000000 1.000000 1.000000
3767.593262 0.000000 2753.888672 0.000000 0.285911 0.000000 0.958256 1.000000 1.000000 1.000000
3756.868408 0.000000 2765.578613 0.000000 0.995918 0.000000 -0.090265 1.000000 1.000000 1.000000
3745.122070 0.000000 2754.513184 0.000000 0.061724 0.000000 0.998093 1.000000 1.000000 1.000000
3745.052002 0.000000 2752.887451 0.000000 0.424636 0.000000 -0.905364 1.000000 1.000000 1.000000
3775.769531 0.000000 2776.206787 0.000000 0.266099 0.000000 0.963946 1.000000 1.000000 1.000000
3835.203369 0.000000 2757.705566 0.000000 0.823111 0.000000 -0.567880 1.000000 1.000000 1.000000
3782.327393 0.000000 2756.015625 0.000000 0.726480 0.000000 -0.687188 1.000000 1.000000 1.000000
3829.651611 0.000000 2767.109131 0.000000 0.625591 0.000000 0.780151 1.000000 1.000000 1.000000
3826.593018 0.000000 2770.057617 0.000000 0.474443 0.000000 -0.880286 1.000000 1.000000 1.000000
3781.426758 0.000000 2759.223389 0.000000 0.274605 0.000000 -0.961557 1.000000 1.000000 1.000000
3778.884277 0.000000 2764.390869 0.000000 0.337368 0.000000 0.941373 1.000000 1.000000 1.000000
3819.903564 0.000000 2784.400391 0.000000 0.564969 0.000000 0.825112 1.000000 1.000000 1.000000
3784.686279 0.000000 2768.526123 0.000000 0.852688 0.000000 -0.522420 1.000000 1.000000 1.000000
3800.058350 0.000000 2776.642090 0.000000 0.354940 0.000000 -0.934889 1.000000 1.000000 1.000000
3775.610352 0.000000 2769.905518 0.000000 0.530973 0.000000 -0.847389 1.000000 1.000000 1.000000
3786.935547 0.000000 2770.123535 0.000000 0.140331 0.000000 0.990105 1.000000 1.000000 1.000000
3797.867188 0.000000 2759.251953 0.000000 0.954207 0.000000 0.299146 1.000000 1.000000 1.000000
3822.732178 0.000000 2784.445313 0.000000 0.988081 0.000000 -0.153937 1.000000 1.000000 1.000000
3802.935303 0.000000 2751.448975 0.000000 0.775967 0.000000 -0.630774 1.000000 1.000000 1.000000
3815.512451 0.000000 2765.814209 0.000000 0.115820 0.000000 -0.993270 1.000000 1.000000 1.000000
3808.843506 0.000000 2763.407227 0.000000 0.596033 0.000000 -0.802960 1.000000 1.000000 1.000000
3829.872314 0.000000 2760.350342 0.000000 0.059650 0.000000 -0.998219 1.000000 1.000000 1.000000
3790.659424 0.000000 2770.676758 0.000000 0.472098 0.000000 -0.881546 1.000000 1.000000 1.000000
3806.355469 0.000000 2751.400635 0.000000 0.990447 0.000000 0.137891 1.000000 1.000000 1.000000
3789.397949 0.000000 2764.359863 0.000000 0.115465 0.000000 -0.993312 1.000000 1.000000 1.000000
3789.556885 0.000000 2758.540771 0.000000 0.715451 0.000000 -0.698663 1.000000 1.000000 1.000000
3790.232666 0.000000 2773.921143 0.000000 0.135493 0.000000 -0.990778 1.000000 1.000000 1.000000
3828.354736 0.000000 2762.255859 0.000000 0.855977 0.000000 -0.517015 1.000000 1.000000 1.000000
3776.984619 0.000000 2765.221436 0.000000 0.954473 0.000000 0.298297 1.000000 1.000000 1.000000
3826.648682 0.000000 2766.118408 0.000000 0.296000 0.000000 0.955188 1.000000 1.000000 1.000000
3795.648682 0.000000 2758.606689 0.000000 0.721078 0.000000 0.692854 1.000000 1.000000 1.000000
3797.595703 0.000000 2755.675049 0.000000 0.622038 0.000000 0.782987 1.000000 1.000000 1.000000
3787.809326 0.000000 2768.428955 0.000000 0.996734 0.000000 0.080749 1.000000 1.000000 1.000000
3828.152344 0.000000 2760.329590 0.000000 0.217107 0.000000 0.976148 1.000000 1.000000 1.000000
3785.123779 0.000000 2773.236816 0.000000 0.482425 0.000000 0.875937 1.000000 1.000000 1.000000
3784.328125 0.000000 2778.920898 0.000000 0.708712 0.000000 -0.705498 1.000000 1.000000 1.000000
3787.104736 0.000000 2777.937012 0.000000 0.112527 0.000000 -0.993649 1.000000 1.000000 1.000000
3804.285400 0.000000 2771.765137 0.000000 0.903955 0.000000 0.427627 1.000000 1.000000 1.000000
3818.172852 0.000000 2754.017578 0.000000 0.990930 0.000000 0.134380 1.000000 1.000000 1.000000
3811.960938 0.000000 2759.451660 0.000000 0.125369 0.000000 0.992110 1.000000 1.000000 1.000000
3813.288574 0.000000 2760.118652 0.000000 0.434416 0.000000 0.900713 1.000000 1.000000 1.000000
3811.814941 0.000000 2765.163818 0.000000 0.616237 0.000000 -0.787561 1.000000 1.000000 1.000000
3820.408691 0.000000 2754.426025 0.000000 0.598486 0.000000 -0.801133 1.000000 1.000000 1.000000
3816.548096 0.000000 2759.827393 0.000000 0.988790 0.000000 -0.149316 1.000000 1.000000 1.000000
3810.797119 0.000000 2764.536133 0.000000 0.831948 0.000000 0.554853 1.000000 1.000000 1.000000
3816.250488 0.000000 2752.828125 0.000000 0.348086 0.000000 -0.937463 1.000000 1.000000 1.000000
"}
object={
	name="tree_mallorn_generator_1_5"
	clamp_to_water_level=no
	render_under_water=no
	generated_content=yes
	layer="tree_high_layer"
	pdxmesh="tree_mallorn_01_mesh"
	count=14
	transform="3734.629150 0.000000 2734.817383 0.000000 0.074829 0.000000 0.997196 1.000000 1.000000 1.000000
3772.941650 0.000000 2742.872559 0.000000 0.321957 0.000000 -0.946754 1.000000 1.000000 1.000000
3792.915527 0.000000 2744.659912 0.000000 0.099177 0.000000 -0.995070 1.000000 1.000000 1.000000
3789.238525 0.000000 2750.207764 0.000000 0.987735 0.000000 -0.156141 1.000000 1.000000 1.000000
3803.265625 0.000000 2745.373291 0.000000 0.527806 0.000000 -0.849365 1.000000 1.000000 1.000000
3794.444336 0.000000 2748.202148 0.000000 0.463199 0.000000 -0.886254 1.000000 1.000000 1.000000
3809.982910 0.000000 2751.102051 0.000000 0.463273 0.000000 -0.886216 1.000000 1.000000 1.000000
3808.703369 0.000000 2751.003174 0.000000 0.674133 0.000000 0.738610 1.000000 1.000000 1.000000
3805.043457 0.000000 2753.051758 0.000000 0.726711 0.000000 0.686943 1.000000 1.000000 1.000000
3780.900146 0.000000 2775.654541 0.000000 0.997398 0.000000 0.072087 1.000000 1.000000 1.000000
3805.108887 0.000000 2774.961426 0.000000 0.998639 0.000000 0.052163 1.000000 1.000000 1.000000
3786.159424 0.000000 2771.805176 0.000000 0.937292 0.000000 0.348544 1.000000 1.000000 1.000000
3818.531982 0.000000 2763.583984 0.000000 0.371195 0.000000 0.928555 1.000000 1.000000 1.000000
3818.093018 0.000000 2755.656738 0.000000 0.955410 0.000000 0.295282 1.000000 1.000000 1.000000
"}
