object={
	name="tree_pine_01_b_generator_1_0"
	clamp_to_water_level=no
	render_under_water=no
	generated_content=yes
	layer="tree_high_layer"
	pdxmesh="tree_pine_01_b_mesh"
	count=195
	transform="3567.449951 0.000000 2298.078369 0.000000 0.711851 0.000000 -0.702331 0.400000 0.400000 0.400000
3562.555420 0.000000 2311.384033 0.000000 0.504629 0.000000 -0.863336 0.400000 0.400000 0.400000
3578.839844 0.000000 2330.030518 0.000000 0.186348 0.000000 0.982484 0.400000 0.400000 0.400000
3561.111816 0.000000 2319.849609 0.000000 0.183983 0.000000 0.982929 0.400000 0.400000 0.400000
3565.708008 0.000000 2333.723877 0.000000 0.467074 0.000000 0.884218 0.400000 0.400000 0.400000
3567.120361 0.000000 2304.865723 0.000000 0.999201 0.000000 -0.039971 0.400000 0.400000 0.400000
3574.941895 0.000000 2323.963867 0.000000 0.432124 0.000000 -0.901814 0.400000 0.400000 0.400000
3581.000000 0.000000 2324.261230 0.000000 0.411453 0.000000 0.911431 0.400000 0.400000 0.400000
3561.005127 0.000000 2305.508789 0.000000 0.281078 0.000000 -0.959685 0.400000 0.400000 0.400000
3572.021729 0.000000 2328.540039 0.000000 0.233537 0.000000 -0.972348 0.400000 0.400000 0.400000
3562.777588 0.000000 2325.217285 0.000000 0.995739 0.000000 -0.092222 0.400000 0.400000 0.400000
3566.143066 0.000000 2320.768311 0.000000 0.941314 0.000000 -0.337531 0.400000 0.400000 0.400000
3564.203857 0.000000 2316.095947 0.000000 0.914112 0.000000 -0.405463 0.400000 0.400000 0.400000
3560.729004 0.000000 2333.592285 0.000000 0.354355 0.000000 -0.935111 0.400000 0.400000 0.400000
3558.056641 0.000000 2324.111084 0.000000 0.444889 0.000000 -0.895586 0.400000 0.400000 0.400000
3570.624268 0.000000 2322.166992 0.000000 0.786755 0.000000 -0.617265 0.400000 0.400000 0.400000
3571.783447 0.000000 2325.166748 0.000000 0.956039 0.000000 0.293240 0.400000 0.400000 0.400000
3557.190674 0.000000 2327.035889 0.000000 0.675965 0.000000 0.736934 0.400000 0.400000 0.400000
3563.512939 0.000000 2306.147705 0.000000 0.510585 0.000000 -0.859827 0.400000 0.400000 0.400000
3542.543701 0.000000 2526.822510 0.000000 0.975006 0.000000 0.222180 0.400000 0.400000 0.400000
3556.918213 0.000000 2528.520996 0.000000 0.864582 0.000000 -0.502492 0.400000 0.400000 0.400000
3580.027832 0.000000 2539.200195 0.000000 0.684876 0.000000 0.728660 0.400000 0.400000 0.400000
3543.241211 0.000000 2545.806152 0.000000 0.238811 0.000000 -0.971066 0.400000 0.400000 0.400000
3572.243652 0.000000 2541.709961 0.000000 0.418864 0.000000 0.908049 0.400000 0.400000 0.400000
3559.417480 0.000000 2534.829834 0.000000 0.973584 0.000000 0.228328 0.400000 0.400000 0.400000
3544.977295 0.000000 2532.121338 0.000000 0.057165 0.000000 -0.998365 0.400000 0.400000 0.400000
3567.812988 0.000000 2543.589600 0.000000 0.530970 0.000000 -0.847391 0.400000 0.400000 0.400000
3575.858398 0.000000 2539.148682 0.000000 0.015208 0.000000 -0.999884 0.400000 0.400000 0.400000
4024.155762 0.000000 2163.838623 0.000000 0.271387 0.000000 -0.962470 0.400000 0.400000 0.400000
4017.877441 0.000000 2171.876953 0.000000 0.985697 0.000000 -0.168528 0.400000 0.400000 0.400000
4022.568848 0.000000 2176.220947 0.000000 0.027570 0.000000 0.999620 0.400000 0.400000 0.400000
4022.887207 0.000000 2195.995117 0.000000 0.965990 0.000000 -0.258579 0.400000 0.400000 0.400000
4048.574219 0.000000 2192.886230 0.000000 0.761675 0.000000 -0.647959 0.400000 0.400000 0.400000
4041.183105 0.000000 2185.714111 0.000000 0.989204 0.000000 0.146543 0.400000 0.400000 0.400000
4056.522949 0.000000 2197.801025 0.000000 0.999562 0.000000 -0.029589 0.400000 0.400000 0.400000
4054.235352 0.000000 2189.788574 0.000000 0.860672 0.000000 0.509159 0.400000 0.400000 0.400000
4068.712402 0.000000 2285.370850 0.000000 0.080684 0.000000 -0.996740 0.400000 0.400000 0.400000
4062.441406 0.000000 2267.712402 0.000000 0.171724 0.000000 0.985145 0.400000 0.400000 0.400000
3583.792969 0.000000 2328.316162 0.000000 0.977091 0.000000 0.212822 0.400000 0.400000 0.400000
3594.944092 0.000000 2368.208740 0.000000 0.829792 0.000000 -0.558072 0.400000 0.400000 0.400000
3590.350830 0.000000 2372.109375 0.000000 0.474970 0.000000 0.880002 0.400000 0.400000 0.400000
3586.843262 0.000000 2373.293213 0.000000 0.111924 0.000000 -0.993717 0.400000 0.400000 0.400000
3591.646240 0.000000 2368.759766 0.000000 0.902427 0.000000 -0.430843 0.400000 0.400000 0.400000
3589.450195 0.000000 2375.317139 0.000000 0.540625 0.000000 -0.841264 0.400000 0.400000 0.400000
3586.370605 0.000000 2407.364014 0.000000 0.760743 0.000000 -0.649053 0.400000 0.400000 0.400000
3593.224121 0.000000 2371.402344 0.000000 0.282428 0.000000 -0.959289 0.400000 0.400000 0.400000
3707.218994 0.000000 2373.799316 0.000000 0.207458 0.000000 -0.978244 0.400000 0.400000 0.400000
3815.860596 0.000000 2365.378174 0.000000 0.344280 0.000000 0.938867 0.400000 0.400000 0.400000
3828.212402 0.000000 2349.756836 0.000000 0.988306 0.000000 0.152485 0.400000 0.400000 0.400000
3845.092773 0.000000 2361.993408 0.000000 0.956290 0.000000 -0.292419 0.400000 0.400000 0.400000
3855.972168 0.000000 2348.795654 0.000000 0.896349 0.000000 -0.443350 0.400000 0.400000 0.400000
3848.092285 0.000000 2353.305664 0.000000 0.433856 0.000000 -0.900982 0.400000 0.400000 0.400000
3840.245117 0.000000 2337.603271 0.000000 0.374865 0.000000 -0.927080 0.400000 0.400000 0.400000
3863.202148 0.000000 2353.853027 0.000000 0.194531 0.000000 -0.980896 0.400000 0.400000 0.400000
3840.032227 0.000000 2354.554199 0.000000 0.212412 0.000000 0.977180 0.400000 0.400000 0.400000
3861.595947 0.000000 2348.060303 0.000000 0.728558 0.000000 0.684985 0.400000 0.400000 0.400000
3676.327148 0.000000 2574.685791 0.000000 0.444388 0.000000 0.895834 0.400000 0.400000 0.400000
3702.607910 0.000000 2688.095947 0.000000 0.720889 0.000000 0.693051 0.400000 0.400000 0.400000
3699.251465 0.000000 2724.178223 0.000000 0.063065 0.000000 -0.998009 0.400000 0.400000 0.400000
3690.539795 0.000000 2695.290283 0.000000 0.866429 0.000000 0.499300 0.400000 0.400000 0.400000
3706.824219 0.000000 2713.936768 0.000000 0.828575 0.000000 -0.559879 0.400000 0.400000 0.400000
3693.692383 0.000000 2717.630127 0.000000 0.705031 0.000000 0.709176 0.400000 0.400000 0.400000
3687.482422 0.000000 2712.927490 0.000000 0.815278 0.000000 -0.579070 0.400000 0.400000 0.400000
3700.228027 0.000000 2733.663086 0.000000 0.800895 0.000000 -0.598804 0.400000 0.400000 0.400000
3707.218994 0.000000 2693.721191 0.000000 0.535799 0.000000 0.844346 0.400000 0.400000 0.400000
3700.438721 0.000000 2694.646973 0.000000 0.999910 0.000000 -0.013451 0.400000 0.400000 0.400000
3701.073975 0.000000 2717.566650 0.000000 0.669696 0.000000 0.742635 0.400000 0.400000 0.400000
3708.984375 0.000000 2708.167480 0.000000 0.383422 0.000000 0.923573 0.400000 0.400000 0.400000
3704.248779 0.000000 2726.939941 0.000000 0.026594 0.000000 0.999646 0.400000 0.400000 0.400000
3700.006104 0.000000 2712.446289 0.000000 0.865367 0.000000 -0.501138 0.400000 0.400000 0.400000
3705.858154 0.000000 2719.332764 0.000000 0.923658 0.000000 0.383218 0.400000 0.400000 0.400000
3695.407715 0.000000 2696.218018 0.000000 0.760389 0.000000 0.649468 0.400000 0.400000 0.400000
3709.335938 0.000000 2703.809814 0.000000 0.755323 0.000000 -0.655352 0.400000 0.400000 0.400000
3698.774170 0.000000 2690.792969 0.000000 0.346999 0.000000 0.937865 0.400000 0.400000 0.400000
3693.078369 0.000000 2692.269775 0.000000 0.380842 0.000000 0.924640 0.400000 0.400000 0.400000
3705.912354 0.000000 2710.284424 0.000000 0.464103 0.000000 -0.885781 0.400000 0.400000 0.400000
3688.223145 0.000000 2692.633057 0.000000 0.110981 0.000000 -0.993823 0.400000 0.400000 0.400000
3696.611328 0.000000 2693.095703 0.000000 0.196801 0.000000 -0.980443 0.400000 0.400000 0.400000
3713.049072 0.000000 2703.200195 0.000000 0.233978 0.000000 -0.972242 0.400000 0.400000 0.400000
3711.919434 0.000000 2690.636963 0.000000 0.977227 0.000000 0.212196 0.400000 0.400000 0.400000
3711.777344 0.000000 2712.222412 0.000000 0.515645 0.000000 -0.856803 0.400000 0.400000 0.400000
3713.864258 0.000000 2696.805664 0.000000 0.977916 0.000000 -0.208997 0.400000 0.400000 0.400000
4062.822510 0.000000 2743.277588 0.000000 0.846143 0.000000 -0.532956 0.400000 0.400000 0.400000
4077.396973 0.000000 2730.644287 0.000000 0.335323 0.000000 -0.942103 0.400000 0.400000 0.400000
4081.266602 0.000000 2700.825439 0.000000 0.994852 0.000000 -0.101340 0.400000 0.400000 0.400000
4086.879395 0.000000 2707.870117 0.000000 0.876125 0.000000 -0.482084 0.400000 0.400000 0.400000
4062.206543 0.000000 2736.010986 0.000000 0.808912 0.000000 0.587930 0.400000 0.400000 0.400000
4076.723389 0.000000 2723.733398 0.000000 0.347637 0.000000 -0.937629 0.400000 0.400000 0.400000
4092.937500 0.000000 2708.167480 0.000000 0.764162 0.000000 -0.645024 0.400000 0.400000 0.400000
4074.116455 0.000000 2735.178467 0.000000 0.575653 0.000000 -0.817694 0.400000 0.400000 0.400000
4085.620361 0.000000 2703.124756 0.000000 0.394640 0.000000 0.918836 0.400000 0.400000 0.400000
4083.378418 0.000000 2729.050293 0.000000 0.945001 0.000000 0.327069 0.400000 0.400000 0.400000
4065.940918 0.000000 2739.338623 0.000000 0.799105 0.000000 0.601192 0.400000 0.400000 0.400000
4072.866699 0.000000 2730.867432 0.000000 0.879957 0.000000 0.475054 0.400000 0.400000 0.400000
4093.289063 0.000000 2703.809814 0.000000 0.071826 0.000000 0.997417 0.400000 0.400000 0.400000
4060.176025 0.000000 2739.753418 0.000000 0.840721 0.000000 -0.541468 0.400000 0.400000 0.400000
4086.203857 0.000000 2698.607666 0.000000 0.999369 0.000000 -0.035527 0.400000 0.400000 0.400000
4079.681885 0.000000 2726.792480 0.000000 0.403842 0.000000 0.914829 0.400000 0.400000 0.400000
4081.207275 0.000000 2715.727295 0.000000 0.761126 0.000000 0.648604 0.400000 0.400000 0.400000
4089.610596 0.000000 2705.135254 0.000000 0.161053 0.000000 -0.986946 0.400000 0.400000 0.400000
4080.048096 0.000000 2712.500244 0.000000 0.441237 0.000000 -0.897391 0.400000 0.400000 0.400000
4084.112549 0.000000 2700.623291 0.000000 0.999646 0.000000 0.026587 0.400000 0.400000 0.400000
4087.332275 0.000000 2701.035645 0.000000 0.706938 0.000000 0.707275 0.400000 0.400000 0.400000
2292.610596 0.000000 3462.459473 0.000000 0.684197 0.000000 0.729297 0.400000 0.400000 0.400000
2294.422607 0.000000 3466.420166 0.000000 0.743268 0.000000 -0.668994 0.400000 0.400000 0.400000
2296.233643 0.000000 3463.349609 0.000000 0.456818 0.000000 0.889560 0.400000 0.400000 0.400000
2309.296387 0.000000 3455.109619 0.000000 0.242765 0.000000 0.970085 0.400000 0.400000 0.400000
2304.091309 0.000000 3458.449463 0.000000 0.913730 0.000000 -0.406321 0.400000 0.400000 0.400000
2310.507080 0.000000 3459.843750 0.000000 0.983704 0.000000 0.179797 0.400000 0.400000 0.400000
2320.311523 0.000000 3458.910889 0.000000 0.174532 0.000000 0.984651 0.400000 0.400000 0.400000
2318.125977 0.000000 3456.724365 0.000000 0.986413 0.000000 -0.164283 0.400000 0.400000 0.400000
3236.957275 0.000000 3360.317871 0.000000 0.932781 0.000000 -0.360443 0.400000 0.400000 0.400000
3230.308105 0.000000 3375.854736 0.000000 0.031361 0.000000 -0.999508 0.400000 0.400000 0.400000
3238.561279 0.000000 3379.575928 0.000000 0.522365 0.000000 0.852722 0.400000 0.400000 0.400000
3233.276855 0.000000 3368.056152 0.000000 0.819831 0.000000 0.572605 0.400000 0.400000 0.400000
4187.859375 0.000000 2183.133545 0.000000 0.994325 0.000000 0.106385 0.400000 0.400000 0.400000
4202.477539 0.000000 2183.415283 0.000000 0.999678 0.000000 -0.025374 0.400000 0.400000 0.400000
4132.704590 0.000000 2733.261475 0.000000 0.099055 0.000000 -0.995082 0.400000 0.400000 0.400000
4112.566406 0.000000 2704.761230 0.000000 0.478824 0.000000 -0.877911 0.400000 0.400000 0.400000
4153.910645 0.000000 2700.869141 0.000000 0.533477 0.000000 -0.845815 0.400000 0.400000 0.400000
4104.301270 0.000000 2707.671875 0.000000 0.885099 0.000000 -0.465403 0.400000 0.400000 0.400000
4126.433594 0.000000 2715.603027 0.000000 0.225685 0.000000 0.974200 0.400000 0.400000 0.400000
4124.272461 0.000000 2702.654541 0.000000 0.247653 0.000000 -0.968849 0.400000 0.400000 0.400000
4115.125000 0.000000 2725.562988 0.000000 0.998774 0.000000 0.049497 0.400000 0.400000 0.400000
4155.164551 0.000000 2693.721191 0.000000 0.708934 0.000000 0.705274 0.400000 0.400000 0.400000
4156.929688 0.000000 2708.167480 0.000000 0.923334 0.000000 0.383997 0.400000 0.400000 0.400000
4157.147461 0.000000 2688.150391 0.000000 0.071999 0.000000 -0.997405 0.400000 0.400000 0.400000
4107.357910 0.000000 2702.772461 0.000000 0.751974 0.000000 -0.659192 0.400000 0.400000 0.400000
4120.907227 0.000000 2724.074463 0.000000 0.827923 0.000000 0.560841 0.400000 0.400000 0.400000
4100.860840 0.000000 2711.670166 0.000000 0.401500 0.000000 -0.915859 0.400000 0.400000 0.400000
4110.239258 0.000000 2698.508789 0.000000 0.159891 0.000000 0.987135 0.400000 0.400000 0.400000
4102.324707 0.000000 2702.247314 0.000000 0.334070 0.000000 -0.942548 0.400000 0.400000 0.400000
4115.375977 0.000000 2708.822510 0.000000 0.820590 0.000000 0.571518 0.400000 0.400000 0.400000
4109.098145 0.000000 2708.127197 0.000000 0.698198 0.000000 0.715905 0.400000 0.400000 0.400000
4097.844727 0.000000 2707.922119 0.000000 0.819211 0.000000 0.573493 0.400000 0.400000 0.400000
4119.789063 0.000000 2697.267334 0.000000 0.500310 0.000000 -0.865846 0.400000 0.400000 0.400000
4159.088867 0.000000 2734.194092 0.000000 0.148268 0.000000 -0.988947 0.400000 0.400000 0.400000
4120.785156 0.000000 2705.296143 0.000000 0.839637 0.000000 -0.543148 0.400000 0.400000 0.400000
4113.874512 0.000000 2700.651855 0.000000 0.849015 0.000000 0.528369 0.400000 0.400000 0.400000
4125.595703 0.000000 2726.916260 0.000000 0.850800 0.000000 0.525489 0.400000 0.400000 0.400000
4153.857422 0.000000 2710.284424 0.000000 0.972527 0.000000 -0.232791 0.400000 0.400000 0.400000
4153.877441 0.000000 2689.312012 0.000000 0.827514 0.000000 -0.561444 0.400000 0.400000 0.400000
4110.655762 0.000000 2701.973145 0.000000 0.247155 0.000000 -0.968976 0.400000 0.400000 0.400000
4104.646973 0.000000 2704.541748 0.000000 0.004523 0.000000 -0.999990 0.400000 0.400000 0.400000
4116.877441 0.000000 2698.969482 0.000000 0.940393 0.000000 -0.340089 0.400000 0.400000 0.400000
4160.994141 0.000000 2703.200195 0.000000 0.612990 0.000000 0.790091 0.400000 0.400000 0.400000
4196.696777 0.000000 2733.261475 0.000000 0.570775 0.000000 0.821107 0.400000 0.400000 0.400000
4199.813477 0.000000 2749.284424 0.000000 0.591347 0.000000 -0.806417 0.400000 0.400000 0.400000
4175.933105 0.000000 2732.701904 0.000000 0.430699 0.000000 -0.902496 0.400000 0.400000 0.400000
4193.281250 0.000000 2708.255615 0.000000 0.240778 0.000000 -0.970580 0.400000 0.400000 0.400000
4196.840332 0.000000 2720.474121 0.000000 0.905293 0.000000 -0.424789 0.400000 0.400000 0.400000
4159.864746 0.000000 2690.636963 0.000000 0.916802 0.000000 -0.399341 0.400000 0.400000 0.400000
4219.949707 0.000000 2731.153320 0.000000 0.290833 0.000000 -0.956774 0.400000 0.400000 0.400000
4184.507324 0.000000 2709.676025 0.000000 0.454742 0.000000 -0.890623 0.400000 0.400000 0.400000
4205.381348 0.000000 2730.644287 0.000000 0.866632 0.000000 0.498947 0.400000 0.400000 0.400000
4205.629883 0.000000 2717.630127 0.000000 0.055614 0.000000 -0.998452 0.400000 0.400000 0.400000
4168.293457 0.000000 2707.671875 0.000000 0.847097 0.000000 -0.531439 0.400000 0.400000 0.400000
4159.993164 0.000000 2738.460449 0.000000 0.843601 0.000000 -0.536971 0.400000 0.400000 0.400000
4190.425781 0.000000 2715.603027 0.000000 0.955292 0.000000 0.295664 0.400000 0.400000 0.400000
4188.264648 0.000000 2702.654541 0.000000 0.676045 0.000000 -0.736861 0.400000 0.400000 0.400000
4219.156738 0.000000 2693.721191 0.000000 0.450326 0.000000 -0.892864 0.400000 0.400000 0.400000
4199.339355 0.000000 2726.782959 0.000000 0.983595 0.000000 -0.180390 0.400000 0.400000 0.400000
4198.443848 0.000000 2739.732178 0.000000 0.994659 0.000000 0.103218 0.400000 0.400000 0.400000
4182.219727 0.000000 2701.663574 0.000000 0.225524 0.000000 -0.974238 0.400000 0.400000 0.400000
4204.708008 0.000000 2723.733398 0.000000 0.049783 0.000000 0.998760 0.400000 0.400000 0.400000
4210.667969 0.000000 2741.909180 0.000000 0.975170 0.000000 0.221458 0.400000 0.400000 0.400000
4171.350098 0.000000 2702.772461 0.000000 0.999427 0.000000 -0.033856 0.400000 0.400000 0.400000
4185.196777 0.000000 2743.135498 0.000000 0.394012 0.000000 -0.919105 0.400000 0.400000 0.400000
4181.557129 0.000000 2731.966553 0.000000 0.976846 0.000000 -0.213946 0.400000 0.400000 0.400000
4202.100586 0.000000 2735.178467 0.000000 0.558874 0.000000 0.829252 0.400000 0.400000 0.400000
4211.943848 0.000000 2712.446289 0.000000 0.932818 0.000000 -0.360347 0.400000 0.400000 0.400000
4184.899414 0.000000 2724.074463 0.000000 0.472104 0.000000 -0.881543 0.400000 0.400000 0.400000
4166.316895 0.000000 2702.247314 0.000000 0.852388 0.000000 -0.522910 0.400000 0.400000 0.400000
4163.749512 0.000000 2734.704834 0.000000 0.991391 0.000000 0.130937 0.400000 0.400000 0.400000
4207.734863 0.000000 2735.542725 0.000000 0.925837 0.000000 -0.377922 0.400000 0.400000 0.400000
4161.836914 0.000000 2707.922119 0.000000 0.774283 0.000000 0.632839 0.400000 0.400000 0.400000
4189.062012 0.000000 2710.977051 0.000000 0.201737 0.000000 -0.979440 0.400000 0.400000 0.400000
4187.060547 0.000000 2719.593994 0.000000 0.954529 0.000000 -0.298119 0.400000 0.400000 0.400000
4221.506348 0.000000 2697.611572 0.000000 0.223277 0.000000 0.974755 0.400000 0.400000 0.400000
4185.745117 0.000000 2733.729248 0.000000 0.492249 0.000000 0.870455 0.400000 0.400000 0.400000
4204.913086 0.000000 2713.213867 0.000000 0.489595 0.000000 -0.871950 0.400000 0.400000 0.400000
4209.393555 0.000000 2720.029785 0.000000 0.898958 0.000000 0.438035 0.400000 0.400000 0.400000
4184.777344 0.000000 2705.296143 0.000000 0.051590 0.000000 -0.998668 0.400000 0.400000 0.400000
4188.160645 0.000000 2739.753418 0.000000 0.704482 0.000000 -0.709721 0.400000 0.400000 0.400000
4214.187988 0.000000 2698.607666 0.000000 0.064106 0.000000 0.997943 0.400000 0.400000 0.400000
4210.546387 0.000000 2706.073242 0.000000 0.946103 0.000000 0.323866 0.400000 0.400000 0.400000
4207.666016 0.000000 2726.792480 0.000000 0.346056 0.000000 0.938214 0.400000 0.400000 0.400000
4159.699707 0.000000 2733.779053 0.000000 0.850704 0.000000 0.525645 0.400000 0.400000 0.400000
4198.722168 0.000000 2736.041748 0.000000 0.807478 0.000000 0.589897 0.400000 0.400000 0.400000
4211.705078 0.000000 2709.072998 0.000000 0.413114 0.000000 0.910679 0.400000 0.400000 0.400000
4218.472168 0.000000 2697.896973 0.000000 0.854715 0.000000 -0.519097 0.400000 0.400000 0.400000
4182.574707 0.000000 2734.817383 0.000000 0.312594 0.000000 0.949887 0.400000 0.400000 0.400000
4185.295898 0.000000 2701.877441 0.000000 0.509263 0.000000 0.860611 0.400000 0.400000 0.400000
4225.459961 0.000000 2730.355225 0.000000 0.075280 0.000000 -0.997162 0.400000 0.400000 0.400000
4227.741699 0.000000 2734.704834 0.000000 0.929435 0.000000 0.368986 0.400000 0.400000 0.400000
"}
