object={
	name="tree_leaf_high_generator_1_0"
	clamp_to_water_level=no
	render_under_water=no
	generated_content=yes
	layer="tree_high_layer"
	pdxmesh="tree_leaf_01_a_mesh"
	count=42
	transform="3390.680176 0.000000 2480.412598 0.000000 0.912466 0.000000 0.409152 0.735175 0.735175 0.735175
3409.667236 0.000000 2483.850342 0.000000 0.646223 0.000000 -0.763148 0.819073 0.819073 0.819073
3407.958496 0.000000 2493.547607 0.000000 0.976457 0.000000 0.215711 0.793486 0.793486 0.793486
3416.781982 0.000000 2491.490967 0.000000 0.901975 0.000000 -0.431788 0.820509 0.820509 0.820509
3413.356445 0.000000 2485.752441 0.000000 0.275648 0.000000 0.961259 0.725195 0.725195 0.725195
3414.707764 0.000000 2488.481445 0.000000 0.945765 0.000000 -0.324852 0.835683 0.835683 0.835683
3393.551758 0.000000 2480.303955 0.000000 0.260824 0.000000 0.965386 0.228359 0.228359 0.228359
3394.552490 0.000000 2482.643066 0.000000 0.070186 0.000000 -0.997534 1.564225 1.564225 1.564225
3408.847168 0.000000 2470.375488 0.000000 0.940807 0.000000 0.338941 0.755800 0.755800 0.755800
3403.157471 0.000000 2486.335938 0.000000 0.413582 0.000000 0.910467 0.573719 0.573719 0.573719
3402.191406 0.000000 2471.180664 0.000000 0.898934 0.000000 -0.438084 0.896908 0.896908 0.896908
3411.620850 0.000000 2484.554932 0.000000 0.098959 0.000000 -0.995092 1.099807 1.099807 1.099807
3415.828613 0.000000 2493.224121 0.000000 0.280580 0.000000 0.959831 0.460860 0.460860 0.460860
3395.339355 0.000000 2480.745117 0.000000 0.868657 0.000000 -0.495414 0.997722 0.997722 0.997722
3393.766602 0.000000 2478.564941 0.000000 0.948889 0.000000 -0.315610 0.897479 0.897479 0.897479
3357.689209 0.000000 2534.963135 0.000000 0.999774 0.000000 0.021256 0.798726 0.798726 0.798726
3352.809814 0.000000 2536.671387 0.000000 0.753589 0.000000 0.657346 0.569351 0.569351 0.569351
3304.960449 0.000000 2602.898682 0.000000 0.949238 0.000000 -0.314559 0.812143 0.812143 0.812143
3311.309814 0.000000 2621.576172 0.000000 0.691130 0.000000 -0.722730 0.854851 0.854851 0.854851
3323.042236 0.000000 2597.995605 0.000000 0.997542 0.000000 -0.070065 0.806863 0.806863 0.806863
3306.018799 0.000000 2596.708984 0.000000 0.718647 0.000000 0.695375 0.738570 0.738570 0.738570
3317.590088 0.000000 2596.379639 0.000000 0.764847 0.000000 0.644211 0.566526 0.566526 0.566526
3314.850098 0.000000 2602.987549 0.000000 0.656526 0.000000 -0.754303 1.044076 1.044076 1.044076
3319.005859 0.000000 2597.674561 0.000000 0.983709 0.000000 -0.179770 0.847292 0.847292 0.847292
3318.657471 0.000000 2599.510742 0.000000 0.114919 0.000000 -0.993375 1.227362 1.227362 1.227362
3299.097412 0.000000 2623.921875 0.000000 0.689884 0.000000 0.723920 0.793533 0.793533 0.793533
3318.973145 0.000000 2643.885742 0.000000 0.891644 0.000000 0.452738 0.793431 0.793431 0.793431
3311.454590 0.000000 2632.233643 0.000000 0.935109 0.000000 0.354360 0.789872 0.789872 0.789872
3298.696289 0.000000 2648.968506 0.000000 0.361456 0.000000 -0.932389 0.845574 0.845574 0.845574
3320.108643 0.000000 2631.552734 0.000000 0.325661 0.000000 -0.945487 0.894041 0.894041 0.894041
3321.979004 0.000000 2625.327637 0.000000 0.996732 0.000000 0.080778 0.793540 0.793540 0.793540
3312.141846 0.000000 2648.515869 0.000000 0.240728 0.000000 -0.970592 0.908719 0.908719 0.908719
3296.193115 0.000000 2647.239990 0.000000 0.811180 0.000000 -0.584797 0.866119 0.866119 0.866119
3308.959473 0.000000 2646.629395 0.000000 0.995714 0.000000 0.092488 0.789456 0.789456 0.789456
3296.397461 0.000000 2650.033936 0.000000 0.996875 0.000000 -0.078993 0.811213 0.811213 0.811213
3299.146240 0.000000 2651.019043 0.000000 0.684917 0.000000 0.728621 0.651637 0.651637 0.651637
3385.696533 0.000000 2577.166504 0.000000 0.999988 0.000000 -0.004993 0.800309 0.800309 0.800309
3384.806152 0.000000 2584.639893 0.000000 0.711085 0.000000 0.703106 0.532134 0.532134 0.532134
3329.911133 0.000000 2632.821289 0.000000 0.960595 0.000000 -0.277952 0.806750 0.806750 0.806750
3351.883057 0.000000 2633.282959 0.000000 0.936474 0.000000 -0.350738 0.812167 0.812167 0.812167
3343.635742 0.000000 2630.915283 0.000000 0.870260 0.000000 0.492593 0.566483 0.566483 0.566483
3342.358643 0.000000 2632.428711 0.000000 0.923583 0.000000 -0.383398 0.889588 0.889588 0.889588
"}
